Ecoregion,Average_Probability,Ecoregion_clean,index,Cosine_Similarity,Rank_Correlation
Central_Deccan_Plateau_dry_deciduous_forests,0.0897965620906343,Central_Deccan_Plateau_dry_deciduous_forests,Brahmaputra_Valley_semi_evergreen_forests     ,0.9032,-0.14253571611580404
Central_Deccan_Plateau_dry_deciduous_forests,0.0897965620906343,Central_Deccan_Plateau_dry_deciduous_forests,Western_Himalayan_broadleaf_forests           ,0.8964,-0.14253571611580404
Central_Deccan_Plateau_dry_deciduous_forests,0.0897965620906343,Central_Deccan_Plateau_dry_deciduous_forests,Northeast_Himalayan_subalpine_conifer_forests ,0.8842,-0.14253571611580404
Central_Deccan_Plateau_dry_deciduous_forests,0.0897965620906343,Central_Deccan_Plateau_dry_deciduous_forests,South_Western_Ghats_montane_rain_forests      ,0.8808,-0.14253571611580404
Central_Deccan_Plateau_dry_deciduous_forests,0.0897965620906343,Central_Deccan_Plateau_dry_deciduous_forests,Narmada_Valley_dry_deciduous_forests          ,0.982,-0.14253571611580404
Central_Deccan_Plateau_dry_deciduous_forests,0.0897965620906343,Central_Deccan_Plateau_dry_deciduous_forests,Mizoram_Manipur_Kachin_rain_forests           ,0.9386,-0.14253571611580404
Central_Deccan_Plateau_dry_deciduous_forests,0.0897965620906343,Central_Deccan_Plateau_dry_deciduous_forests,Khathiar_Gir_dry_deciduous_forests            ,0.986,-0.14253571611580404
Central_Deccan_Plateau_dry_deciduous_forests,0.0897965620906343,Central_Deccan_Plateau_dry_deciduous_forests,Aravalli_west_thorn_scrub_forests             ,0.9804,-0.14253571611580404
Central_Deccan_Plateau_dry_deciduous_forests,0.0897965620906343,Central_Deccan_Plateau_dry_deciduous_forests,Maldives_Lakshadweep_Chagos_Archipelago_tropical_moist_forests,0.6443,-0.14253571611580404
Central_Deccan_Plateau_dry_deciduous_forests,0.0897965620906343,Central_Deccan_Plateau_dry_deciduous_forests,East_Deccan_moist_deciduous_forests           ,0.9907,-0.14253571611580404
Central_Deccan_Plateau_dry_deciduous_forests,0.0897965620906343,Central_Deccan_Plateau_dry_deciduous_forests,East_Deccan_dry_evergreen_forests             ,0.9519,-0.14253571611580404
Central_Deccan_Plateau_dry_deciduous_forests,0.0897965620906343,Central_Deccan_Plateau_dry_deciduous_forests,Central_Deccan_Plateau_dry_deciduous_forests  ,1.0,-0.14253571611580404
Central_Deccan_Plateau_dry_deciduous_forests,0.0897965620906343,Central_Deccan_Plateau_dry_deciduous_forests,Eastern_Himalayan_broadleaf_forests           ,0.9296,-0.14253571611580404
Central_Deccan_Plateau_dry_deciduous_forests,0.0897965620906343,Central_Deccan_Plateau_dry_deciduous_forests,Central_Tibetan_Plateau_alpine_steppe         ,0.8191,-0.14253571611580404
Central_Deccan_Plateau_dry_deciduous_forests,0.0897965620906343,Central_Deccan_Plateau_dry_deciduous_forests,Terai_Duar_savanna_and_grasslands             ,0.9428,-0.14253571611580404
Central_Deccan_Plateau_dry_deciduous_forests,0.0897965620906343,Central_Deccan_Plateau_dry_deciduous_forests,Nicobar_Islands_rain_forests                  ,0.6674,-0.14253571611580404
Central_Deccan_Plateau_dry_deciduous_forests,0.0897965620906343,Central_Deccan_Plateau_dry_deciduous_forests,Eastern_Himalayan_alpine_shrub_and_meadows    ,0.9129,-0.14253571611580404
Central_Deccan_Plateau_dry_deciduous_forests,0.0897965620906343,Central_Deccan_Plateau_dry_deciduous_forests,North_Western_Ghats_montane_rain_forests      ,0.9254,-0.14253571611580404
Central_Deccan_Plateau_dry_deciduous_forests,0.0897965620906343,Central_Deccan_Plateau_dry_deciduous_forests,Chhota_Nagpur_dry_deciduous_forests           ,0.987,-0.14253571611580404
Central_Deccan_Plateau_dry_deciduous_forests,0.0897965620906343,Central_Deccan_Plateau_dry_deciduous_forests,Rann_of_Kutch_seasonal_salt_marsh             ,0.9752,-0.14253571611580404
Central_Deccan_Plateau_dry_deciduous_forests,0.0897965620906343,Central_Deccan_Plateau_dry_deciduous_forests,Northwestern_Himalayan_alpine_shrub_and_meadows,0.8091,-0.14253571611580404
Central_Deccan_Plateau_dry_deciduous_forests,0.0897965620906343,Central_Deccan_Plateau_dry_deciduous_forests,Upper_Gangetic_Plains_moist_deciduous_forests ,0.98,-0.14253571611580404
Central_Deccan_Plateau_dry_deciduous_forests,0.0897965620906343,Central_Deccan_Plateau_dry_deciduous_forests,North_Deccan_dry_deciduous_forests            ,0.976,-0.14253571611580404
Central_Deccan_Plateau_dry_deciduous_forests,0.0897965620906343,Central_Deccan_Plateau_dry_deciduous_forests,Northeast_India_Myanmar_pine_forests          ,0.8343,-0.14253571611580404
Central_Deccan_Plateau_dry_deciduous_forests,0.0897965620906343,Central_Deccan_Plateau_dry_deciduous_forests,Sundarbans_mangroves                          ,0.9317,-0.14253571611580404
Central_Deccan_Plateau_dry_deciduous_forests,0.0897965620906343,Central_Deccan_Plateau_dry_deciduous_forests,Karakoram_West_Tibetan_Plateau_alpine_steppe  ,0.8239,-0.14253571611580404
Central_Deccan_Plateau_dry_deciduous_forests,0.0897965620906343,Central_Deccan_Plateau_dry_deciduous_forests,Baluchistan_xeric_woodlands                   ,0.9547,-0.14253571611580404
Central_Deccan_Plateau_dry_deciduous_forests,0.0897965620906343,Central_Deccan_Plateau_dry_deciduous_forests,Indus_River_Delta_Arabian_Sea_mangroves       ,0.9659,-0.14253571611580404
Central_Deccan_Plateau_dry_deciduous_forests,0.0897965620906343,Central_Deccan_Plateau_dry_deciduous_forests,Meghalaya_subtropical_forests                 ,0.9463,-0.14253571611580404
Central_Deccan_Plateau_dry_deciduous_forests,0.0897965620906343,Central_Deccan_Plateau_dry_deciduous_forests,Chin_Hills_Arakan_Yoma_montane_forests        ,0.9217,-0.14253571611580404
Central_Deccan_Plateau_dry_deciduous_forests,0.0897965620906343,Central_Deccan_Plateau_dry_deciduous_forests,North_Western_Ghats_moist_deciduous_forests   ,0.9551,-0.14253571611580404
Central_Deccan_Plateau_dry_deciduous_forests,0.0897965620906343,Central_Deccan_Plateau_dry_deciduous_forests,Northern_Triangle_temperate_forests           ,0.8338,-0.14253571611580404
Central_Deccan_Plateau_dry_deciduous_forests,0.0897965620906343,Central_Deccan_Plateau_dry_deciduous_forests,Malabar_Coast_moist_forests                   ,0.8597,-0.14253571611580404
Central_Deccan_Plateau_dry_deciduous_forests,0.0897965620906343,Central_Deccan_Plateau_dry_deciduous_forests,Andaman_Islands_rain_forests                  ,0.7351,-0.14253571611580404
Central_Deccan_Plateau_dry_deciduous_forests,0.0897965620906343,Central_Deccan_Plateau_dry_deciduous_forests,Western_Himalayan_alpine_shrub_and_meadows    ,0.8279,-0.14253571611580404
Central_Deccan_Plateau_dry_deciduous_forests,0.0897965620906343,Central_Deccan_Plateau_dry_deciduous_forests,Eastern_Himalayan_subalpine_conifer_forests   ,0.9179,-0.14253571611580404
Central_Deccan_Plateau_dry_deciduous_forests,0.0897965620906343,Central_Deccan_Plateau_dry_deciduous_forests,Deccan_thorn_scrub_forests                    ,0.9825,-0.14253571611580404
Central_Deccan_Plateau_dry_deciduous_forests,0.0897965620906343,Central_Deccan_Plateau_dry_deciduous_forests,Western_Himalayan_subalpine_conifer_forests   ,0.908,-0.14253571611580404
Central_Deccan_Plateau_dry_deciduous_forests,0.0897965620906343,Central_Deccan_Plateau_dry_deciduous_forests,Lower_Gangetic_Plains_moist_deciduous_forests ,0.9668,-0.14253571611580404
Central_Deccan_Plateau_dry_deciduous_forests,0.0897965620906343,Central_Deccan_Plateau_dry_deciduous_forests,South_Western_Ghats_moist_deciduous_forests   ,0.9088,-0.14253571611580404
Central_Deccan_Plateau_dry_deciduous_forests,0.0897965620906343,Central_Deccan_Plateau_dry_deciduous_forests,Thar_desert                                   ,0.9507,-0.14253571611580404
Central_Deccan_Plateau_dry_deciduous_forests,0.0897965620906343,Central_Deccan_Plateau_dry_deciduous_forests,Godavari_Krishna_mangroves                    ,0.9576,-0.14253571611580404
Central_Deccan_Plateau_dry_deciduous_forests,0.0897965620906343,Central_Deccan_Plateau_dry_deciduous_forests,North_Tibetan_Plateau_Kunlun_Mountains_alpine_desert,0.8398,-0.14253571611580404
Central_Deccan_Plateau_dry_deciduous_forests,0.0897965620906343,Central_Deccan_Plateau_dry_deciduous_forests,Himalayan_subtropical_broadleaf_forests       ,0.94,-0.14253571611580404
Central_Deccan_Plateau_dry_deciduous_forests,0.0897965620906343,Central_Deccan_Plateau_dry_deciduous_forests,South_Deccan_Plateau_dry_deciduous_forests    ,0.9725,-0.14253571611580404
Central_Deccan_Plateau_dry_deciduous_forests,0.0897965620906343,Central_Deccan_Plateau_dry_deciduous_forests,Orissa_semi_evergreen_forests                 ,0.9635,-0.14253571611580404
Central_Deccan_Plateau_dry_deciduous_forests,0.0897965620906343,Central_Deccan_Plateau_dry_deciduous_forests,Sundarbans_freshwater_swamp_forests           ,0.9576,-0.14253571611580404
Central_Deccan_Plateau_dry_deciduous_forests,0.0897965620906343,Central_Deccan_Plateau_dry_deciduous_forests,Himalayan_subtropical_pine_forests            ,0.9322,-0.14253571611580404
Eastern_Himalayan_alpine_shrub_and_meadows,0.4906615932889103,Eastern_Himalayan_alpine_shrub_and_meadows,Brahmaputra_Valley_semi_evergreen_forests     ,0.8767,-0.14253571611580404
Eastern_Himalayan_alpine_shrub_and_meadows,0.4906615932889103,Eastern_Himalayan_alpine_shrub_and_meadows,Western_Himalayan_broadleaf_forests           ,0.9176,-0.14253571611580404
Eastern_Himalayan_alpine_shrub_and_meadows,0.4906615932889103,Eastern_Himalayan_alpine_shrub_and_meadows,Northeast_Himalayan_subalpine_conifer_forests ,0.9867,-0.14253571611580404
Eastern_Himalayan_alpine_shrub_and_meadows,0.4906615932889103,Eastern_Himalayan_alpine_shrub_and_meadows,South_Western_Ghats_montane_rain_forests      ,0.8313,-0.14253571611580404
Eastern_Himalayan_alpine_shrub_and_meadows,0.4906615932889103,Eastern_Himalayan_alpine_shrub_and_meadows,Narmada_Valley_dry_deciduous_forests          ,0.9157,-0.14253571611580404
Eastern_Himalayan_alpine_shrub_and_meadows,0.4906615932889103,Eastern_Himalayan_alpine_shrub_and_meadows,Mizoram_Manipur_Kachin_rain_forests           ,0.9072,-0.14253571611580404
Eastern_Himalayan_alpine_shrub_and_meadows,0.4906615932889103,Eastern_Himalayan_alpine_shrub_and_meadows,Khathiar_Gir_dry_deciduous_forests            ,0.9135,-0.14253571611580404
Eastern_Himalayan_alpine_shrub_and_meadows,0.4906615932889103,Eastern_Himalayan_alpine_shrub_and_meadows,Aravalli_west_thorn_scrub_forests             ,0.8924,-0.14253571611580404
Eastern_Himalayan_alpine_shrub_and_meadows,0.4906615932889103,Eastern_Himalayan_alpine_shrub_and_meadows,Maldives_Lakshadweep_Chagos_Archipelago_tropical_moist_forests,0.5083,-0.14253571611580404
Eastern_Himalayan_alpine_shrub_and_meadows,0.4906615932889103,Eastern_Himalayan_alpine_shrub_and_meadows,East_Deccan_moist_deciduous_forests           ,0.916,-0.14253571611580404
Eastern_Himalayan_alpine_shrub_and_meadows,0.4906615932889103,Eastern_Himalayan_alpine_shrub_and_meadows,East_Deccan_dry_evergreen_forests             ,0.8302,-0.14253571611580404
Eastern_Himalayan_alpine_shrub_and_meadows,0.4906615932889103,Eastern_Himalayan_alpine_shrub_and_meadows,Central_Deccan_Plateau_dry_deciduous_forests  ,0.9129,-0.14253571611580404
Eastern_Himalayan_alpine_shrub_and_meadows,0.4906615932889103,Eastern_Himalayan_alpine_shrub_and_meadows,Eastern_Himalayan_broadleaf_forests           ,0.9246,-0.14253571611580404
Eastern_Himalayan_alpine_shrub_and_meadows,0.4906615932889103,Eastern_Himalayan_alpine_shrub_and_meadows,Central_Tibetan_Plateau_alpine_steppe         ,0.9658,-0.14253571611580404
Eastern_Himalayan_alpine_shrub_and_meadows,0.4906615932889103,Eastern_Himalayan_alpine_shrub_and_meadows,Terai_Duar_savanna_and_grasslands             ,0.8784,-0.14253571611580404
Eastern_Himalayan_alpine_shrub_and_meadows,0.4906615932889103,Eastern_Himalayan_alpine_shrub_and_meadows,Nicobar_Islands_rain_forests                  ,0.5232,-0.14253571611580404
Eastern_Himalayan_alpine_shrub_and_meadows,0.4906615932889103,Eastern_Himalayan_alpine_shrub_and_meadows,Eastern_Himalayan_alpine_shrub_and_meadows    ,1.0,-0.14253571611580404
Eastern_Himalayan_alpine_shrub_and_meadows,0.4906615932889103,Eastern_Himalayan_alpine_shrub_and_meadows,North_Western_Ghats_montane_rain_forests      ,0.8761,-0.14253571611580404
Eastern_Himalayan_alpine_shrub_and_meadows,0.4906615932889103,Eastern_Himalayan_alpine_shrub_and_meadows,Chhota_Nagpur_dry_deciduous_forests           ,0.9209,-0.14253571611580404
Eastern_Himalayan_alpine_shrub_and_meadows,0.4906615932889103,Eastern_Himalayan_alpine_shrub_and_meadows,Rann_of_Kutch_seasonal_salt_marsh             ,0.8768,-0.14253571611580404
Eastern_Himalayan_alpine_shrub_and_meadows,0.4906615932889103,Eastern_Himalayan_alpine_shrub_and_meadows,Northwestern_Himalayan_alpine_shrub_and_meadows,0.9273,-0.14253571611580404
Eastern_Himalayan_alpine_shrub_and_meadows,0.4906615932889103,Eastern_Himalayan_alpine_shrub_and_meadows,Upper_Gangetic_Plains_moist_deciduous_forests ,0.8927,-0.14253571611580404
Eastern_Himalayan_alpine_shrub_and_meadows,0.4906615932889103,Eastern_Himalayan_alpine_shrub_and_meadows,North_Deccan_dry_deciduous_forests            ,0.9076,-0.14253571611580404
Eastern_Himalayan_alpine_shrub_and_meadows,0.4906615932889103,Eastern_Himalayan_alpine_shrub_and_meadows,Northeast_India_Myanmar_pine_forests          ,0.9126,-0.14253571611580404
Eastern_Himalayan_alpine_shrub_and_meadows,0.4906615932889103,Eastern_Himalayan_alpine_shrub_and_meadows,Sundarbans_mangroves                          ,0.8745,-0.14253571611580404
Eastern_Himalayan_alpine_shrub_and_meadows,0.4906615932889103,Eastern_Himalayan_alpine_shrub_and_meadows,Karakoram_West_Tibetan_Plateau_alpine_steppe  ,0.9627,-0.14253571611580404
Eastern_Himalayan_alpine_shrub_and_meadows,0.4906615932889103,Eastern_Himalayan_alpine_shrub_and_meadows,Baluchistan_xeric_woodlands                   ,0.9727,-0.14253571611580404
Eastern_Himalayan_alpine_shrub_and_meadows,0.4906615932889103,Eastern_Himalayan_alpine_shrub_and_meadows,Indus_River_Delta_Arabian_Sea_mangroves       ,0.8407,-0.14253571611580404
Eastern_Himalayan_alpine_shrub_and_meadows,0.4906615932889103,Eastern_Himalayan_alpine_shrub_and_meadows,Meghalaya_subtropical_forests                 ,0.9273,-0.14253571611580404
Eastern_Himalayan_alpine_shrub_and_meadows,0.4906615932889103,Eastern_Himalayan_alpine_shrub_and_meadows,Chin_Hills_Arakan_Yoma_montane_forests        ,0.9294,-0.14253571611580404
Eastern_Himalayan_alpine_shrub_and_meadows,0.4906615932889103,Eastern_Himalayan_alpine_shrub_and_meadows,North_Western_Ghats_moist_deciduous_forests   ,0.8756,-0.14253571611580404
Eastern_Himalayan_alpine_shrub_and_meadows,0.4906615932889103,Eastern_Himalayan_alpine_shrub_and_meadows,Northern_Triangle_temperate_forests           ,0.9217,-0.14253571611580404
Eastern_Himalayan_alpine_shrub_and_meadows,0.4906615932889103,Eastern_Himalayan_alpine_shrub_and_meadows,Malabar_Coast_moist_forests                   ,0.7378,-0.14253571611580404
Eastern_Himalayan_alpine_shrub_and_meadows,0.4906615932889103,Eastern_Himalayan_alpine_shrub_and_meadows,Andaman_Islands_rain_forests                  ,0.604,-0.14253571611580404
Eastern_Himalayan_alpine_shrub_and_meadows,0.4906615932889103,Eastern_Himalayan_alpine_shrub_and_meadows,Western_Himalayan_alpine_shrub_and_meadows    ,0.9615,-0.14253571611580404
Eastern_Himalayan_alpine_shrub_and_meadows,0.4906615932889103,Eastern_Himalayan_alpine_shrub_and_meadows,Eastern_Himalayan_subalpine_conifer_forests   ,0.9802,-0.14253571611580404
Eastern_Himalayan_alpine_shrub_and_meadows,0.4906615932889103,Eastern_Himalayan_alpine_shrub_and_meadows,Deccan_thorn_scrub_forests                    ,0.8738,-0.14253571611580404
Eastern_Himalayan_alpine_shrub_and_meadows,0.4906615932889103,Eastern_Himalayan_alpine_shrub_and_meadows,Western_Himalayan_subalpine_conifer_forests   ,0.9363,-0.14253571611580404
Eastern_Himalayan_alpine_shrub_and_meadows,0.4906615932889103,Eastern_Himalayan_alpine_shrub_and_meadows,Lower_Gangetic_Plains_moist_deciduous_forests ,0.8805,-0.14253571611580404
Eastern_Himalayan_alpine_shrub_and_meadows,0.4906615932889103,Eastern_Himalayan_alpine_shrub_and_meadows,South_Western_Ghats_moist_deciduous_forests   ,0.8286,-0.14253571611580404
Eastern_Himalayan_alpine_shrub_and_meadows,0.4906615932889103,Eastern_Himalayan_alpine_shrub_and_meadows,Thar_desert                                   ,0.8597,-0.14253571611580404
Eastern_Himalayan_alpine_shrub_and_meadows,0.4906615932889103,Eastern_Himalayan_alpine_shrub_and_meadows,Godavari_Krishna_mangroves                    ,0.8437,-0.14253571611580404
Eastern_Himalayan_alpine_shrub_and_meadows,0.4906615932889103,Eastern_Himalayan_alpine_shrub_and_meadows,North_Tibetan_Plateau_Kunlun_Mountains_alpine_desert,0.972,-0.14253571611580404
Eastern_Himalayan_alpine_shrub_and_meadows,0.4906615932889103,Eastern_Himalayan_alpine_shrub_and_meadows,Himalayan_subtropical_broadleaf_forests       ,0.9285,-0.14253571611580404
Eastern_Himalayan_alpine_shrub_and_meadows,0.4906615932889103,Eastern_Himalayan_alpine_shrub_and_meadows,South_Deccan_Plateau_dry_deciduous_forests    ,0.8994,-0.14253571611580404
Eastern_Himalayan_alpine_shrub_and_meadows,0.4906615932889103,Eastern_Himalayan_alpine_shrub_and_meadows,Orissa_semi_evergreen_forests                 ,0.8607,-0.14253571611580404
Eastern_Himalayan_alpine_shrub_and_meadows,0.4906615932889103,Eastern_Himalayan_alpine_shrub_and_meadows,Sundarbans_freshwater_swamp_forests           ,0.8816,-0.14253571611580404
Eastern_Himalayan_alpine_shrub_and_meadows,0.4906615932889103,Eastern_Himalayan_alpine_shrub_and_meadows,Himalayan_subtropical_pine_forests            ,0.8936,-0.14253571611580404
Deccan_thorn_scrub_forests,0.1353653476711673,Deccan_thorn_scrub_forests,Brahmaputra_Valley_semi_evergreen_forests     ,0.866,-0.14253571611580404
Deccan_thorn_scrub_forests,0.1353653476711673,Deccan_thorn_scrub_forests,Western_Himalayan_broadleaf_forests           ,0.9043,-0.14253571611580404
Deccan_thorn_scrub_forests,0.1353653476711673,Deccan_thorn_scrub_forests,Northeast_Himalayan_subalpine_conifer_forests ,0.8537,-0.14253571611580404
Deccan_thorn_scrub_forests,0.1353653476711673,Deccan_thorn_scrub_forests,South_Western_Ghats_montane_rain_forests      ,0.9198,-0.14253571611580404
Deccan_thorn_scrub_forests,0.1353653476711673,Deccan_thorn_scrub_forests,Narmada_Valley_dry_deciduous_forests          ,0.9506,-0.14253571611580404
Deccan_thorn_scrub_forests,0.1353653476711673,Deccan_thorn_scrub_forests,Mizoram_Manipur_Kachin_rain_forests           ,0.9248,-0.14253571611580404
Deccan_thorn_scrub_forests,0.1353653476711673,Deccan_thorn_scrub_forests,Khathiar_Gir_dry_deciduous_forests            ,0.9547,-0.14253571611580404
Deccan_thorn_scrub_forests,0.1353653476711673,Deccan_thorn_scrub_forests,Aravalli_west_thorn_scrub_forests             ,0.9618,-0.14253571611580404
Deccan_thorn_scrub_forests,0.1353653476711673,Deccan_thorn_scrub_forests,Maldives_Lakshadweep_Chagos_Archipelago_tropical_moist_forests,0.7119,-0.14253571611580404
Deccan_thorn_scrub_forests,0.1353653476711673,Deccan_thorn_scrub_forests,East_Deccan_moist_deciduous_forests           ,0.9763,-0.14253571611580404
Deccan_thorn_scrub_forests,0.1353653476711673,Deccan_thorn_scrub_forests,East_Deccan_dry_evergreen_forests             ,0.9733,-0.14253571611580404
Deccan_thorn_scrub_forests,0.1353653476711673,Deccan_thorn_scrub_forests,Central_Deccan_Plateau_dry_deciduous_forests  ,0.9825,-0.14253571611580404
Deccan_thorn_scrub_forests,0.1353653476711673,Deccan_thorn_scrub_forests,Eastern_Himalayan_broadleaf_forests           ,0.9262,-0.14253571611580404
Deccan_thorn_scrub_forests,0.1353653476711673,Deccan_thorn_scrub_forests,Central_Tibetan_Plateau_alpine_steppe         ,0.7791,-0.14253571611580404
Deccan_thorn_scrub_forests,0.1353653476711673,Deccan_thorn_scrub_forests,Terai_Duar_savanna_and_grasslands             ,0.9193,-0.14253571611580404
Deccan_thorn_scrub_forests,0.1353653476711673,Deccan_thorn_scrub_forests,Nicobar_Islands_rain_forests                  ,0.759,-0.14253571611580404
Deccan_thorn_scrub_forests,0.1353653476711673,Deccan_thorn_scrub_forests,Eastern_Himalayan_alpine_shrub_and_meadows    ,0.8738,-0.14253571611580404
Deccan_thorn_scrub_forests,0.1353653476711673,Deccan_thorn_scrub_forests,North_Western_Ghats_montane_rain_forests      ,0.9225,-0.14253571611580404
Deccan_thorn_scrub_forests,0.1353653476711673,Deccan_thorn_scrub_forests,Chhota_Nagpur_dry_deciduous_forests           ,0.9622,-0.14253571611580404
Deccan_thorn_scrub_forests,0.1353653476711673,Deccan_thorn_scrub_forests,Rann_of_Kutch_seasonal_salt_marsh             ,0.9452,-0.14253571611580404
Deccan_thorn_scrub_forests,0.1353653476711673,Deccan_thorn_scrub_forests,Northwestern_Himalayan_alpine_shrub_and_meadows,0.7833,-0.14253571611580404
Deccan_thorn_scrub_forests,0.1353653476711673,Deccan_thorn_scrub_forests,Upper_Gangetic_Plains_moist_deciduous_forests ,0.9626,-0.14253571611580404
Deccan_thorn_scrub_forests,0.1353653476711673,Deccan_thorn_scrub_forests,North_Deccan_dry_deciduous_forests            ,0.9436,-0.14253571611580404
Deccan_thorn_scrub_forests,0.1353653476711673,Deccan_thorn_scrub_forests,Northeast_India_Myanmar_pine_forests          ,0.8092,-0.14253571611580404
Deccan_thorn_scrub_forests,0.1353653476711673,Deccan_thorn_scrub_forests,Sundarbans_mangroves                          ,0.8844,-0.14253571611580404
Deccan_thorn_scrub_forests,0.1353653476711673,Deccan_thorn_scrub_forests,Karakoram_West_Tibetan_Plateau_alpine_steppe  ,0.7847,-0.14253571611580404
Deccan_thorn_scrub_forests,0.1353653476711673,Deccan_thorn_scrub_forests,Baluchistan_xeric_woodlands                   ,0.9275,-0.14253571611580404
Deccan_thorn_scrub_forests,0.1353653476711673,Deccan_thorn_scrub_forests,Indus_River_Delta_Arabian_Sea_mangroves       ,0.9788,-0.14253571611580404
Deccan_thorn_scrub_forests,0.1353653476711673,Deccan_thorn_scrub_forests,Meghalaya_subtropical_forests                 ,0.9201,-0.14253571611580404
Deccan_thorn_scrub_forests,0.1353653476711673,Deccan_thorn_scrub_forests,Chin_Hills_Arakan_Yoma_montane_forests        ,0.9096,-0.14253571611580404
Deccan_thorn_scrub_forests,0.1353653476711673,Deccan_thorn_scrub_forests,North_Western_Ghats_moist_deciduous_forests   ,0.9575,-0.14253571611580404
Deccan_thorn_scrub_forests,0.1353653476711673,Deccan_thorn_scrub_forests,Northern_Triangle_temperate_forests           ,0.8023,-0.14253571611580404
Deccan_thorn_scrub_forests,0.1353653476711673,Deccan_thorn_scrub_forests,Malabar_Coast_moist_forests                   ,0.9042,-0.14253571611580404
Deccan_thorn_scrub_forests,0.1353653476711673,Deccan_thorn_scrub_forests,Andaman_Islands_rain_forests                  ,0.8064,-0.14253571611580404
Deccan_thorn_scrub_forests,0.1353653476711673,Deccan_thorn_scrub_forests,Western_Himalayan_alpine_shrub_and_meadows    ,0.8066,-0.14253571611580404
Deccan_thorn_scrub_forests,0.1353653476711673,Deccan_thorn_scrub_forests,Eastern_Himalayan_subalpine_conifer_forests   ,0.8967,-0.14253571611580404
Deccan_thorn_scrub_forests,0.1353653476711673,Deccan_thorn_scrub_forests,Deccan_thorn_scrub_forests                    ,1.0,-0.14253571611580404
Deccan_thorn_scrub_forests,0.1353653476711673,Deccan_thorn_scrub_forests,Western_Himalayan_subalpine_conifer_forests   ,0.9081,-0.14253571611580404
Deccan_thorn_scrub_forests,0.1353653476711673,Deccan_thorn_scrub_forests,Lower_Gangetic_Plains_moist_deciduous_forests ,0.9517,-0.14253571611580404
Deccan_thorn_scrub_forests,0.1353653476711673,Deccan_thorn_scrub_forests,South_Western_Ghats_moist_deciduous_forests   ,0.9516,-0.14253571611580404
Deccan_thorn_scrub_forests,0.1353653476711673,Deccan_thorn_scrub_forests,Thar_desert                                   ,0.9208,-0.14253571611580404
Deccan_thorn_scrub_forests,0.1353653476711673,Deccan_thorn_scrub_forests,Godavari_Krishna_mangroves                    ,0.9624,-0.14253571611580404
Deccan_thorn_scrub_forests,0.1353653476711673,Deccan_thorn_scrub_forests,North_Tibetan_Plateau_Kunlun_Mountains_alpine_desert,0.7982,-0.14253571611580404
Deccan_thorn_scrub_forests,0.1353653476711673,Deccan_thorn_scrub_forests,Himalayan_subtropical_broadleaf_forests       ,0.9233,-0.14253571611580404
Deccan_thorn_scrub_forests,0.1353653476711673,Deccan_thorn_scrub_forests,South_Deccan_Plateau_dry_deciduous_forests    ,0.9864,-0.14253571611580404
Deccan_thorn_scrub_forests,0.1353653476711673,Deccan_thorn_scrub_forests,Orissa_semi_evergreen_forests                 ,0.9458,-0.14253571611580404
Deccan_thorn_scrub_forests,0.1353653476711673,Deccan_thorn_scrub_forests,Sundarbans_freshwater_swamp_forests           ,0.9177,-0.14253571611580404
Deccan_thorn_scrub_forests,0.1353653476711673,Deccan_thorn_scrub_forests,Himalayan_subtropical_pine_forests            ,0.9426,-0.14253571611580404
Eastern_Himalayan_subalpine_conifer_forests,0.5656480540350854,Eastern_Himalayan_subalpine_conifer_forests,Brahmaputra_Valley_semi_evergreen_forests     ,0.9173,-0.14253571611580404
Eastern_Himalayan_subalpine_conifer_forests,0.5656480540350854,Eastern_Himalayan_subalpine_conifer_forests,Western_Himalayan_broadleaf_forests           ,0.9512,-0.14253571611580404
Eastern_Himalayan_subalpine_conifer_forests,0.5656480540350854,Eastern_Himalayan_subalpine_conifer_forests,Northeast_Himalayan_subalpine_conifer_forests ,0.9888,-0.14253571611580404
Eastern_Himalayan_subalpine_conifer_forests,0.5656480540350854,Eastern_Himalayan_subalpine_conifer_forests,South_Western_Ghats_montane_rain_forests      ,0.8817,-0.14253571611580404
Eastern_Himalayan_subalpine_conifer_forests,0.5656480540350854,Eastern_Himalayan_subalpine_conifer_forests,Narmada_Valley_dry_deciduous_forests          ,0.9209,-0.14253571611580404
Eastern_Himalayan_subalpine_conifer_forests,0.5656480540350854,Eastern_Himalayan_subalpine_conifer_forests,Mizoram_Manipur_Kachin_rain_forests           ,0.9465,-0.14253571611580404
Eastern_Himalayan_subalpine_conifer_forests,0.5656480540350854,Eastern_Himalayan_subalpine_conifer_forests,Khathiar_Gir_dry_deciduous_forests            ,0.9115,-0.14253571611580404
Eastern_Himalayan_subalpine_conifer_forests,0.5656480540350854,Eastern_Himalayan_subalpine_conifer_forests,Aravalli_west_thorn_scrub_forests             ,0.9146,-0.14253571611580404
Eastern_Himalayan_subalpine_conifer_forests,0.5656480540350854,Eastern_Himalayan_subalpine_conifer_forests,Maldives_Lakshadweep_Chagos_Archipelago_tropical_moist_forests,0.5157,-0.14253571611580404
Eastern_Himalayan_subalpine_conifer_forests,0.5656480540350854,Eastern_Himalayan_subalpine_conifer_forests,East_Deccan_moist_deciduous_forests           ,0.9262,-0.14253571611580404
Eastern_Himalayan_subalpine_conifer_forests,0.5656480540350854,Eastern_Himalayan_subalpine_conifer_forests,East_Deccan_dry_evergreen_forests             ,0.8531,-0.14253571611580404
Eastern_Himalayan_subalpine_conifer_forests,0.5656480540350854,Eastern_Himalayan_subalpine_conifer_forests,Central_Deccan_Plateau_dry_deciduous_forests  ,0.9179,-0.14253571611580404
Eastern_Himalayan_subalpine_conifer_forests,0.5656480540350854,Eastern_Himalayan_subalpine_conifer_forests,Eastern_Himalayan_broadleaf_forests           ,0.9674,-0.14253571611580404
Eastern_Himalayan_subalpine_conifer_forests,0.5656480540350854,Eastern_Himalayan_subalpine_conifer_forests,Central_Tibetan_Plateau_alpine_steppe         ,0.9526,-0.14253571611580404
Eastern_Himalayan_subalpine_conifer_forests,0.5656480540350854,Eastern_Himalayan_subalpine_conifer_forests,Terai_Duar_savanna_and_grasslands             ,0.9167,-0.14253571611580404
Eastern_Himalayan_subalpine_conifer_forests,0.5656480540350854,Eastern_Himalayan_subalpine_conifer_forests,Nicobar_Islands_rain_forests                  ,0.5889,-0.14253571611580404
Eastern_Himalayan_subalpine_conifer_forests,0.5656480540350854,Eastern_Himalayan_subalpine_conifer_forests,Eastern_Himalayan_alpine_shrub_and_meadows    ,0.9802,-0.14253571611580404
Eastern_Himalayan_subalpine_conifer_forests,0.5656480540350854,Eastern_Himalayan_subalpine_conifer_forests,North_Western_Ghats_montane_rain_forests      ,0.9046,-0.14253571611580404
Eastern_Himalayan_subalpine_conifer_forests,0.5656480540350854,Eastern_Himalayan_subalpine_conifer_forests,Chhota_Nagpur_dry_deciduous_forests           ,0.9279,-0.14253571611580404
Eastern_Himalayan_subalpine_conifer_forests,0.5656480540350854,Eastern_Himalayan_subalpine_conifer_forests,Rann_of_Kutch_seasonal_salt_marsh             ,0.8853,-0.14253571611580404
Eastern_Himalayan_subalpine_conifer_forests,0.5656480540350854,Eastern_Himalayan_subalpine_conifer_forests,Northwestern_Himalayan_alpine_shrub_and_meadows,0.9282,-0.14253571611580404
Eastern_Himalayan_subalpine_conifer_forests,0.5656480540350854,Eastern_Himalayan_subalpine_conifer_forests,Upper_Gangetic_Plains_moist_deciduous_forests ,0.9091,-0.14253571611580404
Eastern_Himalayan_subalpine_conifer_forests,0.5656480540350854,Eastern_Himalayan_subalpine_conifer_forests,North_Deccan_dry_deciduous_forests            ,0.9186,-0.14253571611580404
Eastern_Himalayan_subalpine_conifer_forests,0.5656480540350854,Eastern_Himalayan_subalpine_conifer_forests,Northeast_India_Myanmar_pine_forests          ,0.9625,-0.14253571611580404
Eastern_Himalayan_subalpine_conifer_forests,0.5656480540350854,Eastern_Himalayan_subalpine_conifer_forests,Sundarbans_mangroves                          ,0.8893,-0.14253571611580404
Eastern_Himalayan_subalpine_conifer_forests,0.5656480540350854,Eastern_Himalayan_subalpine_conifer_forests,Karakoram_West_Tibetan_Plateau_alpine_steppe  ,0.9428,-0.14253571611580404
Eastern_Himalayan_subalpine_conifer_forests,0.5656480540350854,Eastern_Himalayan_subalpine_conifer_forests,Baluchistan_xeric_woodlands                   ,0.9605,-0.14253571611580404
Eastern_Himalayan_subalpine_conifer_forests,0.5656480540350854,Eastern_Himalayan_subalpine_conifer_forests,Indus_River_Delta_Arabian_Sea_mangroves       ,0.8749,-0.14253571611580404
Eastern_Himalayan_subalpine_conifer_forests,0.5656480540350854,Eastern_Himalayan_subalpine_conifer_forests,Meghalaya_subtropical_forests                 ,0.9605,-0.14253571611580404
Eastern_Himalayan_subalpine_conifer_forests,0.5656480540350854,Eastern_Himalayan_subalpine_conifer_forests,Chin_Hills_Arakan_Yoma_montane_forests        ,0.9718,-0.14253571611580404
Eastern_Himalayan_subalpine_conifer_forests,0.5656480540350854,Eastern_Himalayan_subalpine_conifer_forests,North_Western_Ghats_moist_deciduous_forests   ,0.9029,-0.14253571611580404
Eastern_Himalayan_subalpine_conifer_forests,0.5656480540350854,Eastern_Himalayan_subalpine_conifer_forests,Northern_Triangle_temperate_forests           ,0.9562,-0.14253571611580404
Eastern_Himalayan_subalpine_conifer_forests,0.5656480540350854,Eastern_Himalayan_subalpine_conifer_forests,Malabar_Coast_moist_forests                   ,0.7868,-0.14253571611580404
Eastern_Himalayan_subalpine_conifer_forests,0.5656480540350854,Eastern_Himalayan_subalpine_conifer_forests,Andaman_Islands_rain_forests                  ,0.665,-0.14253571611580404
Eastern_Himalayan_subalpine_conifer_forests,0.5656480540350854,Eastern_Himalayan_subalpine_conifer_forests,Western_Himalayan_alpine_shrub_and_meadows    ,0.9601,-0.14253571611580404
Eastern_Himalayan_subalpine_conifer_forests,0.5656480540350854,Eastern_Himalayan_subalpine_conifer_forests,Eastern_Himalayan_subalpine_conifer_forests   ,1.0,-0.14253571611580404
Eastern_Himalayan_subalpine_conifer_forests,0.5656480540350854,Eastern_Himalayan_subalpine_conifer_forests,Deccan_thorn_scrub_forests                    ,0.8967,-0.14253571611580404
Eastern_Himalayan_subalpine_conifer_forests,0.5656480540350854,Eastern_Himalayan_subalpine_conifer_forests,Western_Himalayan_subalpine_conifer_forests   ,0.9615,-0.14253571611580404
Eastern_Himalayan_subalpine_conifer_forests,0.5656480540350854,Eastern_Himalayan_subalpine_conifer_forests,Lower_Gangetic_Plains_moist_deciduous_forests ,0.9174,-0.14253571611580404
Eastern_Himalayan_subalpine_conifer_forests,0.5656480540350854,Eastern_Himalayan_subalpine_conifer_forests,South_Western_Ghats_moist_deciduous_forests   ,0.8685,-0.14253571611580404
Eastern_Himalayan_subalpine_conifer_forests,0.5656480540350854,Eastern_Himalayan_subalpine_conifer_forests,Thar_desert                                   ,0.8697,-0.14253571611580404
Eastern_Himalayan_subalpine_conifer_forests,0.5656480540350854,Eastern_Himalayan_subalpine_conifer_forests,Godavari_Krishna_mangroves                    ,0.8601,-0.14253571611580404
Eastern_Himalayan_subalpine_conifer_forests,0.5656480540350854,Eastern_Himalayan_subalpine_conifer_forests,North_Tibetan_Plateau_Kunlun_Mountains_alpine_desert,0.9503,-0.14253571611580404
Eastern_Himalayan_subalpine_conifer_forests,0.5656480540350854,Eastern_Himalayan_subalpine_conifer_forests,Himalayan_subtropical_broadleaf_forests       ,0.966,-0.14253571611580404
Eastern_Himalayan_subalpine_conifer_forests,0.5656480540350854,Eastern_Himalayan_subalpine_conifer_forests,South_Deccan_Plateau_dry_deciduous_forests    ,0.915,-0.14253571611580404
Eastern_Himalayan_subalpine_conifer_forests,0.5656480540350854,Eastern_Himalayan_subalpine_conifer_forests,Orissa_semi_evergreen_forests                 ,0.8851,-0.14253571611580404
Eastern_Himalayan_subalpine_conifer_forests,0.5656480540350854,Eastern_Himalayan_subalpine_conifer_forests,Sundarbans_freshwater_swamp_forests           ,0.9048,-0.14253571611580404
Eastern_Himalayan_subalpine_conifer_forests,0.5656480540350854,Eastern_Himalayan_subalpine_conifer_forests,Himalayan_subtropical_pine_forests            ,0.938,-0.14253571611580404
Himalayan_subtropical_broadleaf_forests,0.2626188531710584,Himalayan_subtropical_broadleaf_forests,Brahmaputra_Valley_semi_evergreen_forests     ,0.9661,-0.14253571611580404
Himalayan_subtropical_broadleaf_forests,0.2626188531710584,Himalayan_subtropical_broadleaf_forests,Western_Himalayan_broadleaf_forests           ,0.9458,-0.14253571611580404
Himalayan_subtropical_broadleaf_forests,0.2626188531710584,Himalayan_subtropical_broadleaf_forests,Northeast_Himalayan_subalpine_conifer_forests ,0.9261,-0.14253571611580404
Himalayan_subtropical_broadleaf_forests,0.2626188531710584,Himalayan_subtropical_broadleaf_forests,South_Western_Ghats_montane_rain_forests      ,0.9016,-0.14253571611580404
Himalayan_subtropical_broadleaf_forests,0.2626188531710584,Himalayan_subtropical_broadleaf_forests,Narmada_Valley_dry_deciduous_forests          ,0.9425,-0.14253571611580404
Himalayan_subtropical_broadleaf_forests,0.2626188531710584,Himalayan_subtropical_broadleaf_forests,Mizoram_Manipur_Kachin_rain_forests           ,0.9877,-0.14253571611580404
Himalayan_subtropical_broadleaf_forests,0.2626188531710584,Himalayan_subtropical_broadleaf_forests,Khathiar_Gir_dry_deciduous_forests            ,0.9409,-0.14253571611580404
Himalayan_subtropical_broadleaf_forests,0.2626188531710584,Himalayan_subtropical_broadleaf_forests,Aravalli_west_thorn_scrub_forests             ,0.9541,-0.14253571611580404
Himalayan_subtropical_broadleaf_forests,0.2626188531710584,Himalayan_subtropical_broadleaf_forests,Maldives_Lakshadweep_Chagos_Archipelago_tropical_moist_forests,0.5945,-0.14253571611580404
Himalayan_subtropical_broadleaf_forests,0.2626188531710584,Himalayan_subtropical_broadleaf_forests,East_Deccan_moist_deciduous_forests           ,0.9633,-0.14253571611580404
Himalayan_subtropical_broadleaf_forests,0.2626188531710584,Himalayan_subtropical_broadleaf_forests,East_Deccan_dry_evergreen_forests             ,0.8999,-0.14253571611580404
Himalayan_subtropical_broadleaf_forests,0.2626188531710584,Himalayan_subtropical_broadleaf_forests,Central_Deccan_Plateau_dry_deciduous_forests  ,0.94,-0.14253571611580404
Himalayan_subtropical_broadleaf_forests,0.2626188531710584,Himalayan_subtropical_broadleaf_forests,Eastern_Himalayan_broadleaf_forests           ,0.9859,-0.14253571611580404
Himalayan_subtropical_broadleaf_forests,0.2626188531710584,Himalayan_subtropical_broadleaf_forests,Central_Tibetan_Plateau_alpine_steppe         ,0.8652,-0.14253571611580404
Himalayan_subtropical_broadleaf_forests,0.2626188531710584,Himalayan_subtropical_broadleaf_forests,Terai_Duar_savanna_and_grasslands             ,0.9843,-0.14253571611580404
Himalayan_subtropical_broadleaf_forests,0.2626188531710584,Himalayan_subtropical_broadleaf_forests,Nicobar_Islands_rain_forests                  ,0.6672,-0.14253571611580404
Himalayan_subtropical_broadleaf_forests,0.2626188531710584,Himalayan_subtropical_broadleaf_forests,Eastern_Himalayan_alpine_shrub_and_meadows    ,0.9285,-0.14253571611580404
Himalayan_subtropical_broadleaf_forests,0.2626188531710584,Himalayan_subtropical_broadleaf_forests,North_Western_Ghats_montane_rain_forests      ,0.93,-0.14253571611580404
Himalayan_subtropical_broadleaf_forests,0.2626188531710584,Himalayan_subtropical_broadleaf_forests,Chhota_Nagpur_dry_deciduous_forests           ,0.9647,-0.14253571611580404
Himalayan_subtropical_broadleaf_forests,0.2626188531710584,Himalayan_subtropical_broadleaf_forests,Rann_of_Kutch_seasonal_salt_marsh             ,0.9273,-0.14253571611580404
Himalayan_subtropical_broadleaf_forests,0.2626188531710584,Himalayan_subtropical_broadleaf_forests,Northwestern_Himalayan_alpine_shrub_and_meadows,0.8577,-0.14253571611580404
Himalayan_subtropical_broadleaf_forests,0.2626188531710584,Himalayan_subtropical_broadleaf_forests,Upper_Gangetic_Plains_moist_deciduous_forests ,0.9577,-0.14253571611580404
Himalayan_subtropical_broadleaf_forests,0.2626188531710584,Himalayan_subtropical_broadleaf_forests,North_Deccan_dry_deciduous_forests            ,0.9647,-0.14253571611580404
Himalayan_subtropical_broadleaf_forests,0.2626188531710584,Himalayan_subtropical_broadleaf_forests,Northeast_India_Myanmar_pine_forests          ,0.9519,-0.14253571611580404
Himalayan_subtropical_broadleaf_forests,0.2626188531710584,Himalayan_subtropical_broadleaf_forests,Sundarbans_mangroves                          ,0.9445,-0.14253571611580404
Himalayan_subtropical_broadleaf_forests,0.2626188531710584,Himalayan_subtropical_broadleaf_forests,Karakoram_West_Tibetan_Plateau_alpine_steppe  ,0.8483,-0.14253571611580404
Himalayan_subtropical_broadleaf_forests,0.2626188531710584,Himalayan_subtropical_broadleaf_forests,Baluchistan_xeric_woodlands                   ,0.9241,-0.14253571611580404
Himalayan_subtropical_broadleaf_forests,0.2626188531710584,Himalayan_subtropical_broadleaf_forests,Indus_River_Delta_Arabian_Sea_mangroves       ,0.9148,-0.14253571611580404
Himalayan_subtropical_broadleaf_forests,0.2626188531710584,Himalayan_subtropical_broadleaf_forests,Meghalaya_subtropical_forests                 ,0.9834,-0.14253571611580404
Himalayan_subtropical_broadleaf_forests,0.2626188531710584,Himalayan_subtropical_broadleaf_forests,Chin_Hills_Arakan_Yoma_montane_forests        ,0.9824,-0.14253571611580404
Himalayan_subtropical_broadleaf_forests,0.2626188531710584,Himalayan_subtropical_broadleaf_forests,North_Western_Ghats_moist_deciduous_forests   ,0.9442,-0.14253571611580404
Himalayan_subtropical_broadleaf_forests,0.2626188531710584,Himalayan_subtropical_broadleaf_forests,Northern_Triangle_temperate_forests           ,0.935,-0.14253571611580404
Himalayan_subtropical_broadleaf_forests,0.2626188531710584,Himalayan_subtropical_broadleaf_forests,Malabar_Coast_moist_forests                   ,0.8526,-0.14253571611580404
Himalayan_subtropical_broadleaf_forests,0.2626188531710584,Himalayan_subtropical_broadleaf_forests,Andaman_Islands_rain_forests                  ,0.7549,-0.14253571611580404
Himalayan_subtropical_broadleaf_forests,0.2626188531710584,Himalayan_subtropical_broadleaf_forests,Western_Himalayan_alpine_shrub_and_meadows    ,0.8865,-0.14253571611580404
Himalayan_subtropical_broadleaf_forests,0.2626188531710584,Himalayan_subtropical_broadleaf_forests,Eastern_Himalayan_subalpine_conifer_forests   ,0.966,-0.14253571611580404
Himalayan_subtropical_broadleaf_forests,0.2626188531710584,Himalayan_subtropical_broadleaf_forests,Deccan_thorn_scrub_forests                    ,0.9233,-0.14253571611580404
Himalayan_subtropical_broadleaf_forests,0.2626188531710584,Himalayan_subtropical_broadleaf_forests,Western_Himalayan_subalpine_conifer_forests   ,0.9484,-0.14253571611580404
Himalayan_subtropical_broadleaf_forests,0.2626188531710584,Himalayan_subtropical_broadleaf_forests,Lower_Gangetic_Plains_moist_deciduous_forests ,0.974,-0.14253571611580404
Himalayan_subtropical_broadleaf_forests,0.2626188531710584,Himalayan_subtropical_broadleaf_forests,South_Western_Ghats_moist_deciduous_forests   ,0.8947,-0.14253571611580404
Himalayan_subtropical_broadleaf_forests,0.2626188531710584,Himalayan_subtropical_broadleaf_forests,Thar_desert                                   ,0.9304,-0.14253571611580404
Himalayan_subtropical_broadleaf_forests,0.2626188531710584,Himalayan_subtropical_broadleaf_forests,Godavari_Krishna_mangroves                    ,0.9156,-0.14253571611580404
Himalayan_subtropical_broadleaf_forests,0.2626188531710584,Himalayan_subtropical_broadleaf_forests,North_Tibetan_Plateau_Kunlun_Mountains_alpine_desert,0.8654,-0.14253571611580404
Himalayan_subtropical_broadleaf_forests,0.2626188531710584,Himalayan_subtropical_broadleaf_forests,Himalayan_subtropical_broadleaf_forests       ,1.0,-0.14253571611580404
Himalayan_subtropical_broadleaf_forests,0.2626188531710584,Himalayan_subtropical_broadleaf_forests,South_Deccan_Plateau_dry_deciduous_forests    ,0.9266,-0.14253571611580404
Himalayan_subtropical_broadleaf_forests,0.2626188531710584,Himalayan_subtropical_broadleaf_forests,Orissa_semi_evergreen_forests                 ,0.9512,-0.14253571611580404
Himalayan_subtropical_broadleaf_forests,0.2626188531710584,Himalayan_subtropical_broadleaf_forests,Sundarbans_freshwater_swamp_forests           ,0.9519,-0.14253571611580404
Himalayan_subtropical_broadleaf_forests,0.2626188531710584,Himalayan_subtropical_broadleaf_forests,Himalayan_subtropical_pine_forests            ,0.9735,-0.14253571611580404
Chin_Hills_Arakan_Yoma_montane_forests,0.4170420543087606,Chin_Hills_Arakan_Yoma_montane_forests,Brahmaputra_Valley_semi_evergreen_forests     ,0.9412,-0.14253571611580404
Chin_Hills_Arakan_Yoma_montane_forests,0.4170420543087606,Chin_Hills_Arakan_Yoma_montane_forests,Western_Himalayan_broadleaf_forests           ,0.9324,-0.14253571611580404
Chin_Hills_Arakan_Yoma_montane_forests,0.4170420543087606,Chin_Hills_Arakan_Yoma_montane_forests,Northeast_Himalayan_subalpine_conifer_forests ,0.9402,-0.14253571611580404
Chin_Hills_Arakan_Yoma_montane_forests,0.4170420543087606,Chin_Hills_Arakan_Yoma_montane_forests,South_Western_Ghats_montane_rain_forests      ,0.8955,-0.14253571611580404
Chin_Hills_Arakan_Yoma_montane_forests,0.4170420543087606,Chin_Hills_Arakan_Yoma_montane_forests,Narmada_Valley_dry_deciduous_forests          ,0.9239,-0.14253571611580404
Chin_Hills_Arakan_Yoma_montane_forests,0.4170420543087606,Chin_Hills_Arakan_Yoma_montane_forests,Mizoram_Manipur_Kachin_rain_forests           ,0.9787,-0.14253571611580404
Chin_Hills_Arakan_Yoma_montane_forests,0.4170420543087606,Chin_Hills_Arakan_Yoma_montane_forests,Khathiar_Gir_dry_deciduous_forests            ,0.9169,-0.14253571611580404
Chin_Hills_Arakan_Yoma_montane_forests,0.4170420543087606,Chin_Hills_Arakan_Yoma_montane_forests,Aravalli_west_thorn_scrub_forests             ,0.9316,-0.14253571611580404
Chin_Hills_Arakan_Yoma_montane_forests,0.4170420543087606,Chin_Hills_Arakan_Yoma_montane_forests,Maldives_Lakshadweep_Chagos_Archipelago_tropical_moist_forests,0.5502,-0.14253571611580404
Chin_Hills_Arakan_Yoma_montane_forests,0.4170420543087606,Chin_Hills_Arakan_Yoma_montane_forests,East_Deccan_moist_deciduous_forests           ,0.9359,-0.14253571611580404
Chin_Hills_Arakan_Yoma_montane_forests,0.4170420543087606,Chin_Hills_Arakan_Yoma_montane_forests,East_Deccan_dry_evergreen_forests             ,0.8844,-0.14253571611580404
Chin_Hills_Arakan_Yoma_montane_forests,0.4170420543087606,Chin_Hills_Arakan_Yoma_montane_forests,Central_Deccan_Plateau_dry_deciduous_forests  ,0.9217,-0.14253571611580404
Chin_Hills_Arakan_Yoma_montane_forests,0.4170420543087606,Chin_Hills_Arakan_Yoma_montane_forests,Eastern_Himalayan_broadleaf_forests           ,0.9786,-0.14253571611580404
Chin_Hills_Arakan_Yoma_montane_forests,0.4170420543087606,Chin_Hills_Arakan_Yoma_montane_forests,Central_Tibetan_Plateau_alpine_steppe         ,0.8866,-0.14253571611580404
Chin_Hills_Arakan_Yoma_montane_forests,0.4170420543087606,Chin_Hills_Arakan_Yoma_montane_forests,Terai_Duar_savanna_and_grasslands             ,0.9526,-0.14253571611580404
Chin_Hills_Arakan_Yoma_montane_forests,0.4170420543087606,Chin_Hills_Arakan_Yoma_montane_forests,Nicobar_Islands_rain_forests                  ,0.6403,-0.14253571611580404
Chin_Hills_Arakan_Yoma_montane_forests,0.4170420543087606,Chin_Hills_Arakan_Yoma_montane_forests,Eastern_Himalayan_alpine_shrub_and_meadows    ,0.9294,-0.14253571611580404
Chin_Hills_Arakan_Yoma_montane_forests,0.4170420543087606,Chin_Hills_Arakan_Yoma_montane_forests,North_Western_Ghats_montane_rain_forests      ,0.9244,-0.14253571611580404
Chin_Hills_Arakan_Yoma_montane_forests,0.4170420543087606,Chin_Hills_Arakan_Yoma_montane_forests,Chhota_Nagpur_dry_deciduous_forests           ,0.9414,-0.14253571611580404
Chin_Hills_Arakan_Yoma_montane_forests,0.4170420543087606,Chin_Hills_Arakan_Yoma_montane_forests,Rann_of_Kutch_seasonal_salt_marsh             ,0.9075,-0.14253571611580404
Chin_Hills_Arakan_Yoma_montane_forests,0.4170420543087606,Chin_Hills_Arakan_Yoma_montane_forests,Northwestern_Himalayan_alpine_shrub_and_meadows,0.8641,-0.14253571611580404
Chin_Hills_Arakan_Yoma_montane_forests,0.4170420543087606,Chin_Hills_Arakan_Yoma_montane_forests,Upper_Gangetic_Plains_moist_deciduous_forests ,0.9354,-0.14253571611580404
Chin_Hills_Arakan_Yoma_montane_forests,0.4170420543087606,Chin_Hills_Arakan_Yoma_montane_forests,North_Deccan_dry_deciduous_forests            ,0.9364,-0.14253571611580404
Chin_Hills_Arakan_Yoma_montane_forests,0.4170420543087606,Chin_Hills_Arakan_Yoma_montane_forests,Northeast_India_Myanmar_pine_forests          ,0.9645,-0.14253571611580404
Chin_Hills_Arakan_Yoma_montane_forests,0.4170420543087606,Chin_Hills_Arakan_Yoma_montane_forests,Sundarbans_mangroves                          ,0.9132,-0.14253571611580404
Chin_Hills_Arakan_Yoma_montane_forests,0.4170420543087606,Chin_Hills_Arakan_Yoma_montane_forests,Karakoram_West_Tibetan_Plateau_alpine_steppe  ,0.8692,-0.14253571611580404
Chin_Hills_Arakan_Yoma_montane_forests,0.4170420543087606,Chin_Hills_Arakan_Yoma_montane_forests,Baluchistan_xeric_woodlands                   ,0.9294,-0.14253571611580404
Chin_Hills_Arakan_Yoma_montane_forests,0.4170420543087606,Chin_Hills_Arakan_Yoma_montane_forests,Indus_River_Delta_Arabian_Sea_mangroves       ,0.9095,-0.14253571611580404
Chin_Hills_Arakan_Yoma_montane_forests,0.4170420543087606,Chin_Hills_Arakan_Yoma_montane_forests,Meghalaya_subtropical_forests                 ,0.9694,-0.14253571611580404
Chin_Hills_Arakan_Yoma_montane_forests,0.4170420543087606,Chin_Hills_Arakan_Yoma_montane_forests,Chin_Hills_Arakan_Yoma_montane_forests        ,1.0,-0.14253571611580404
Chin_Hills_Arakan_Yoma_montane_forests,0.4170420543087606,Chin_Hills_Arakan_Yoma_montane_forests,North_Western_Ghats_moist_deciduous_forests   ,0.9232,-0.14253571611580404
Chin_Hills_Arakan_Yoma_montane_forests,0.4170420543087606,Chin_Hills_Arakan_Yoma_montane_forests,Northern_Triangle_temperate_forests           ,0.9415,-0.14253571611580404
Chin_Hills_Arakan_Yoma_montane_forests,0.4170420543087606,Chin_Hills_Arakan_Yoma_montane_forests,Malabar_Coast_moist_forests                   ,0.8339,-0.14253571611580404
Chin_Hills_Arakan_Yoma_montane_forests,0.4170420543087606,Chin_Hills_Arakan_Yoma_montane_forests,Andaman_Islands_rain_forests                  ,0.731,-0.14253571611580404
Chin_Hills_Arakan_Yoma_montane_forests,0.4170420543087606,Chin_Hills_Arakan_Yoma_montane_forests,Western_Himalayan_alpine_shrub_and_meadows    ,0.8954,-0.14253571611580404
Chin_Hills_Arakan_Yoma_montane_forests,0.4170420543087606,Chin_Hills_Arakan_Yoma_montane_forests,Eastern_Himalayan_subalpine_conifer_forests   ,0.9718,-0.14253571611580404
Chin_Hills_Arakan_Yoma_montane_forests,0.4170420543087606,Chin_Hills_Arakan_Yoma_montane_forests,Deccan_thorn_scrub_forests                    ,0.9096,-0.14253571611580404
Chin_Hills_Arakan_Yoma_montane_forests,0.4170420543087606,Chin_Hills_Arakan_Yoma_montane_forests,Western_Himalayan_subalpine_conifer_forests   ,0.9373,-0.14253571611580404
Chin_Hills_Arakan_Yoma_montane_forests,0.4170420543087606,Chin_Hills_Arakan_Yoma_montane_forests,Lower_Gangetic_Plains_moist_deciduous_forests ,0.9495,-0.14253571611580404
Chin_Hills_Arakan_Yoma_montane_forests,0.4170420543087606,Chin_Hills_Arakan_Yoma_montane_forests,South_Western_Ghats_moist_deciduous_forests   ,0.8835,-0.14253571611580404
Chin_Hills_Arakan_Yoma_montane_forests,0.4170420543087606,Chin_Hills_Arakan_Yoma_montane_forests,Thar_desert                                   ,0.9008,-0.14253571611580404
Chin_Hills_Arakan_Yoma_montane_forests,0.4170420543087606,Chin_Hills_Arakan_Yoma_montane_forests,Godavari_Krishna_mangroves                    ,0.8994,-0.14253571611580404
Chin_Hills_Arakan_Yoma_montane_forests,0.4170420543087606,Chin_Hills_Arakan_Yoma_montane_forests,North_Tibetan_Plateau_Kunlun_Mountains_alpine_desert,0.8851,-0.14253571611580404
Chin_Hills_Arakan_Yoma_montane_forests,0.4170420543087606,Chin_Hills_Arakan_Yoma_montane_forests,Himalayan_subtropical_broadleaf_forests       ,0.9824,-0.14253571611580404
Chin_Hills_Arakan_Yoma_montane_forests,0.4170420543087606,Chin_Hills_Arakan_Yoma_montane_forests,South_Deccan_Plateau_dry_deciduous_forests    ,0.9147,-0.14253571611580404
Chin_Hills_Arakan_Yoma_montane_forests,0.4170420543087606,Chin_Hills_Arakan_Yoma_montane_forests,Orissa_semi_evergreen_forests                 ,0.9252,-0.14253571611580404
Chin_Hills_Arakan_Yoma_montane_forests,0.4170420543087606,Chin_Hills_Arakan_Yoma_montane_forests,Sundarbans_freshwater_swamp_forests           ,0.9251,-0.14253571611580404
Chin_Hills_Arakan_Yoma_montane_forests,0.4170420543087606,Chin_Hills_Arakan_Yoma_montane_forests,Himalayan_subtropical_pine_forests            ,0.9527,-0.14253571611580404
Baluchistan_xeric_woodlands,0.5401345711584505,Baluchistan_xeric_woodlands,Brahmaputra_Valley_semi_evergreen_forests     ,0.8859,-0.14253571611580404
Baluchistan_xeric_woodlands,0.5401345711584505,Baluchistan_xeric_woodlands,Western_Himalayan_broadleaf_forests           ,0.9269,-0.14253571611580404
Baluchistan_xeric_woodlands,0.5401345711584505,Baluchistan_xeric_woodlands,Northeast_Himalayan_subalpine_conifer_forests ,0.9516,-0.14253571611580404
Baluchistan_xeric_woodlands,0.5401345711584505,Baluchistan_xeric_woodlands,South_Western_Ghats_montane_rain_forests      ,0.866,-0.14253571611580404
Baluchistan_xeric_woodlands,0.5401345711584505,Baluchistan_xeric_woodlands,Narmada_Valley_dry_deciduous_forests          ,0.9432,-0.14253571611580404
Baluchistan_xeric_woodlands,0.5401345711584505,Baluchistan_xeric_woodlands,Mizoram_Manipur_Kachin_rain_forests           ,0.9138,-0.14253571611580404
Baluchistan_xeric_woodlands,0.5401345711584505,Baluchistan_xeric_woodlands,Khathiar_Gir_dry_deciduous_forests            ,0.9406,-0.14253571611580404
Baluchistan_xeric_woodlands,0.5401345711584505,Baluchistan_xeric_woodlands,Aravalli_west_thorn_scrub_forests             ,0.9304,-0.14253571611580404
Baluchistan_xeric_woodlands,0.5401345711584505,Baluchistan_xeric_woodlands,Maldives_Lakshadweep_Chagos_Archipelago_tropical_moist_forests,0.5591,-0.14253571611580404
Baluchistan_xeric_woodlands,0.5401345711584505,Baluchistan_xeric_woodlands,East_Deccan_moist_deciduous_forests           ,0.945,-0.14253571611580404
Baluchistan_xeric_woodlands,0.5401345711584505,Baluchistan_xeric_woodlands,East_Deccan_dry_evergreen_forests             ,0.8926,-0.14253571611580404
Baluchistan_xeric_woodlands,0.5401345711584505,Baluchistan_xeric_woodlands,Central_Deccan_Plateau_dry_deciduous_forests  ,0.9547,-0.14253571611580404
Baluchistan_xeric_woodlands,0.5401345711584505,Baluchistan_xeric_woodlands,Eastern_Himalayan_broadleaf_forests           ,0.9239,-0.14253571611580404
Baluchistan_xeric_woodlands,0.5401345711584505,Baluchistan_xeric_woodlands,Central_Tibetan_Plateau_alpine_steppe         ,0.9213,-0.14253571611580404
Baluchistan_xeric_woodlands,0.5401345711584505,Baluchistan_xeric_woodlands,Terai_Duar_savanna_and_grasslands             ,0.8909,-0.14253571611580404
Baluchistan_xeric_woodlands,0.5401345711584505,Baluchistan_xeric_woodlands,Nicobar_Islands_rain_forests                  ,0.6006,-0.14253571611580404
Baluchistan_xeric_woodlands,0.5401345711584505,Baluchistan_xeric_woodlands,Eastern_Himalayan_alpine_shrub_and_meadows    ,0.9727,-0.14253571611580404
Baluchistan_xeric_woodlands,0.5401345711584505,Baluchistan_xeric_woodlands,North_Western_Ghats_montane_rain_forests      ,0.8873,-0.14253571611580404
Baluchistan_xeric_woodlands,0.5401345711584505,Baluchistan_xeric_woodlands,Chhota_Nagpur_dry_deciduous_forests           ,0.9501,-0.14253571611580404
Baluchistan_xeric_woodlands,0.5401345711584505,Baluchistan_xeric_woodlands,Rann_of_Kutch_seasonal_salt_marsh             ,0.9199,-0.14253571611580404
Baluchistan_xeric_woodlands,0.5401345711584505,Baluchistan_xeric_woodlands,Northwestern_Himalayan_alpine_shrub_and_meadows,0.9166,-0.14253571611580404
Baluchistan_xeric_woodlands,0.5401345711584505,Baluchistan_xeric_woodlands,Upper_Gangetic_Plains_moist_deciduous_forests ,0.9233,-0.14253571611580404
Baluchistan_xeric_woodlands,0.5401345711584505,Baluchistan_xeric_woodlands,North_Deccan_dry_deciduous_forests            ,0.9321,-0.14253571611580404
Baluchistan_xeric_woodlands,0.5401345711584505,Baluchistan_xeric_woodlands,Northeast_India_Myanmar_pine_forests          ,0.8801,-0.14253571611580404
Baluchistan_xeric_woodlands,0.5401345711584505,Baluchistan_xeric_woodlands,Sundarbans_mangroves                          ,0.8946,-0.14253571611580404
Baluchistan_xeric_woodlands,0.5401345711584505,Baluchistan_xeric_woodlands,Karakoram_West_Tibetan_Plateau_alpine_steppe  ,0.9421,-0.14253571611580404
Baluchistan_xeric_woodlands,0.5401345711584505,Baluchistan_xeric_woodlands,Baluchistan_xeric_woodlands                   ,1.0,-0.14253571611580404
Baluchistan_xeric_woodlands,0.5401345711584505,Baluchistan_xeric_woodlands,Indus_River_Delta_Arabian_Sea_mangroves       ,0.9016,-0.14253571611580404
Baluchistan_xeric_woodlands,0.5401345711584505,Baluchistan_xeric_woodlands,Meghalaya_subtropical_forests                 ,0.9335,-0.14253571611580404
Baluchistan_xeric_woodlands,0.5401345711584505,Baluchistan_xeric_woodlands,Chin_Hills_Arakan_Yoma_montane_forests        ,0.9294,-0.14253571611580404
Baluchistan_xeric_woodlands,0.5401345711584505,Baluchistan_xeric_woodlands,North_Western_Ghats_moist_deciduous_forests   ,0.892,-0.14253571611580404
Baluchistan_xeric_woodlands,0.5401345711584505,Baluchistan_xeric_woodlands,Northern_Triangle_temperate_forests           ,0.8905,-0.14253571611580404
Baluchistan_xeric_woodlands,0.5401345711584505,Baluchistan_xeric_woodlands,Malabar_Coast_moist_forests                   ,0.7812,-0.14253571611580404
Baluchistan_xeric_woodlands,0.5401345711584505,Baluchistan_xeric_woodlands,Andaman_Islands_rain_forests                  ,0.6508,-0.14253571611580404
Baluchistan_xeric_woodlands,0.5401345711584505,Baluchistan_xeric_woodlands,Western_Himalayan_alpine_shrub_and_meadows    ,0.9362,-0.14253571611580404
Baluchistan_xeric_woodlands,0.5401345711584505,Baluchistan_xeric_woodlands,Eastern_Himalayan_subalpine_conifer_forests   ,0.9605,-0.14253571611580404
Baluchistan_xeric_woodlands,0.5401345711584505,Baluchistan_xeric_woodlands,Deccan_thorn_scrub_forests                    ,0.9275,-0.14253571611580404
Baluchistan_xeric_woodlands,0.5401345711584505,Baluchistan_xeric_woodlands,Western_Himalayan_subalpine_conifer_forests   ,0.9477,-0.14253571611580404
Baluchistan_xeric_woodlands,0.5401345711584505,Baluchistan_xeric_woodlands,Lower_Gangetic_Plains_moist_deciduous_forests ,0.9117,-0.14253571611580404
Baluchistan_xeric_woodlands,0.5401345711584505,Baluchistan_xeric_woodlands,South_Western_Ghats_moist_deciduous_forests   ,0.8794,-0.14253571611580404
Baluchistan_xeric_woodlands,0.5401345711584505,Baluchistan_xeric_woodlands,Thar_desert                                   ,0.8919,-0.14253571611580404
Baluchistan_xeric_woodlands,0.5401345711584505,Baluchistan_xeric_woodlands,Godavari_Krishna_mangroves                    ,0.8926,-0.14253571611580404
Baluchistan_xeric_woodlands,0.5401345711584505,Baluchistan_xeric_woodlands,North_Tibetan_Plateau_Kunlun_Mountains_alpine_desert,0.9353,-0.14253571611580404
Baluchistan_xeric_woodlands,0.5401345711584505,Baluchistan_xeric_woodlands,Himalayan_subtropical_broadleaf_forests       ,0.9241,-0.14253571611580404
Baluchistan_xeric_woodlands,0.5401345711584505,Baluchistan_xeric_woodlands,South_Deccan_Plateau_dry_deciduous_forests    ,0.9503,-0.14253571611580404
Baluchistan_xeric_woodlands,0.5401345711584505,Baluchistan_xeric_woodlands,Orissa_semi_evergreen_forests                 ,0.9055,-0.14253571611580404
Baluchistan_xeric_woodlands,0.5401345711584505,Baluchistan_xeric_woodlands,Sundarbans_freshwater_swamp_forests           ,0.918,-0.14253571611580404
Baluchistan_xeric_woodlands,0.5401345711584505,Baluchistan_xeric_woodlands,Himalayan_subtropical_pine_forests            ,0.9108,-0.14253571611580404
Eastern_Himalayan_broadleaf_forests,0.4111151078253276,Eastern_Himalayan_broadleaf_forests,Brahmaputra_Valley_semi_evergreen_forests     ,0.9562,-0.14253571611580404
Eastern_Himalayan_broadleaf_forests,0.4111151078253276,Eastern_Himalayan_broadleaf_forests,Western_Himalayan_broadleaf_forests           ,0.9672,-0.14253571611580404
Eastern_Himalayan_broadleaf_forests,0.4111151078253276,Eastern_Himalayan_broadleaf_forests,Northeast_Himalayan_subalpine_conifer_forests ,0.9219,-0.14253571611580404
Eastern_Himalayan_broadleaf_forests,0.4111151078253276,Eastern_Himalayan_broadleaf_forests,South_Western_Ghats_montane_rain_forests      ,0.9378,-0.14253571611580404
Eastern_Himalayan_broadleaf_forests,0.4111151078253276,Eastern_Himalayan_broadleaf_forests,Narmada_Valley_dry_deciduous_forests          ,0.917,-0.14253571611580404
Eastern_Himalayan_broadleaf_forests,0.4111151078253276,Eastern_Himalayan_broadleaf_forests,Mizoram_Manipur_Kachin_rain_forests           ,0.9868,-0.14253571611580404
Eastern_Himalayan_broadleaf_forests,0.4111151078253276,Eastern_Himalayan_broadleaf_forests,Khathiar_Gir_dry_deciduous_forests            ,0.9113,-0.14253571611580404
Eastern_Himalayan_broadleaf_forests,0.4111151078253276,Eastern_Himalayan_broadleaf_forests,Aravalli_west_thorn_scrub_forests             ,0.9216,-0.14253571611580404
Eastern_Himalayan_broadleaf_forests,0.4111151078253276,Eastern_Himalayan_broadleaf_forests,Maldives_Lakshadweep_Chagos_Archipelago_tropical_moist_forests,0.6548,-0.14253571611580404
Eastern_Himalayan_broadleaf_forests,0.4111151078253276,Eastern_Himalayan_broadleaf_forests,East_Deccan_moist_deciduous_forests           ,0.9455,-0.14253571611580404
Eastern_Himalayan_broadleaf_forests,0.4111151078253276,Eastern_Himalayan_broadleaf_forests,East_Deccan_dry_evergreen_forests             ,0.9068,-0.14253571611580404
Eastern_Himalayan_broadleaf_forests,0.4111151078253276,Eastern_Himalayan_broadleaf_forests,Central_Deccan_Plateau_dry_deciduous_forests  ,0.9296,-0.14253571611580404
Eastern_Himalayan_broadleaf_forests,0.4111151078253276,Eastern_Himalayan_broadleaf_forests,Eastern_Himalayan_broadleaf_forests           ,1.0,-0.14253571611580404
Eastern_Himalayan_broadleaf_forests,0.4111151078253276,Eastern_Himalayan_broadleaf_forests,Central_Tibetan_Plateau_alpine_steppe         ,0.8523,-0.14253571611580404
Eastern_Himalayan_broadleaf_forests,0.4111151078253276,Eastern_Himalayan_broadleaf_forests,Terai_Duar_savanna_and_grasslands             ,0.9551,-0.14253571611580404
Eastern_Himalayan_broadleaf_forests,0.4111151078253276,Eastern_Himalayan_broadleaf_forests,Nicobar_Islands_rain_forests                  ,0.7353,-0.14253571611580404
Eastern_Himalayan_broadleaf_forests,0.4111151078253276,Eastern_Himalayan_broadleaf_forests,Eastern_Himalayan_alpine_shrub_and_meadows    ,0.9246,-0.14253571611580404
Eastern_Himalayan_broadleaf_forests,0.4111151078253276,Eastern_Himalayan_broadleaf_forests,North_Western_Ghats_montane_rain_forests      ,0.9343,-0.14253571611580404
Eastern_Himalayan_broadleaf_forests,0.4111151078253276,Eastern_Himalayan_broadleaf_forests,Chhota_Nagpur_dry_deciduous_forests           ,0.9387,-0.14253571611580404
Eastern_Himalayan_broadleaf_forests,0.4111151078253276,Eastern_Himalayan_broadleaf_forests,Rann_of_Kutch_seasonal_salt_marsh             ,0.889,-0.14253571611580404
Eastern_Himalayan_broadleaf_forests,0.4111151078253276,Eastern_Himalayan_broadleaf_forests,Northwestern_Himalayan_alpine_shrub_and_meadows,0.872,-0.14253571611580404
Eastern_Himalayan_broadleaf_forests,0.4111151078253276,Eastern_Himalayan_broadleaf_forests,Upper_Gangetic_Plains_moist_deciduous_forests ,0.9327,-0.14253571611580404
Eastern_Himalayan_broadleaf_forests,0.4111151078253276,Eastern_Himalayan_broadleaf_forests,North_Deccan_dry_deciduous_forests            ,0.9313,-0.14253571611580404
Eastern_Himalayan_broadleaf_forests,0.4111151078253276,Eastern_Himalayan_broadleaf_forests,Northeast_India_Myanmar_pine_forests          ,0.9526,-0.14253571611580404
Eastern_Himalayan_broadleaf_forests,0.4111151078253276,Eastern_Himalayan_broadleaf_forests,Sundarbans_mangroves                          ,0.9332,-0.14253571611580404
Eastern_Himalayan_broadleaf_forests,0.4111151078253276,Eastern_Himalayan_broadleaf_forests,Karakoram_West_Tibetan_Plateau_alpine_steppe  ,0.8524,-0.14253571611580404
Eastern_Himalayan_broadleaf_forests,0.4111151078253276,Eastern_Himalayan_broadleaf_forests,Baluchistan_xeric_woodlands                   ,0.9239,-0.14253571611580404
Eastern_Himalayan_broadleaf_forests,0.4111151078253276,Eastern_Himalayan_broadleaf_forests,Indus_River_Delta_Arabian_Sea_mangroves       ,0.9003,-0.14253571611580404
Eastern_Himalayan_broadleaf_forests,0.4111151078253276,Eastern_Himalayan_broadleaf_forests,Meghalaya_subtropical_forests                 ,0.9829,-0.14253571611580404
Eastern_Himalayan_broadleaf_forests,0.4111151078253276,Eastern_Himalayan_broadleaf_forests,Chin_Hills_Arakan_Yoma_montane_forests        ,0.9786,-0.14253571611580404
Eastern_Himalayan_broadleaf_forests,0.4111151078253276,Eastern_Himalayan_broadleaf_forests,North_Western_Ghats_moist_deciduous_forests   ,0.9436,-0.14253571611580404
Eastern_Himalayan_broadleaf_forests,0.4111151078253276,Eastern_Himalayan_broadleaf_forests,Northern_Triangle_temperate_forests           ,0.9566,-0.14253571611580404
Eastern_Himalayan_broadleaf_forests,0.4111151078253276,Eastern_Himalayan_broadleaf_forests,Malabar_Coast_moist_forests                   ,0.8874,-0.14253571611580404
Eastern_Himalayan_broadleaf_forests,0.4111151078253276,Eastern_Himalayan_broadleaf_forests,Andaman_Islands_rain_forests                  ,0.8129,-0.14253571611580404
Eastern_Himalayan_broadleaf_forests,0.4111151078253276,Eastern_Himalayan_broadleaf_forests,Western_Himalayan_alpine_shrub_and_meadows    ,0.9023,-0.14253571611580404
Eastern_Himalayan_broadleaf_forests,0.4111151078253276,Eastern_Himalayan_broadleaf_forests,Eastern_Himalayan_subalpine_conifer_forests   ,0.9674,-0.14253571611580404
Eastern_Himalayan_broadleaf_forests,0.4111151078253276,Eastern_Himalayan_broadleaf_forests,Deccan_thorn_scrub_forests                    ,0.9262,-0.14253571611580404
Eastern_Himalayan_broadleaf_forests,0.4111151078253276,Eastern_Himalayan_broadleaf_forests,Western_Himalayan_subalpine_conifer_forests   ,0.964,-0.14253571611580404
Eastern_Himalayan_broadleaf_forests,0.4111151078253276,Eastern_Himalayan_broadleaf_forests,Lower_Gangetic_Plains_moist_deciduous_forests ,0.9558,-0.14253571611580404
Eastern_Himalayan_broadleaf_forests,0.4111151078253276,Eastern_Himalayan_broadleaf_forests,South_Western_Ghats_moist_deciduous_forests   ,0.9277,-0.14253571611580404
Eastern_Himalayan_broadleaf_forests,0.4111151078253276,Eastern_Himalayan_broadleaf_forests,Thar_desert                                   ,0.8776,-0.14253571611580404
Eastern_Himalayan_broadleaf_forests,0.4111151078253276,Eastern_Himalayan_broadleaf_forests,Godavari_Krishna_mangroves                    ,0.9054,-0.14253571611580404
Eastern_Himalayan_broadleaf_forests,0.4111151078253276,Eastern_Himalayan_broadleaf_forests,North_Tibetan_Plateau_Kunlun_Mountains_alpine_desert,0.851,-0.14253571611580404
Eastern_Himalayan_broadleaf_forests,0.4111151078253276,Eastern_Himalayan_broadleaf_forests,Himalayan_subtropical_broadleaf_forests       ,0.9859,-0.14253571611580404
Eastern_Himalayan_broadleaf_forests,0.4111151078253276,Eastern_Himalayan_broadleaf_forests,South_Deccan_Plateau_dry_deciduous_forests    ,0.932,-0.14253571611580404
Eastern_Himalayan_broadleaf_forests,0.4111151078253276,Eastern_Himalayan_broadleaf_forests,Orissa_semi_evergreen_forests                 ,0.9254,-0.14253571611580404
Eastern_Himalayan_broadleaf_forests,0.4111151078253276,Eastern_Himalayan_broadleaf_forests,Sundarbans_freshwater_swamp_forests           ,0.9327,-0.14253571611580404
Eastern_Himalayan_broadleaf_forests,0.4111151078253276,Eastern_Himalayan_broadleaf_forests,Himalayan_subtropical_pine_forests            ,0.9872,-0.14253571611580404
East_Deccan_dry_evergreen_forests,0.222370903289827,East_Deccan_dry_evergreen_forests,Brahmaputra_Valley_semi_evergreen_forests     ,0.8677,-0.14253571611580404
East_Deccan_dry_evergreen_forests,0.222370903289827,East_Deccan_dry_evergreen_forests,Western_Himalayan_broadleaf_forests           ,0.8881,-0.14253571611580404
East_Deccan_dry_evergreen_forests,0.222370903289827,East_Deccan_dry_evergreen_forests,Northeast_Himalayan_subalpine_conifer_forests ,0.8012,-0.14253571611580404
East_Deccan_dry_evergreen_forests,0.222370903289827,East_Deccan_dry_evergreen_forests,South_Western_Ghats_montane_rain_forests      ,0.8884,-0.14253571611580404
East_Deccan_dry_evergreen_forests,0.222370903289827,East_Deccan_dry_evergreen_forests,Narmada_Valley_dry_deciduous_forests          ,0.9167,-0.14253571611580404
East_Deccan_dry_evergreen_forests,0.222370903289827,East_Deccan_dry_evergreen_forests,Mizoram_Manipur_Kachin_rain_forests           ,0.9212,-0.14253571611580404
East_Deccan_dry_evergreen_forests,0.222370903289827,East_Deccan_dry_evergreen_forests,Khathiar_Gir_dry_deciduous_forests            ,0.9229,-0.14253571611580404
East_Deccan_dry_evergreen_forests,0.222370903289827,East_Deccan_dry_evergreen_forests,Aravalli_west_thorn_scrub_forests             ,0.9318,-0.14253571611580404
East_Deccan_dry_evergreen_forests,0.222370903289827,East_Deccan_dry_evergreen_forests,Maldives_Lakshadweep_Chagos_Archipelago_tropical_moist_forests,0.7706,-0.14253571611580404
East_Deccan_dry_evergreen_forests,0.222370903289827,East_Deccan_dry_evergreen_forests,East_Deccan_moist_deciduous_forests           ,0.9574,-0.14253571611580404
East_Deccan_dry_evergreen_forests,0.222370903289827,East_Deccan_dry_evergreen_forests,East_Deccan_dry_evergreen_forests             ,1.0,-0.14253571611580404
East_Deccan_dry_evergreen_forests,0.222370903289827,East_Deccan_dry_evergreen_forests,Central_Deccan_Plateau_dry_deciduous_forests  ,0.9519,-0.14253571611580404
East_Deccan_dry_evergreen_forests,0.222370903289827,East_Deccan_dry_evergreen_forests,Eastern_Himalayan_broadleaf_forests           ,0.9068,-0.14253571611580404
East_Deccan_dry_evergreen_forests,0.222370903289827,East_Deccan_dry_evergreen_forests,Central_Tibetan_Plateau_alpine_steppe         ,0.7129,-0.14253571611580404
East_Deccan_dry_evergreen_forests,0.222370903289827,East_Deccan_dry_evergreen_forests,Terai_Duar_savanna_and_grasslands             ,0.9047,-0.14253571611580404
East_Deccan_dry_evergreen_forests,0.222370903289827,East_Deccan_dry_evergreen_forests,Nicobar_Islands_rain_forests                  ,0.7983,-0.14253571611580404
East_Deccan_dry_evergreen_forests,0.222370903289827,East_Deccan_dry_evergreen_forests,Eastern_Himalayan_alpine_shrub_and_meadows    ,0.8302,-0.14253571611580404
East_Deccan_dry_evergreen_forests,0.222370903289827,East_Deccan_dry_evergreen_forests,North_Western_Ghats_montane_rain_forests      ,0.8689,-0.14253571611580404
East_Deccan_dry_evergreen_forests,0.222370903289827,East_Deccan_dry_evergreen_forests,Chhota_Nagpur_dry_deciduous_forests           ,0.946,-0.14253571611580404
East_Deccan_dry_evergreen_forests,0.222370903289827,East_Deccan_dry_evergreen_forests,Rann_of_Kutch_seasonal_salt_marsh             ,0.9134,-0.14253571611580404
East_Deccan_dry_evergreen_forests,0.222370903289827,East_Deccan_dry_evergreen_forests,Northwestern_Himalayan_alpine_shrub_and_meadows,0.7681,-0.14253571611580404
East_Deccan_dry_evergreen_forests,0.222370903289827,East_Deccan_dry_evergreen_forests,Upper_Gangetic_Plains_moist_deciduous_forests ,0.9521,-0.14253571611580404
East_Deccan_dry_evergreen_forests,0.222370903289827,East_Deccan_dry_evergreen_forests,North_Deccan_dry_deciduous_forests            ,0.9301,-0.14253571611580404
East_Deccan_dry_evergreen_forests,0.222370903289827,East_Deccan_dry_evergreen_forests,Northeast_India_Myanmar_pine_forests          ,0.7817,-0.14253571611580404
East_Deccan_dry_evergreen_forests,0.222370903289827,East_Deccan_dry_evergreen_forests,Sundarbans_mangroves                          ,0.8803,-0.14253571611580404
East_Deccan_dry_evergreen_forests,0.222370903289827,East_Deccan_dry_evergreen_forests,Karakoram_West_Tibetan_Plateau_alpine_steppe  ,0.7386,-0.14253571611580404
East_Deccan_dry_evergreen_forests,0.222370903289827,East_Deccan_dry_evergreen_forests,Baluchistan_xeric_woodlands                   ,0.8926,-0.14253571611580404
East_Deccan_dry_evergreen_forests,0.222370903289827,East_Deccan_dry_evergreen_forests,Indus_River_Delta_Arabian_Sea_mangroves       ,0.9408,-0.14253571611580404
East_Deccan_dry_evergreen_forests,0.222370903289827,East_Deccan_dry_evergreen_forests,Meghalaya_subtropical_forests                 ,0.905,-0.14253571611580404
East_Deccan_dry_evergreen_forests,0.222370903289827,East_Deccan_dry_evergreen_forests,Chin_Hills_Arakan_Yoma_montane_forests        ,0.8844,-0.14253571611580404
East_Deccan_dry_evergreen_forests,0.222370903289827,East_Deccan_dry_evergreen_forests,North_Western_Ghats_moist_deciduous_forests   ,0.9146,-0.14253571611580404
East_Deccan_dry_evergreen_forests,0.222370903289827,East_Deccan_dry_evergreen_forests,Northern_Triangle_temperate_forests           ,0.7796,-0.14253571611580404
East_Deccan_dry_evergreen_forests,0.222370903289827,East_Deccan_dry_evergreen_forests,Malabar_Coast_moist_forests                   ,0.8862,-0.14253571611580404
East_Deccan_dry_evergreen_forests,0.222370903289827,East_Deccan_dry_evergreen_forests,Andaman_Islands_rain_forests                  ,0.8292,-0.14253571611580404
East_Deccan_dry_evergreen_forests,0.222370903289827,East_Deccan_dry_evergreen_forests,Western_Himalayan_alpine_shrub_and_meadows    ,0.7643,-0.14253571611580404
East_Deccan_dry_evergreen_forests,0.222370903289827,East_Deccan_dry_evergreen_forests,Eastern_Himalayan_subalpine_conifer_forests   ,0.8531,-0.14253571611580404
East_Deccan_dry_evergreen_forests,0.222370903289827,East_Deccan_dry_evergreen_forests,Deccan_thorn_scrub_forests                    ,0.9733,-0.14253571611580404
East_Deccan_dry_evergreen_forests,0.222370903289827,East_Deccan_dry_evergreen_forests,Western_Himalayan_subalpine_conifer_forests   ,0.8918,-0.14253571611580404
East_Deccan_dry_evergreen_forests,0.222370903289827,East_Deccan_dry_evergreen_forests,Lower_Gangetic_Plains_moist_deciduous_forests ,0.9272,-0.14253571611580404
East_Deccan_dry_evergreen_forests,0.222370903289827,East_Deccan_dry_evergreen_forests,South_Western_Ghats_moist_deciduous_forests   ,0.9331,-0.14253571611580404
East_Deccan_dry_evergreen_forests,0.222370903289827,East_Deccan_dry_evergreen_forests,Thar_desert                                   ,0.9078,-0.14253571611580404
East_Deccan_dry_evergreen_forests,0.222370903289827,East_Deccan_dry_evergreen_forests,Godavari_Krishna_mangroves                    ,0.9886,-0.14253571611580404
East_Deccan_dry_evergreen_forests,0.222370903289827,East_Deccan_dry_evergreen_forests,North_Tibetan_Plateau_Kunlun_Mountains_alpine_desert,0.7353,-0.14253571611580404
East_Deccan_dry_evergreen_forests,0.222370903289827,East_Deccan_dry_evergreen_forests,Himalayan_subtropical_broadleaf_forests       ,0.8999,-0.14253571611580404
East_Deccan_dry_evergreen_forests,0.222370903289827,East_Deccan_dry_evergreen_forests,South_Deccan_Plateau_dry_deciduous_forests    ,0.9705,-0.14253571611580404
East_Deccan_dry_evergreen_forests,0.222370903289827,East_Deccan_dry_evergreen_forests,Orissa_semi_evergreen_forests                 ,0.9532,-0.14253571611580404
East_Deccan_dry_evergreen_forests,0.222370903289827,East_Deccan_dry_evergreen_forests,Sundarbans_freshwater_swamp_forests           ,0.8957,-0.14253571611580404
East_Deccan_dry_evergreen_forests,0.222370903289827,East_Deccan_dry_evergreen_forests,Himalayan_subtropical_pine_forests            ,0.9291,-0.14253571611580404
Godavari_Krishna_mangroves,0.2276123930210033,Godavari_Krishna_mangroves,Brahmaputra_Valley_semi_evergreen_forests     ,0.886,-0.14253571611580404
Godavari_Krishna_mangroves,0.2276123930210033,Godavari_Krishna_mangroves,Western_Himalayan_broadleaf_forests           ,0.8683,-0.14253571611580404
Godavari_Krishna_mangroves,0.2276123930210033,Godavari_Krishna_mangroves,Northeast_Himalayan_subalpine_conifer_forests ,0.8136,-0.14253571611580404
Godavari_Krishna_mangroves,0.2276123930210033,Godavari_Krishna_mangroves,South_Western_Ghats_montane_rain_forests      ,0.8514,-0.14253571611580404
Godavari_Krishna_mangroves,0.2276123930210033,Godavari_Krishna_mangroves,Narmada_Valley_dry_deciduous_forests          ,0.9315,-0.14253571611580404
Godavari_Krishna_mangroves,0.2276123930210033,Godavari_Krishna_mangroves,Mizoram_Manipur_Kachin_rain_forests           ,0.9339,-0.14253571611580404
Godavari_Krishna_mangroves,0.2276123930210033,Godavari_Krishna_mangroves,Khathiar_Gir_dry_deciduous_forests            ,0.9424,-0.14253571611580404
Godavari_Krishna_mangroves,0.2276123930210033,Godavari_Krishna_mangroves,Aravalli_west_thorn_scrub_forests             ,0.9498,-0.14253571611580404
Godavari_Krishna_mangroves,0.2276123930210033,Godavari_Krishna_mangroves,Maldives_Lakshadweep_Chagos_Archipelago_tropical_moist_forests,0.7269,-0.14253571611580404
Godavari_Krishna_mangroves,0.2276123930210033,Godavari_Krishna_mangroves,East_Deccan_moist_deciduous_forests           ,0.9694,-0.14253571611580404
Godavari_Krishna_mangroves,0.2276123930210033,Godavari_Krishna_mangroves,East_Deccan_dry_evergreen_forests             ,0.9886,-0.14253571611580404
Godavari_Krishna_mangroves,0.2276123930210033,Godavari_Krishna_mangroves,Central_Deccan_Plateau_dry_deciduous_forests  ,0.9576,-0.14253571611580404
Godavari_Krishna_mangroves,0.2276123930210033,Godavari_Krishna_mangroves,Eastern_Himalayan_broadleaf_forests           ,0.9054,-0.14253571611580404
Godavari_Krishna_mangroves,0.2276123930210033,Godavari_Krishna_mangroves,Central_Tibetan_Plateau_alpine_steppe         ,0.7297,-0.14253571611580404
Godavari_Krishna_mangroves,0.2276123930210033,Godavari_Krishna_mangroves,Terai_Duar_savanna_and_grasslands             ,0.9302,-0.14253571611580404
Godavari_Krishna_mangroves,0.2276123930210033,Godavari_Krishna_mangroves,Nicobar_Islands_rain_forests                  ,0.7321,-0.14253571611580404
Godavari_Krishna_mangroves,0.2276123930210033,Godavari_Krishna_mangroves,Eastern_Himalayan_alpine_shrub_and_meadows    ,0.8437,-0.14253571611580404
Godavari_Krishna_mangroves,0.2276123930210033,Godavari_Krishna_mangroves,North_Western_Ghats_montane_rain_forests      ,0.8694,-0.14253571611580404
Godavari_Krishna_mangroves,0.2276123930210033,Godavari_Krishna_mangroves,Chhota_Nagpur_dry_deciduous_forests           ,0.9643,-0.14253571611580404
Godavari_Krishna_mangroves,0.2276123930210033,Godavari_Krishna_mangroves,Rann_of_Kutch_seasonal_salt_marsh             ,0.9373,-0.14253571611580404
Godavari_Krishna_mangroves,0.2276123930210033,Godavari_Krishna_mangroves,Northwestern_Himalayan_alpine_shrub_and_meadows,0.7596,-0.14253571611580404
Godavari_Krishna_mangroves,0.2276123930210033,Godavari_Krishna_mangroves,Upper_Gangetic_Plains_moist_deciduous_forests ,0.9698,-0.14253571611580404
Godavari_Krishna_mangroves,0.2276123930210033,Godavari_Krishna_mangroves,North_Deccan_dry_deciduous_forests            ,0.9561,-0.14253571611580404
Godavari_Krishna_mangroves,0.2276123930210033,Godavari_Krishna_mangroves,Northeast_India_Myanmar_pine_forests          ,0.7919,-0.14253571611580404
Godavari_Krishna_mangroves,0.2276123930210033,Godavari_Krishna_mangroves,Sundarbans_mangroves                          ,0.9018,-0.14253571611580404
Godavari_Krishna_mangroves,0.2276123930210033,Godavari_Krishna_mangroves,Karakoram_West_Tibetan_Plateau_alpine_steppe  ,0.7442,-0.14253571611580404
Godavari_Krishna_mangroves,0.2276123930210033,Godavari_Krishna_mangroves,Baluchistan_xeric_woodlands                   ,0.8926,-0.14253571611580404
Godavari_Krishna_mangroves,0.2276123930210033,Godavari_Krishna_mangroves,Indus_River_Delta_Arabian_Sea_mangroves       ,0.9417,-0.14253571611580404
Godavari_Krishna_mangroves,0.2276123930210033,Godavari_Krishna_mangroves,Meghalaya_subtropical_forests                 ,0.9156,-0.14253571611580404
Godavari_Krishna_mangroves,0.2276123930210033,Godavari_Krishna_mangroves,Chin_Hills_Arakan_Yoma_montane_forests        ,0.8994,-0.14253571611580404
Godavari_Krishna_mangroves,0.2276123930210033,Godavari_Krishna_mangroves,North_Western_Ghats_moist_deciduous_forests   ,0.9182,-0.14253571611580404
Godavari_Krishna_mangroves,0.2276123930210033,Godavari_Krishna_mangroves,Northern_Triangle_temperate_forests           ,0.7799,-0.14253571611580404
Godavari_Krishna_mangroves,0.2276123930210033,Godavari_Krishna_mangroves,Malabar_Coast_moist_forests                   ,0.8602,-0.14253571611580404
Godavari_Krishna_mangroves,0.2276123930210033,Godavari_Krishna_mangroves,Andaman_Islands_rain_forests                  ,0.7882,-0.14253571611580404
Godavari_Krishna_mangroves,0.2276123930210033,Godavari_Krishna_mangroves,Western_Himalayan_alpine_shrub_and_meadows    ,0.7533,-0.14253571611580404
Godavari_Krishna_mangroves,0.2276123930210033,Godavari_Krishna_mangroves,Eastern_Himalayan_subalpine_conifer_forests   ,0.8601,-0.14253571611580404
Godavari_Krishna_mangroves,0.2276123930210033,Godavari_Krishna_mangroves,Deccan_thorn_scrub_forests                    ,0.9624,-0.14253571611580404
Godavari_Krishna_mangroves,0.2276123930210033,Godavari_Krishna_mangroves,Western_Himalayan_subalpine_conifer_forests   ,0.8784,-0.14253571611580404
Godavari_Krishna_mangroves,0.2276123930210033,Godavari_Krishna_mangroves,Lower_Gangetic_Plains_moist_deciduous_forests ,0.9429,-0.14253571611580404
Godavari_Krishna_mangroves,0.2276123930210033,Godavari_Krishna_mangroves,South_Western_Ghats_moist_deciduous_forests   ,0.8964,-0.14253571611580404
Godavari_Krishna_mangroves,0.2276123930210033,Godavari_Krishna_mangroves,Thar_desert                                   ,0.9441,-0.14253571611580404
Godavari_Krishna_mangroves,0.2276123930210033,Godavari_Krishna_mangroves,Godavari_Krishna_mangroves                    ,1.0,-0.14253571611580404
Godavari_Krishna_mangroves,0.2276123930210033,Godavari_Krishna_mangroves,North_Tibetan_Plateau_Kunlun_Mountains_alpine_desert,0.7544,-0.14253571611580404
Godavari_Krishna_mangroves,0.2276123930210033,Godavari_Krishna_mangroves,Himalayan_subtropical_broadleaf_forests       ,0.9156,-0.14253571611580404
Godavari_Krishna_mangroves,0.2276123930210033,Godavari_Krishna_mangroves,South_Deccan_Plateau_dry_deciduous_forests    ,0.956,-0.14253571611580404
Godavari_Krishna_mangroves,0.2276123930210033,Godavari_Krishna_mangroves,Orissa_semi_evergreen_forests                 ,0.9736,-0.14253571611580404
Godavari_Krishna_mangroves,0.2276123930210033,Godavari_Krishna_mangroves,Sundarbans_freshwater_swamp_forests           ,0.9124,-0.14253571611580404
Godavari_Krishna_mangroves,0.2276123930210033,Godavari_Krishna_mangroves,Himalayan_subtropical_pine_forests            ,0.916,-0.14253571611580404
Andaman_Islands_rain_forests,0.4880682795018492,Andaman_Islands_rain_forests,Brahmaputra_Valley_semi_evergreen_forests     ,0.7267,-0.14253571611580404
Andaman_Islands_rain_forests,0.4880682795018492,Andaman_Islands_rain_forests,Western_Himalayan_broadleaf_forests           ,0.7867,-0.14253571611580404
Andaman_Islands_rain_forests,0.4880682795018492,Andaman_Islands_rain_forests,Northeast_Himalayan_subalpine_conifer_forests ,0.5675,-0.14253571611580404
Andaman_Islands_rain_forests,0.4880682795018492,Andaman_Islands_rain_forests,South_Western_Ghats_montane_rain_forests      ,0.8818,-0.14253571611580404
Andaman_Islands_rain_forests,0.4880682795018492,Andaman_Islands_rain_forests,Narmada_Valley_dry_deciduous_forests          ,0.6601,-0.14253571611580404
Andaman_Islands_rain_forests,0.4880682795018492,Andaman_Islands_rain_forests,Mizoram_Manipur_Kachin_rain_forests           ,0.7987,-0.14253571611580404
Andaman_Islands_rain_forests,0.4880682795018492,Andaman_Islands_rain_forests,Khathiar_Gir_dry_deciduous_forests            ,0.6765,-0.14253571611580404
Andaman_Islands_rain_forests,0.4880682795018492,Andaman_Islands_rain_forests,Aravalli_west_thorn_scrub_forests             ,0.691,-0.14253571611580404
Andaman_Islands_rain_forests,0.4880682795018492,Andaman_Islands_rain_forests,Maldives_Lakshadweep_Chagos_Archipelago_tropical_moist_forests,0.9079,-0.14253571611580404
Andaman_Islands_rain_forests,0.4880682795018492,Andaman_Islands_rain_forests,East_Deccan_moist_deciduous_forests           ,0.7544,-0.14253571611580404
Andaman_Islands_rain_forests,0.4880682795018492,Andaman_Islands_rain_forests,East_Deccan_dry_evergreen_forests             ,0.8292,-0.14253571611580404
Andaman_Islands_rain_forests,0.4880682795018492,Andaman_Islands_rain_forests,Central_Deccan_Plateau_dry_deciduous_forests  ,0.7351,-0.14253571611580404
Andaman_Islands_rain_forests,0.4880682795018492,Andaman_Islands_rain_forests,Eastern_Himalayan_broadleaf_forests           ,0.8129,-0.14253571611580404
Andaman_Islands_rain_forests,0.4880682795018492,Andaman_Islands_rain_forests,Central_Tibetan_Plateau_alpine_steppe         ,0.4522,-0.14253571611580404
Andaman_Islands_rain_forests,0.4880682795018492,Andaman_Islands_rain_forests,Terai_Duar_savanna_and_grasslands             ,0.7504,-0.14253571611580404
Andaman_Islands_rain_forests,0.4880682795018492,Andaman_Islands_rain_forests,Nicobar_Islands_rain_forests                  ,0.9533,-0.14253571611580404
Andaman_Islands_rain_forests,0.4880682795018492,Andaman_Islands_rain_forests,Eastern_Himalayan_alpine_shrub_and_meadows    ,0.604,-0.14253571611580404
Andaman_Islands_rain_forests,0.4880682795018492,Andaman_Islands_rain_forests,North_Western_Ghats_montane_rain_forests      ,0.7728,-0.14253571611580404
Andaman_Islands_rain_forests,0.4880682795018492,Andaman_Islands_rain_forests,Chhota_Nagpur_dry_deciduous_forests           ,0.7183,-0.14253571611580404
Andaman_Islands_rain_forests,0.4880682795018492,Andaman_Islands_rain_forests,Rann_of_Kutch_seasonal_salt_marsh             ,0.6561,-0.14253571611580404
Andaman_Islands_rain_forests,0.4880682795018492,Andaman_Islands_rain_forests,Northwestern_Himalayan_alpine_shrub_and_meadows,0.5433,-0.14253571611580404
Andaman_Islands_rain_forests,0.4880682795018492,Andaman_Islands_rain_forests,Upper_Gangetic_Plains_moist_deciduous_forests ,0.7361,-0.14253571611580404
Andaman_Islands_rain_forests,0.4880682795018492,Andaman_Islands_rain_forests,North_Deccan_dry_deciduous_forests            ,0.6938,-0.14253571611580404
Andaman_Islands_rain_forests,0.4880682795018492,Andaman_Islands_rain_forests,Northeast_India_Myanmar_pine_forests          ,0.6535,-0.14253571611580404
Andaman_Islands_rain_forests,0.4880682795018492,Andaman_Islands_rain_forests,Sundarbans_mangroves                          ,0.7409,-0.14253571611580404
Andaman_Islands_rain_forests,0.4880682795018492,Andaman_Islands_rain_forests,Karakoram_West_Tibetan_Plateau_alpine_steppe  ,0.4795,-0.14253571611580404
Andaman_Islands_rain_forests,0.4880682795018492,Andaman_Islands_rain_forests,Baluchistan_xeric_woodlands                   ,0.6508,-0.14253571611580404
Andaman_Islands_rain_forests,0.4880682795018492,Andaman_Islands_rain_forests,Indus_River_Delta_Arabian_Sea_mangroves       ,0.7584,-0.14253571611580404
Andaman_Islands_rain_forests,0.4880682795018492,Andaman_Islands_rain_forests,Meghalaya_subtropical_forests                 ,0.7485,-0.14253571611580404
Andaman_Islands_rain_forests,0.4880682795018492,Andaman_Islands_rain_forests,Chin_Hills_Arakan_Yoma_montane_forests        ,0.731,-0.14253571611580404
Andaman_Islands_rain_forests,0.4880682795018492,Andaman_Islands_rain_forests,North_Western_Ghats_moist_deciduous_forests   ,0.8098,-0.14253571611580404
Andaman_Islands_rain_forests,0.4880682795018492,Andaman_Islands_rain_forests,Northern_Triangle_temperate_forests           ,0.6852,-0.14253571611580404
Andaman_Islands_rain_forests,0.4880682795018492,Andaman_Islands_rain_forests,Malabar_Coast_moist_forests                   ,0.9349,-0.14253571611580404
Andaman_Islands_rain_forests,0.4880682795018492,Andaman_Islands_rain_forests,Andaman_Islands_rain_forests                  ,1.0,-0.14253571611580404
Andaman_Islands_rain_forests,0.4880682795018492,Andaman_Islands_rain_forests,Western_Himalayan_alpine_shrub_and_meadows    ,0.5961,-0.14253571611580404
Andaman_Islands_rain_forests,0.4880682795018492,Andaman_Islands_rain_forests,Eastern_Himalayan_subalpine_conifer_forests   ,0.665,-0.14253571611580404
Andaman_Islands_rain_forests,0.4880682795018492,Andaman_Islands_rain_forests,Deccan_thorn_scrub_forests                    ,0.8064,-0.14253571611580404
Andaman_Islands_rain_forests,0.4880682795018492,Andaman_Islands_rain_forests,Western_Himalayan_subalpine_conifer_forests   ,0.7528,-0.14253571611580404
Andaman_Islands_rain_forests,0.4880682795018492,Andaman_Islands_rain_forests,Lower_Gangetic_Plains_moist_deciduous_forests ,0.7762,-0.14253571611580404
Andaman_Islands_rain_forests,0.4880682795018492,Andaman_Islands_rain_forests,South_Western_Ghats_moist_deciduous_forests   ,0.8982,-0.14253571611580404
Andaman_Islands_rain_forests,0.4880682795018492,Andaman_Islands_rain_forests,Thar_desert                                   ,0.6406,-0.14253571611580404
Andaman_Islands_rain_forests,0.4880682795018492,Andaman_Islands_rain_forests,Godavari_Krishna_mangroves                    ,0.7882,-0.14253571611580404
Andaman_Islands_rain_forests,0.4880682795018492,Andaman_Islands_rain_forests,North_Tibetan_Plateau_Kunlun_Mountains_alpine_desert,0.4618,-0.14253571611580404
Andaman_Islands_rain_forests,0.4880682795018492,Andaman_Islands_rain_forests,Himalayan_subtropical_broadleaf_forests       ,0.7549,-0.14253571611580404
Andaman_Islands_rain_forests,0.4880682795018492,Andaman_Islands_rain_forests,South_Deccan_Plateau_dry_deciduous_forests    ,0.7913,-0.14253571611580404
Andaman_Islands_rain_forests,0.4880682795018492,Andaman_Islands_rain_forests,Orissa_semi_evergreen_forests                 ,0.7492,-0.14253571611580404
Andaman_Islands_rain_forests,0.4880682795018492,Andaman_Islands_rain_forests,Sundarbans_freshwater_swamp_forests           ,0.7131,-0.14253571611580404
Andaman_Islands_rain_forests,0.4880682795018492,Andaman_Islands_rain_forests,Himalayan_subtropical_pine_forests            ,0.854,-0.14253571611580404
East_Deccan_moist_deciduous_forests,0.2885996024509188,East_Deccan_moist_deciduous_forests,Brahmaputra_Valley_semi_evergreen_forests     ,0.924,-0.14253571611580404
East_Deccan_moist_deciduous_forests,0.2885996024509188,East_Deccan_moist_deciduous_forests,Western_Himalayan_broadleaf_forests           ,0.9138,-0.14253571611580404
East_Deccan_moist_deciduous_forests,0.2885996024509188,East_Deccan_moist_deciduous_forests,Northeast_Himalayan_subalpine_conifer_forests ,0.8888,-0.14253571611580404
East_Deccan_moist_deciduous_forests,0.2885996024509188,East_Deccan_moist_deciduous_forests,South_Western_Ghats_montane_rain_forests      ,0.8861,-0.14253571611580404
East_Deccan_moist_deciduous_forests,0.2885996024509188,East_Deccan_moist_deciduous_forests,Narmada_Valley_dry_deciduous_forests          ,0.9771,-0.14253571611580404
East_Deccan_moist_deciduous_forests,0.2885996024509188,East_Deccan_moist_deciduous_forests,Mizoram_Manipur_Kachin_rain_forests           ,0.958,-0.14253571611580404
East_Deccan_moist_deciduous_forests,0.2885996024509188,East_Deccan_moist_deciduous_forests,Khathiar_Gir_dry_deciduous_forests            ,0.984,-0.14253571611580404
East_Deccan_moist_deciduous_forests,0.2885996024509188,East_Deccan_moist_deciduous_forests,Aravalli_west_thorn_scrub_forests             ,0.9871,-0.14253571611580404
East_Deccan_moist_deciduous_forests,0.2885996024509188,East_Deccan_moist_deciduous_forests,Maldives_Lakshadweep_Chagos_Archipelago_tropical_moist_forests,0.654,-0.14253571611580404
East_Deccan_moist_deciduous_forests,0.2885996024509188,East_Deccan_moist_deciduous_forests,East_Deccan_moist_deciduous_forests           ,1.0,-0.14253571611580404
East_Deccan_moist_deciduous_forests,0.2885996024509188,East_Deccan_moist_deciduous_forests,East_Deccan_dry_evergreen_forests             ,0.9574,-0.14253571611580404
East_Deccan_moist_deciduous_forests,0.2885996024509188,East_Deccan_moist_deciduous_forests,Central_Deccan_Plateau_dry_deciduous_forests  ,0.9907,-0.14253571611580404
East_Deccan_moist_deciduous_forests,0.2885996024509188,East_Deccan_moist_deciduous_forests,Eastern_Himalayan_broadleaf_forests           ,0.9455,-0.14253571611580404
East_Deccan_moist_deciduous_forests,0.2885996024509188,East_Deccan_moist_deciduous_forests,Central_Tibetan_Plateau_alpine_steppe         ,0.8219,-0.14253571611580404
East_Deccan_moist_deciduous_forests,0.2885996024509188,East_Deccan_moist_deciduous_forests,Terai_Duar_savanna_and_grasslands             ,0.9668,-0.14253571611580404
East_Deccan_moist_deciduous_forests,0.2885996024509188,East_Deccan_moist_deciduous_forests,Nicobar_Islands_rain_forests                  ,0.6843,-0.14253571611580404
East_Deccan_moist_deciduous_forests,0.2885996024509188,East_Deccan_moist_deciduous_forests,Eastern_Himalayan_alpine_shrub_and_meadows    ,0.916,-0.14253571611580404
East_Deccan_moist_deciduous_forests,0.2885996024509188,East_Deccan_moist_deciduous_forests,North_Western_Ghats_montane_rain_forests      ,0.9269,-0.14253571611580404
East_Deccan_moist_deciduous_forests,0.2885996024509188,East_Deccan_moist_deciduous_forests,Chhota_Nagpur_dry_deciduous_forests           ,0.9953,-0.14253571611580404
East_Deccan_moist_deciduous_forests,0.2885996024509188,East_Deccan_moist_deciduous_forests,Rann_of_Kutch_seasonal_salt_marsh             ,0.9728,-0.14253571611580404
East_Deccan_moist_deciduous_forests,0.2885996024509188,East_Deccan_moist_deciduous_forests,Northwestern_Himalayan_alpine_shrub_and_meadows,0.8192,-0.14253571611580404
East_Deccan_moist_deciduous_forests,0.2885996024509188,East_Deccan_moist_deciduous_forests,Upper_Gangetic_Plains_moist_deciduous_forests ,0.9878,-0.14253571611580404
East_Deccan_moist_deciduous_forests,0.2885996024509188,East_Deccan_moist_deciduous_forests,North_Deccan_dry_deciduous_forests            ,0.9896,-0.14253571611580404
East_Deccan_moist_deciduous_forests,0.2885996024509188,East_Deccan_moist_deciduous_forests,Northeast_India_Myanmar_pine_forests          ,0.8548,-0.14253571611580404
East_Deccan_moist_deciduous_forests,0.2885996024509188,East_Deccan_moist_deciduous_forests,Sundarbans_mangroves                          ,0.9384,-0.14253571611580404
East_Deccan_moist_deciduous_forests,0.2885996024509188,East_Deccan_moist_deciduous_forests,Karakoram_West_Tibetan_Plateau_alpine_steppe  ,0.8196,-0.14253571611580404
East_Deccan_moist_deciduous_forests,0.2885996024509188,East_Deccan_moist_deciduous_forests,Baluchistan_xeric_woodlands                   ,0.945,-0.14253571611580404
East_Deccan_moist_deciduous_forests,0.2885996024509188,East_Deccan_moist_deciduous_forests,Indus_River_Delta_Arabian_Sea_mangroves       ,0.9615,-0.14253571611580404
East_Deccan_moist_deciduous_forests,0.2885996024509188,East_Deccan_moist_deciduous_forests,Meghalaya_subtropical_forests                 ,0.9559,-0.14253571611580404
East_Deccan_moist_deciduous_forests,0.2885996024509188,East_Deccan_moist_deciduous_forests,Chin_Hills_Arakan_Yoma_montane_forests        ,0.9359,-0.14253571611580404
East_Deccan_moist_deciduous_forests,0.2885996024509188,East_Deccan_moist_deciduous_forests,North_Western_Ghats_moist_deciduous_forests   ,0.9605,-0.14253571611580404
East_Deccan_moist_deciduous_forests,0.2885996024509188,East_Deccan_moist_deciduous_forests,Northern_Triangle_temperate_forests           ,0.8498,-0.14253571611580404
East_Deccan_moist_deciduous_forests,0.2885996024509188,East_Deccan_moist_deciduous_forests,Malabar_Coast_moist_forests                   ,0.866,-0.14253571611580404
East_Deccan_moist_deciduous_forests,0.2885996024509188,East_Deccan_moist_deciduous_forests,Andaman_Islands_rain_forests                  ,0.7544,-0.14253571611580404
East_Deccan_moist_deciduous_forests,0.2885996024509188,East_Deccan_moist_deciduous_forests,Western_Himalayan_alpine_shrub_and_meadows    ,0.8356,-0.14253571611580404
East_Deccan_moist_deciduous_forests,0.2885996024509188,East_Deccan_moist_deciduous_forests,Eastern_Himalayan_subalpine_conifer_forests   ,0.9262,-0.14253571611580404
East_Deccan_moist_deciduous_forests,0.2885996024509188,East_Deccan_moist_deciduous_forests,Deccan_thorn_scrub_forests                    ,0.9763,-0.14253571611580404
East_Deccan_moist_deciduous_forests,0.2885996024509188,East_Deccan_moist_deciduous_forests,Western_Himalayan_subalpine_conifer_forests   ,0.9238,-0.14253571611580404
East_Deccan_moist_deciduous_forests,0.2885996024509188,East_Deccan_moist_deciduous_forests,Lower_Gangetic_Plains_moist_deciduous_forests ,0.9782,-0.14253571611580404
East_Deccan_moist_deciduous_forests,0.2885996024509188,East_Deccan_moist_deciduous_forests,South_Western_Ghats_moist_deciduous_forests   ,0.9099,-0.14253571611580404
East_Deccan_moist_deciduous_forests,0.2885996024509188,East_Deccan_moist_deciduous_forests,Thar_desert                                   ,0.9693,-0.14253571611580404
East_Deccan_moist_deciduous_forests,0.2885996024509188,East_Deccan_moist_deciduous_forests,Godavari_Krishna_mangroves                    ,0.9694,-0.14253571611580404
East_Deccan_moist_deciduous_forests,0.2885996024509188,East_Deccan_moist_deciduous_forests,North_Tibetan_Plateau_Kunlun_Mountains_alpine_desert,0.8385,-0.14253571611580404
East_Deccan_moist_deciduous_forests,0.2885996024509188,East_Deccan_moist_deciduous_forests,Himalayan_subtropical_broadleaf_forests       ,0.9633,-0.14253571611580404
East_Deccan_moist_deciduous_forests,0.2885996024509188,East_Deccan_moist_deciduous_forests,South_Deccan_Plateau_dry_deciduous_forests    ,0.9681,-0.14253571611580404
East_Deccan_moist_deciduous_forests,0.2885996024509188,East_Deccan_moist_deciduous_forests,Orissa_semi_evergreen_forests                 ,0.9787,-0.14253571611580404
East_Deccan_moist_deciduous_forests,0.2885996024509188,East_Deccan_moist_deciduous_forests,Sundarbans_freshwater_swamp_forests           ,0.958,-0.14253571611580404
East_Deccan_moist_deciduous_forests,0.2885996024509188,East_Deccan_moist_deciduous_forests,Himalayan_subtropical_pine_forests            ,0.95,-0.14253571611580404
Central_Tibetan_Plateau_alpine_steppe,0.4103501715560311,Central_Tibetan_Plateau_alpine_steppe,Brahmaputra_Valley_semi_evergreen_forests     ,0.7927,-0.14253571611580404
Central_Tibetan_Plateau_alpine_steppe,0.4103501715560311,Central_Tibetan_Plateau_alpine_steppe,Western_Himalayan_broadleaf_forests           ,0.86,-0.14253571611580404
Central_Tibetan_Plateau_alpine_steppe,0.4103501715560311,Central_Tibetan_Plateau_alpine_steppe,Northeast_Himalayan_subalpine_conifer_forests ,0.9835,-0.14253571611580404
Central_Tibetan_Plateau_alpine_steppe,0.4103501715560311,Central_Tibetan_Plateau_alpine_steppe,South_Western_Ghats_montane_rain_forests      ,0.7599,-0.14253571611580404
Central_Tibetan_Plateau_alpine_steppe,0.4103501715560311,Central_Tibetan_Plateau_alpine_steppe,Narmada_Valley_dry_deciduous_forests          ,0.8468,-0.14253571611580404
Central_Tibetan_Plateau_alpine_steppe,0.4103501715560311,Central_Tibetan_Plateau_alpine_steppe,Mizoram_Manipur_Kachin_rain_forests           ,0.8214,-0.14253571611580404
Central_Tibetan_Plateau_alpine_steppe,0.4103501715560311,Central_Tibetan_Plateau_alpine_steppe,Khathiar_Gir_dry_deciduous_forests            ,0.8343,-0.14253571611580404
Central_Tibetan_Plateau_alpine_steppe,0.4103501715560311,Central_Tibetan_Plateau_alpine_steppe,Aravalli_west_thorn_scrub_forests             ,0.8212,-0.14253571611580404
Central_Tibetan_Plateau_alpine_steppe,0.4103501715560311,Central_Tibetan_Plateau_alpine_steppe,Maldives_Lakshadweep_Chagos_Archipelago_tropical_moist_forests,0.3377,-0.14253571611580404
Central_Tibetan_Plateau_alpine_steppe,0.4103501715560311,Central_Tibetan_Plateau_alpine_steppe,East_Deccan_moist_deciduous_forests           ,0.8219,-0.14253571611580404
Central_Tibetan_Plateau_alpine_steppe,0.4103501715560311,Central_Tibetan_Plateau_alpine_steppe,East_Deccan_dry_evergreen_forests             ,0.7129,-0.14253571611580404
Central_Tibetan_Plateau_alpine_steppe,0.4103501715560311,Central_Tibetan_Plateau_alpine_steppe,Central_Deccan_Plateau_dry_deciduous_forests  ,0.8191,-0.14253571611580404
Central_Tibetan_Plateau_alpine_steppe,0.4103501715560311,Central_Tibetan_Plateau_alpine_steppe,Eastern_Himalayan_broadleaf_forests           ,0.8523,-0.14253571611580404
Central_Tibetan_Plateau_alpine_steppe,0.4103501715560311,Central_Tibetan_Plateau_alpine_steppe,Central_Tibetan_Plateau_alpine_steppe         ,1.0,-0.14253571611580404
Central_Tibetan_Plateau_alpine_steppe,0.4103501715560311,Central_Tibetan_Plateau_alpine_steppe,Terai_Duar_savanna_and_grasslands             ,0.7914,-0.14253571611580404
Central_Tibetan_Plateau_alpine_steppe,0.4103501715560311,Central_Tibetan_Plateau_alpine_steppe,Nicobar_Islands_rain_forests                  ,0.3886,-0.14253571611580404
Central_Tibetan_Plateau_alpine_steppe,0.4103501715560311,Central_Tibetan_Plateau_alpine_steppe,Eastern_Himalayan_alpine_shrub_and_meadows    ,0.9658,-0.14253571611580404
Central_Tibetan_Plateau_alpine_steppe,0.4103501715560311,Central_Tibetan_Plateau_alpine_steppe,North_Western_Ghats_montane_rain_forests      ,0.811,-0.14253571611580404
Central_Tibetan_Plateau_alpine_steppe,0.4103501715560311,Central_Tibetan_Plateau_alpine_steppe,Chhota_Nagpur_dry_deciduous_forests           ,0.8345,-0.14253571611580404
Central_Tibetan_Plateau_alpine_steppe,0.4103501715560311,Central_Tibetan_Plateau_alpine_steppe,Rann_of_Kutch_seasonal_salt_marsh             ,0.8041,-0.14253571611580404
Central_Tibetan_Plateau_alpine_steppe,0.4103501715560311,Central_Tibetan_Plateau_alpine_steppe,Northwestern_Himalayan_alpine_shrub_and_meadows,0.9199,-0.14253571611580404
Central_Tibetan_Plateau_alpine_steppe,0.4103501715560311,Central_Tibetan_Plateau_alpine_steppe,Upper_Gangetic_Plains_moist_deciduous_forests ,0.8044,-0.14253571611580404
Central_Tibetan_Plateau_alpine_steppe,0.4103501715560311,Central_Tibetan_Plateau_alpine_steppe,North_Deccan_dry_deciduous_forests            ,0.8224,-0.14253571611580404
Central_Tibetan_Plateau_alpine_steppe,0.4103501715560311,Central_Tibetan_Plateau_alpine_steppe,Northeast_India_Myanmar_pine_forests          ,0.8955,-0.14253571611580404
Central_Tibetan_Plateau_alpine_steppe,0.4103501715560311,Central_Tibetan_Plateau_alpine_steppe,Sundarbans_mangroves                          ,0.7635,-0.14253571611580404
Central_Tibetan_Plateau_alpine_steppe,0.4103501715560311,Central_Tibetan_Plateau_alpine_steppe,Karakoram_West_Tibetan_Plateau_alpine_steppe  ,0.9748,-0.14253571611580404
Central_Tibetan_Plateau_alpine_steppe,0.4103501715560311,Central_Tibetan_Plateau_alpine_steppe,Baluchistan_xeric_woodlands                   ,0.9213,-0.14253571611580404
Central_Tibetan_Plateau_alpine_steppe,0.4103501715560311,Central_Tibetan_Plateau_alpine_steppe,Indus_River_Delta_Arabian_Sea_mangroves       ,0.768,-0.14253571611580404
Central_Tibetan_Plateau_alpine_steppe,0.4103501715560311,Central_Tibetan_Plateau_alpine_steppe,Meghalaya_subtropical_forests                 ,0.8526,-0.14253571611580404
Central_Tibetan_Plateau_alpine_steppe,0.4103501715560311,Central_Tibetan_Plateau_alpine_steppe,Chin_Hills_Arakan_Yoma_montane_forests        ,0.8866,-0.14253571611580404
Central_Tibetan_Plateau_alpine_steppe,0.4103501715560311,Central_Tibetan_Plateau_alpine_steppe,North_Western_Ghats_moist_deciduous_forests   ,0.7869,-0.14253571611580404
Central_Tibetan_Plateau_alpine_steppe,0.4103501715560311,Central_Tibetan_Plateau_alpine_steppe,Northern_Triangle_temperate_forests           ,0.8819,-0.14253571611580404
Central_Tibetan_Plateau_alpine_steppe,0.4103501715560311,Central_Tibetan_Plateau_alpine_steppe,Malabar_Coast_moist_forests                   ,0.62,-0.14253571611580404
Central_Tibetan_Plateau_alpine_steppe,0.4103501715560311,Central_Tibetan_Plateau_alpine_steppe,Andaman_Islands_rain_forests                  ,0.4522,-0.14253571611580404
Central_Tibetan_Plateau_alpine_steppe,0.4103501715560311,Central_Tibetan_Plateau_alpine_steppe,Western_Himalayan_alpine_shrub_and_meadows    ,0.9569,-0.14253571611580404
Central_Tibetan_Plateau_alpine_steppe,0.4103501715560311,Central_Tibetan_Plateau_alpine_steppe,Eastern_Himalayan_subalpine_conifer_forests   ,0.9526,-0.14253571611580404
Central_Tibetan_Plateau_alpine_steppe,0.4103501715560311,Central_Tibetan_Plateau_alpine_steppe,Deccan_thorn_scrub_forests                    ,0.7791,-0.14253571611580404
Central_Tibetan_Plateau_alpine_steppe,0.4103501715560311,Central_Tibetan_Plateau_alpine_steppe,Western_Himalayan_subalpine_conifer_forests   ,0.8818,-0.14253571611580404
Central_Tibetan_Plateau_alpine_steppe,0.4103501715560311,Central_Tibetan_Plateau_alpine_steppe,Lower_Gangetic_Plains_moist_deciduous_forests ,0.7902,-0.14253571611580404
Central_Tibetan_Plateau_alpine_steppe,0.4103501715560311,Central_Tibetan_Plateau_alpine_steppe,South_Western_Ghats_moist_deciduous_forests   ,0.7376,-0.14253571611580404
Central_Tibetan_Plateau_alpine_steppe,0.4103501715560311,Central_Tibetan_Plateau_alpine_steppe,Thar_desert                                   ,0.7857,-0.14253571611580404
Central_Tibetan_Plateau_alpine_steppe,0.4103501715560311,Central_Tibetan_Plateau_alpine_steppe,Godavari_Krishna_mangroves                    ,0.7297,-0.14253571611580404
Central_Tibetan_Plateau_alpine_steppe,0.4103501715560311,Central_Tibetan_Plateau_alpine_steppe,North_Tibetan_Plateau_Kunlun_Mountains_alpine_desert,0.9965,-0.14253571611580404
Central_Tibetan_Plateau_alpine_steppe,0.4103501715560311,Central_Tibetan_Plateau_alpine_steppe,Himalayan_subtropical_broadleaf_forests       ,0.8652,-0.14253571611580404
Central_Tibetan_Plateau_alpine_steppe,0.4103501715560311,Central_Tibetan_Plateau_alpine_steppe,South_Deccan_Plateau_dry_deciduous_forests    ,0.8157,-0.14253571611580404
Central_Tibetan_Plateau_alpine_steppe,0.4103501715560311,Central_Tibetan_Plateau_alpine_steppe,Orissa_semi_evergreen_forests                 ,0.7579,-0.14253571611580404
Central_Tibetan_Plateau_alpine_steppe,0.4103501715560311,Central_Tibetan_Plateau_alpine_steppe,Sundarbans_freshwater_swamp_forests           ,0.787,-0.14253571611580404
Central_Tibetan_Plateau_alpine_steppe,0.4103501715560311,Central_Tibetan_Plateau_alpine_steppe,Himalayan_subtropical_pine_forests            ,0.8105,-0.14253571611580404
Aravalli_west_thorn_scrub_forests,0.350253375514952,Aravalli_west_thorn_scrub_forests,Brahmaputra_Valley_semi_evergreen_forests     ,0.915,-0.14253571611580404
Aravalli_west_thorn_scrub_forests,0.350253375514952,Aravalli_west_thorn_scrub_forests,Western_Himalayan_broadleaf_forests           ,0.8845,-0.14253571611580404
Aravalli_west_thorn_scrub_forests,0.350253375514952,Aravalli_west_thorn_scrub_forests,Northeast_Himalayan_subalpine_conifer_forests ,0.8796,-0.14253571611580404
Aravalli_west_thorn_scrub_forests,0.350253375514952,Aravalli_west_thorn_scrub_forests,South_Western_Ghats_montane_rain_forests      ,0.8562,-0.14253571611580404
Aravalli_west_thorn_scrub_forests,0.350253375514952,Aravalli_west_thorn_scrub_forests,Narmada_Valley_dry_deciduous_forests          ,0.9783,-0.14253571611580404
Aravalli_west_thorn_scrub_forests,0.350253375514952,Aravalli_west_thorn_scrub_forests,Mizoram_Manipur_Kachin_rain_forests           ,0.9397,-0.14253571611580404
Aravalli_west_thorn_scrub_forests,0.350253375514952,Aravalli_west_thorn_scrub_forests,Khathiar_Gir_dry_deciduous_forests            ,0.9821,-0.14253571611580404
Aravalli_west_thorn_scrub_forests,0.350253375514952,Aravalli_west_thorn_scrub_forests,Aravalli_west_thorn_scrub_forests             ,1.0,-0.14253571611580404
Aravalli_west_thorn_scrub_forests,0.350253375514952,Aravalli_west_thorn_scrub_forests,Maldives_Lakshadweep_Chagos_Archipelago_tropical_moist_forests,0.5657,-0.14253571611580404
Aravalli_west_thorn_scrub_forests,0.350253375514952,Aravalli_west_thorn_scrub_forests,East_Deccan_moist_deciduous_forests           ,0.9871,-0.14253571611580404
Aravalli_west_thorn_scrub_forests,0.350253375514952,Aravalli_west_thorn_scrub_forests,East_Deccan_dry_evergreen_forests             ,0.9318,-0.14253571611580404
Aravalli_west_thorn_scrub_forests,0.350253375514952,Aravalli_west_thorn_scrub_forests,Central_Deccan_Plateau_dry_deciduous_forests  ,0.9804,-0.14253571611580404
Aravalli_west_thorn_scrub_forests,0.350253375514952,Aravalli_west_thorn_scrub_forests,Eastern_Himalayan_broadleaf_forests           ,0.9216,-0.14253571611580404
Aravalli_west_thorn_scrub_forests,0.350253375514952,Aravalli_west_thorn_scrub_forests,Central_Tibetan_Plateau_alpine_steppe         ,0.8212,-0.14253571611580404
Aravalli_west_thorn_scrub_forests,0.350253375514952,Aravalli_west_thorn_scrub_forests,Terai_Duar_savanna_and_grasslands             ,0.9657,-0.14253571611580404
Aravalli_west_thorn_scrub_forests,0.350253375514952,Aravalli_west_thorn_scrub_forests,Nicobar_Islands_rain_forests                  ,0.626,-0.14253571611580404
Aravalli_west_thorn_scrub_forests,0.350253375514952,Aravalli_west_thorn_scrub_forests,Eastern_Himalayan_alpine_shrub_and_meadows    ,0.8924,-0.14253571611580404
Aravalli_west_thorn_scrub_forests,0.350253375514952,Aravalli_west_thorn_scrub_forests,North_Western_Ghats_montane_rain_forests      ,0.9115,-0.14253571611580404
Aravalli_west_thorn_scrub_forests,0.350253375514952,Aravalli_west_thorn_scrub_forests,Chhota_Nagpur_dry_deciduous_forests           ,0.9883,-0.14253571611580404
Aravalli_west_thorn_scrub_forests,0.350253375514952,Aravalli_west_thorn_scrub_forests,Rann_of_Kutch_seasonal_salt_marsh             ,0.987,-0.14253571611580404
Aravalli_west_thorn_scrub_forests,0.350253375514952,Aravalli_west_thorn_scrub_forests,Northwestern_Himalayan_alpine_shrub_and_meadows,0.7961,-0.14253571611580404
Aravalli_west_thorn_scrub_forests,0.350253375514952,Aravalli_west_thorn_scrub_forests,Upper_Gangetic_Plains_moist_deciduous_forests ,0.9833,-0.14253571611580404
Aravalli_west_thorn_scrub_forests,0.350253375514952,Aravalli_west_thorn_scrub_forests,North_Deccan_dry_deciduous_forests            ,0.9885,-0.14253571611580404
Aravalli_west_thorn_scrub_forests,0.350253375514952,Aravalli_west_thorn_scrub_forests,Northeast_India_Myanmar_pine_forests          ,0.8526,-0.14253571611580404
Aravalli_west_thorn_scrub_forests,0.350253375514952,Aravalli_west_thorn_scrub_forests,Sundarbans_mangroves                          ,0.9219,-0.14253571611580404
Aravalli_west_thorn_scrub_forests,0.350253375514952,Aravalli_west_thorn_scrub_forests,Karakoram_West_Tibetan_Plateau_alpine_steppe  ,0.8038,-0.14253571611580404
Aravalli_west_thorn_scrub_forests,0.350253375514952,Aravalli_west_thorn_scrub_forests,Baluchistan_xeric_woodlands                   ,0.9304,-0.14253571611580404
Aravalli_west_thorn_scrub_forests,0.350253375514952,Aravalli_west_thorn_scrub_forests,Indus_River_Delta_Arabian_Sea_mangroves       ,0.9732,-0.14253571611580404
Aravalli_west_thorn_scrub_forests,0.350253375514952,Aravalli_west_thorn_scrub_forests,Meghalaya_subtropical_forests                 ,0.9411,-0.14253571611580404
Aravalli_west_thorn_scrub_forests,0.350253375514952,Aravalli_west_thorn_scrub_forests,Chin_Hills_Arakan_Yoma_montane_forests        ,0.9316,-0.14253571611580404
Aravalli_west_thorn_scrub_forests,0.350253375514952,Aravalli_west_thorn_scrub_forests,North_Western_Ghats_moist_deciduous_forests   ,0.9414,-0.14253571611580404
Aravalli_west_thorn_scrub_forests,0.350253375514952,Aravalli_west_thorn_scrub_forests,Northern_Triangle_temperate_forests           ,0.8266,-0.14253571611580404
Aravalli_west_thorn_scrub_forests,0.350253375514952,Aravalli_west_thorn_scrub_forests,Malabar_Coast_moist_forests                   ,0.8264,-0.14253571611580404
Aravalli_west_thorn_scrub_forests,0.350253375514952,Aravalli_west_thorn_scrub_forests,Andaman_Islands_rain_forests                  ,0.691,-0.14253571611580404
Aravalli_west_thorn_scrub_forests,0.350253375514952,Aravalli_west_thorn_scrub_forests,Western_Himalayan_alpine_shrub_and_meadows    ,0.81,-0.14253571611580404
Aravalli_west_thorn_scrub_forests,0.350253375514952,Aravalli_west_thorn_scrub_forests,Eastern_Himalayan_subalpine_conifer_forests   ,0.9146,-0.14253571611580404
Aravalli_west_thorn_scrub_forests,0.350253375514952,Aravalli_west_thorn_scrub_forests,Deccan_thorn_scrub_forests                    ,0.9618,-0.14253571611580404
Aravalli_west_thorn_scrub_forests,0.350253375514952,Aravalli_west_thorn_scrub_forests,Western_Himalayan_subalpine_conifer_forests   ,0.8977,-0.14253571611580404
Aravalli_west_thorn_scrub_forests,0.350253375514952,Aravalli_west_thorn_scrub_forests,Lower_Gangetic_Plains_moist_deciduous_forests ,0.9774,-0.14253571611580404
Aravalli_west_thorn_scrub_forests,0.350253375514952,Aravalli_west_thorn_scrub_forests,South_Western_Ghats_moist_deciduous_forests   ,0.8773,-0.14253571611580404
Aravalli_west_thorn_scrub_forests,0.350253375514952,Aravalli_west_thorn_scrub_forests,Thar_desert                                   ,0.984,-0.14253571611580404
Aravalli_west_thorn_scrub_forests,0.350253375514952,Aravalli_west_thorn_scrub_forests,Godavari_Krishna_mangroves                    ,0.9498,-0.14253571611580404
Aravalli_west_thorn_scrub_forests,0.350253375514952,Aravalli_west_thorn_scrub_forests,North_Tibetan_Plateau_Kunlun_Mountains_alpine_desert,0.8358,-0.14253571611580404
Aravalli_west_thorn_scrub_forests,0.350253375514952,Aravalli_west_thorn_scrub_forests,Himalayan_subtropical_broadleaf_forests       ,0.9541,-0.14253571611580404
Aravalli_west_thorn_scrub_forests,0.350253375514952,Aravalli_west_thorn_scrub_forests,South_Deccan_Plateau_dry_deciduous_forests    ,0.9498,-0.14253571611580404
Aravalli_west_thorn_scrub_forests,0.350253375514952,Aravalli_west_thorn_scrub_forests,Orissa_semi_evergreen_forests                 ,0.9749,-0.14253571611580404
Aravalli_west_thorn_scrub_forests,0.350253375514952,Aravalli_west_thorn_scrub_forests,Sundarbans_freshwater_swamp_forests           ,0.9586,-0.14253571611580404
Aravalli_west_thorn_scrub_forests,0.350253375514952,Aravalli_west_thorn_scrub_forests,Himalayan_subtropical_pine_forests            ,0.9241,-0.14253571611580404
Chhota_Nagpur_dry_deciduous_forests,0.2297391645345594,Chhota_Nagpur_dry_deciduous_forests,Brahmaputra_Valley_semi_evergreen_forests     ,0.9353,-0.14253571611580404
Chhota_Nagpur_dry_deciduous_forests,0.2297391645345594,Chhota_Nagpur_dry_deciduous_forests,Western_Himalayan_broadleaf_forests           ,0.9038,-0.14253571611580404
Chhota_Nagpur_dry_deciduous_forests,0.2297391645345594,Chhota_Nagpur_dry_deciduous_forests,Northeast_Himalayan_subalpine_conifer_forests ,0.8947,-0.14253571611580404
Chhota_Nagpur_dry_deciduous_forests,0.2297391645345594,Chhota_Nagpur_dry_deciduous_forests,South_Western_Ghats_montane_rain_forests      ,0.8676,-0.14253571611580404
Chhota_Nagpur_dry_deciduous_forests,0.2297391645345594,Chhota_Nagpur_dry_deciduous_forests,Narmada_Valley_dry_deciduous_forests          ,0.9825,-0.14253571611580404
Chhota_Nagpur_dry_deciduous_forests,0.2297391645345594,Chhota_Nagpur_dry_deciduous_forests,Mizoram_Manipur_Kachin_rain_forests           ,0.9595,-0.14253571611580404
Chhota_Nagpur_dry_deciduous_forests,0.2297391645345594,Chhota_Nagpur_dry_deciduous_forests,Khathiar_Gir_dry_deciduous_forests            ,0.9892,-0.14253571611580404
Chhota_Nagpur_dry_deciduous_forests,0.2297391645345594,Chhota_Nagpur_dry_deciduous_forests,Aravalli_west_thorn_scrub_forests             ,0.9883,-0.14253571611580404
Chhota_Nagpur_dry_deciduous_forests,0.2297391645345594,Chhota_Nagpur_dry_deciduous_forests,Maldives_Lakshadweep_Chagos_Archipelago_tropical_moist_forests,0.6191,-0.14253571611580404
Chhota_Nagpur_dry_deciduous_forests,0.2297391645345594,Chhota_Nagpur_dry_deciduous_forests,East_Deccan_moist_deciduous_forests           ,0.9953,-0.14253571611580404
Chhota_Nagpur_dry_deciduous_forests,0.2297391645345594,Chhota_Nagpur_dry_deciduous_forests,East_Deccan_dry_evergreen_forests             ,0.946,-0.14253571611580404
Chhota_Nagpur_dry_deciduous_forests,0.2297391645345594,Chhota_Nagpur_dry_deciduous_forests,Central_Deccan_Plateau_dry_deciduous_forests  ,0.987,-0.14253571611580404
Chhota_Nagpur_dry_deciduous_forests,0.2297391645345594,Chhota_Nagpur_dry_deciduous_forests,Eastern_Himalayan_broadleaf_forests           ,0.9387,-0.14253571611580404
Chhota_Nagpur_dry_deciduous_forests,0.2297391645345594,Chhota_Nagpur_dry_deciduous_forests,Central_Tibetan_Plateau_alpine_steppe         ,0.8345,-0.14253571611580404
Chhota_Nagpur_dry_deciduous_forests,0.2297391645345594,Chhota_Nagpur_dry_deciduous_forests,Terai_Duar_savanna_and_grasslands             ,0.9715,-0.14253571611580404
Chhota_Nagpur_dry_deciduous_forests,0.2297391645345594,Chhota_Nagpur_dry_deciduous_forests,Nicobar_Islands_rain_forests                  ,0.6443,-0.14253571611580404
Chhota_Nagpur_dry_deciduous_forests,0.2297391645345594,Chhota_Nagpur_dry_deciduous_forests,Eastern_Himalayan_alpine_shrub_and_meadows    ,0.9209,-0.14253571611580404
Chhota_Nagpur_dry_deciduous_forests,0.2297391645345594,Chhota_Nagpur_dry_deciduous_forests,North_Western_Ghats_montane_rain_forests      ,0.9179,-0.14253571611580404
Chhota_Nagpur_dry_deciduous_forests,0.2297391645345594,Chhota_Nagpur_dry_deciduous_forests,Chhota_Nagpur_dry_deciduous_forests           ,1.0,-0.14253571611580404
Chhota_Nagpur_dry_deciduous_forests,0.2297391645345594,Chhota_Nagpur_dry_deciduous_forests,Rann_of_Kutch_seasonal_salt_marsh             ,0.9814,-0.14253571611580404
Chhota_Nagpur_dry_deciduous_forests,0.2297391645345594,Chhota_Nagpur_dry_deciduous_forests,Northwestern_Himalayan_alpine_shrub_and_meadows,0.823,-0.14253571611580404
Chhota_Nagpur_dry_deciduous_forests,0.2297391645345594,Chhota_Nagpur_dry_deciduous_forests,Upper_Gangetic_Plains_moist_deciduous_forests ,0.9906,-0.14253571611580404
Chhota_Nagpur_dry_deciduous_forests,0.2297391645345594,Chhota_Nagpur_dry_deciduous_forests,North_Deccan_dry_deciduous_forests            ,0.9951,-0.14253571611580404
Chhota_Nagpur_dry_deciduous_forests,0.2297391645345594,Chhota_Nagpur_dry_deciduous_forests,Northeast_India_Myanmar_pine_forests          ,0.8651,-0.14253571611580404
Chhota_Nagpur_dry_deciduous_forests,0.2297391645345594,Chhota_Nagpur_dry_deciduous_forests,Sundarbans_mangroves                          ,0.9482,-0.14253571611580404
Chhota_Nagpur_dry_deciduous_forests,0.2297391645345594,Chhota_Nagpur_dry_deciduous_forests,Karakoram_West_Tibetan_Plateau_alpine_steppe  ,0.8312,-0.14253571611580404
Chhota_Nagpur_dry_deciduous_forests,0.2297391645345594,Chhota_Nagpur_dry_deciduous_forests,Baluchistan_xeric_woodlands                   ,0.9501,-0.14253571611580404
Chhota_Nagpur_dry_deciduous_forests,0.2297391645345594,Chhota_Nagpur_dry_deciduous_forests,Indus_River_Delta_Arabian_Sea_mangroves       ,0.9539,-0.14253571611580404
Chhota_Nagpur_dry_deciduous_forests,0.2297391645345594,Chhota_Nagpur_dry_deciduous_forests,Meghalaya_subtropical_forests                 ,0.9603,-0.14253571611580404
Chhota_Nagpur_dry_deciduous_forests,0.2297391645345594,Chhota_Nagpur_dry_deciduous_forests,Chin_Hills_Arakan_Yoma_montane_forests        ,0.9414,-0.14253571611580404
Chhota_Nagpur_dry_deciduous_forests,0.2297391645345594,Chhota_Nagpur_dry_deciduous_forests,North_Western_Ghats_moist_deciduous_forests   ,0.9466,-0.14253571611580404
Chhota_Nagpur_dry_deciduous_forests,0.2297391645345594,Chhota_Nagpur_dry_deciduous_forests,Northern_Triangle_temperate_forests           ,0.8551,-0.14253571611580404
Chhota_Nagpur_dry_deciduous_forests,0.2297391645345594,Chhota_Nagpur_dry_deciduous_forests,Malabar_Coast_moist_forests                   ,0.8395,-0.14253571611580404
Chhota_Nagpur_dry_deciduous_forests,0.2297391645345594,Chhota_Nagpur_dry_deciduous_forests,Andaman_Islands_rain_forests                  ,0.7183,-0.14253571611580404
Chhota_Nagpur_dry_deciduous_forests,0.2297391645345594,Chhota_Nagpur_dry_deciduous_forests,Western_Himalayan_alpine_shrub_and_meadows    ,0.8394,-0.14253571611580404
Chhota_Nagpur_dry_deciduous_forests,0.2297391645345594,Chhota_Nagpur_dry_deciduous_forests,Eastern_Himalayan_subalpine_conifer_forests   ,0.9279,-0.14253571611580404
Chhota_Nagpur_dry_deciduous_forests,0.2297391645345594,Chhota_Nagpur_dry_deciduous_forests,Deccan_thorn_scrub_forests                    ,0.9622,-0.14253571611580404
Chhota_Nagpur_dry_deciduous_forests,0.2297391645345594,Chhota_Nagpur_dry_deciduous_forests,Western_Himalayan_subalpine_conifer_forests   ,0.9163,-0.14253571611580404
Chhota_Nagpur_dry_deciduous_forests,0.2297391645345594,Chhota_Nagpur_dry_deciduous_forests,Lower_Gangetic_Plains_moist_deciduous_forests ,0.979,-0.14253571611580404
Chhota_Nagpur_dry_deciduous_forests,0.2297391645345594,Chhota_Nagpur_dry_deciduous_forests,South_Western_Ghats_moist_deciduous_forests   ,0.8904,-0.14253571611580404
Chhota_Nagpur_dry_deciduous_forests,0.2297391645345594,Chhota_Nagpur_dry_deciduous_forests,Thar_desert                                   ,0.9773,-0.14253571611580404
Chhota_Nagpur_dry_deciduous_forests,0.2297391645345594,Chhota_Nagpur_dry_deciduous_forests,Godavari_Krishna_mangroves                    ,0.9643,-0.14253571611580404
Chhota_Nagpur_dry_deciduous_forests,0.2297391645345594,Chhota_Nagpur_dry_deciduous_forests,North_Tibetan_Plateau_Kunlun_Mountains_alpine_desert,0.852,-0.14253571611580404
Chhota_Nagpur_dry_deciduous_forests,0.2297391645345594,Chhota_Nagpur_dry_deciduous_forests,Himalayan_subtropical_broadleaf_forests       ,0.9647,-0.14253571611580404
Chhota_Nagpur_dry_deciduous_forests,0.2297391645345594,Chhota_Nagpur_dry_deciduous_forests,South_Deccan_Plateau_dry_deciduous_forests    ,0.9599,-0.14253571611580404
Chhota_Nagpur_dry_deciduous_forests,0.2297391645345594,Chhota_Nagpur_dry_deciduous_forests,Orissa_semi_evergreen_forests                 ,0.9824,-0.14253571611580404
Chhota_Nagpur_dry_deciduous_forests,0.2297391645345594,Chhota_Nagpur_dry_deciduous_forests,Sundarbans_freshwater_swamp_forests           ,0.9675,-0.14253571611580404
Chhota_Nagpur_dry_deciduous_forests,0.2297391645345594,Chhota_Nagpur_dry_deciduous_forests,Himalayan_subtropical_pine_forests            ,0.9384,-0.14253571611580404
Himalayan_subtropical_pine_forests,0.3100928237587205,Himalayan_subtropical_pine_forests,Brahmaputra_Valley_semi_evergreen_forests     ,0.9406,-0.14253571611580404
Himalayan_subtropical_pine_forests,0.3100928237587205,Himalayan_subtropical_pine_forests,Western_Himalayan_broadleaf_forests           ,0.9775,-0.14253571611580404
Himalayan_subtropical_pine_forests,0.3100928237587205,Himalayan_subtropical_pine_forests,Northeast_Himalayan_subalpine_conifer_forests ,0.8833,-0.14253571611580404
Himalayan_subtropical_pine_forests,0.3100928237587205,Himalayan_subtropical_pine_forests,South_Western_Ghats_montane_rain_forests      ,0.9586,-0.14253571611580404
Himalayan_subtropical_pine_forests,0.3100928237587205,Himalayan_subtropical_pine_forests,Narmada_Valley_dry_deciduous_forests          ,0.9114,-0.14253571611580404
Himalayan_subtropical_pine_forests,0.3100928237587205,Himalayan_subtropical_pine_forests,Mizoram_Manipur_Kachin_rain_forests           ,0.9717,-0.14253571611580404
Himalayan_subtropical_pine_forests,0.3100928237587205,Himalayan_subtropical_pine_forests,Khathiar_Gir_dry_deciduous_forests            ,0.9088,-0.14253571611580404
Himalayan_subtropical_pine_forests,0.3100928237587205,Himalayan_subtropical_pine_forests,Aravalli_west_thorn_scrub_forests             ,0.9241,-0.14253571611580404
Himalayan_subtropical_pine_forests,0.3100928237587205,Himalayan_subtropical_pine_forests,Maldives_Lakshadweep_Chagos_Archipelago_tropical_moist_forests,0.7137,-0.14253571611580404
Himalayan_subtropical_pine_forests,0.3100928237587205,Himalayan_subtropical_pine_forests,East_Deccan_moist_deciduous_forests           ,0.95,-0.14253571611580404
Himalayan_subtropical_pine_forests,0.3100928237587205,Himalayan_subtropical_pine_forests,East_Deccan_dry_evergreen_forests             ,0.9291,-0.14253571611580404
Himalayan_subtropical_pine_forests,0.3100928237587205,Himalayan_subtropical_pine_forests,Central_Deccan_Plateau_dry_deciduous_forests  ,0.9322,-0.14253571611580404
Himalayan_subtropical_pine_forests,0.3100928237587205,Himalayan_subtropical_pine_forests,Eastern_Himalayan_broadleaf_forests           ,0.9872,-0.14253571611580404
Himalayan_subtropical_pine_forests,0.3100928237587205,Himalayan_subtropical_pine_forests,Central_Tibetan_Plateau_alpine_steppe         ,0.8105,-0.14253571611580404
Himalayan_subtropical_pine_forests,0.3100928237587205,Himalayan_subtropical_pine_forests,Terai_Duar_savanna_and_grasslands             ,0.9489,-0.14253571611580404
Himalayan_subtropical_pine_forests,0.3100928237587205,Himalayan_subtropical_pine_forests,Nicobar_Islands_rain_forests                  ,0.8054,-0.14253571611580404
Himalayan_subtropical_pine_forests,0.3100928237587205,Himalayan_subtropical_pine_forests,Eastern_Himalayan_alpine_shrub_and_meadows    ,0.8936,-0.14253571611580404
Himalayan_subtropical_pine_forests,0.3100928237587205,Himalayan_subtropical_pine_forests,North_Western_Ghats_montane_rain_forests      ,0.9248,-0.14253571611580404
Himalayan_subtropical_pine_forests,0.3100928237587205,Himalayan_subtropical_pine_forests,Chhota_Nagpur_dry_deciduous_forests           ,0.9384,-0.14253571611580404
Himalayan_subtropical_pine_forests,0.3100928237587205,Himalayan_subtropical_pine_forests,Rann_of_Kutch_seasonal_salt_marsh             ,0.8901,-0.14253571611580404
Himalayan_subtropical_pine_forests,0.3100928237587205,Himalayan_subtropical_pine_forests,Northwestern_Himalayan_alpine_shrub_and_meadows,0.8551,-0.14253571611580404
Himalayan_subtropical_pine_forests,0.3100928237587205,Himalayan_subtropical_pine_forests,Upper_Gangetic_Plains_moist_deciduous_forests ,0.9355,-0.14253571611580404
Himalayan_subtropical_pine_forests,0.3100928237587205,Himalayan_subtropical_pine_forests,North_Deccan_dry_deciduous_forests            ,0.9274,-0.14253571611580404
Himalayan_subtropical_pine_forests,0.3100928237587205,Himalayan_subtropical_pine_forests,Northeast_India_Myanmar_pine_forests          ,0.9181,-0.14253571611580404
Himalayan_subtropical_pine_forests,0.3100928237587205,Himalayan_subtropical_pine_forests,Sundarbans_mangroves                          ,0.9231,-0.14253571611580404
Himalayan_subtropical_pine_forests,0.3100928237587205,Himalayan_subtropical_pine_forests,Karakoram_West_Tibetan_Plateau_alpine_steppe  ,0.8177,-0.14253571611580404
Himalayan_subtropical_pine_forests,0.3100928237587205,Himalayan_subtropical_pine_forests,Baluchistan_xeric_woodlands                   ,0.9108,-0.14253571611580404
Himalayan_subtropical_pine_forests,0.3100928237587205,Himalayan_subtropical_pine_forests,Indus_River_Delta_Arabian_Sea_mangroves       ,0.9142,-0.14253571611580404
Himalayan_subtropical_pine_forests,0.3100928237587205,Himalayan_subtropical_pine_forests,Meghalaya_subtropical_forests                 ,0.965,-0.14253571611580404
Himalayan_subtropical_pine_forests,0.3100928237587205,Himalayan_subtropical_pine_forests,Chin_Hills_Arakan_Yoma_montane_forests        ,0.9527,-0.14253571611580404
Himalayan_subtropical_pine_forests,0.3100928237587205,Himalayan_subtropical_pine_forests,North_Western_Ghats_moist_deciduous_forests   ,0.9422,-0.14253571611580404
Himalayan_subtropical_pine_forests,0.3100928237587205,Himalayan_subtropical_pine_forests,Northern_Triangle_temperate_forests           ,0.9205,-0.14253571611580404
Himalayan_subtropical_pine_forests,0.3100928237587205,Himalayan_subtropical_pine_forests,Malabar_Coast_moist_forests                   ,0.9095,-0.14253571611580404
Himalayan_subtropical_pine_forests,0.3100928237587205,Himalayan_subtropical_pine_forests,Andaman_Islands_rain_forests                  ,0.854,-0.14253571611580404
Himalayan_subtropical_pine_forests,0.3100928237587205,Himalayan_subtropical_pine_forests,Western_Himalayan_alpine_shrub_and_meadows    ,0.8823,-0.14253571611580404
Himalayan_subtropical_pine_forests,0.3100928237587205,Himalayan_subtropical_pine_forests,Eastern_Himalayan_subalpine_conifer_forests   ,0.938,-0.14253571611580404
Himalayan_subtropical_pine_forests,0.3100928237587205,Himalayan_subtropical_pine_forests,Deccan_thorn_scrub_forests                    ,0.9426,-0.14253571611580404
Himalayan_subtropical_pine_forests,0.3100928237587205,Himalayan_subtropical_pine_forests,Western_Himalayan_subalpine_conifer_forests   ,0.9679,-0.14253571611580404
Himalayan_subtropical_pine_forests,0.3100928237587205,Himalayan_subtropical_pine_forests,Lower_Gangetic_Plains_moist_deciduous_forests ,0.9563,-0.14253571611580404
Himalayan_subtropical_pine_forests,0.3100928237587205,Himalayan_subtropical_pine_forests,South_Western_Ghats_moist_deciduous_forests   ,0.9556,-0.14253571611580404
Himalayan_subtropical_pine_forests,0.3100928237587205,Himalayan_subtropical_pine_forests,Thar_desert                                   ,0.879,-0.14253571611580404
Himalayan_subtropical_pine_forests,0.3100928237587205,Himalayan_subtropical_pine_forests,Godavari_Krishna_mangroves                    ,0.916,-0.14253571611580404
Himalayan_subtropical_pine_forests,0.3100928237587205,Himalayan_subtropical_pine_forests,North_Tibetan_Plateau_Kunlun_Mountains_alpine_desert,0.8102,-0.14253571611580404
Himalayan_subtropical_pine_forests,0.3100928237587205,Himalayan_subtropical_pine_forests,Himalayan_subtropical_broadleaf_forests       ,0.9735,-0.14253571611580404
Himalayan_subtropical_pine_forests,0.3100928237587205,Himalayan_subtropical_pine_forests,South_Deccan_Plateau_dry_deciduous_forests    ,0.9464,-0.14253571611580404
Himalayan_subtropical_pine_forests,0.3100928237587205,Himalayan_subtropical_pine_forests,Orissa_semi_evergreen_forests                 ,0.9332,-0.14253571611580404
Himalayan_subtropical_pine_forests,0.3100928237587205,Himalayan_subtropical_pine_forests,Sundarbans_freshwater_swamp_forests           ,0.9281,-0.14253571611580404
Himalayan_subtropical_pine_forests,0.3100928237587205,Himalayan_subtropical_pine_forests,Himalayan_subtropical_pine_forests            ,1.0,-0.14253571611580404
Lower_Gangetic_Plains_moist_deciduous_forests,0.0940454361389672,Lower_Gangetic_Plains_moist_deciduous_forests,Brahmaputra_Valley_semi_evergreen_forests     ,0.9585,-0.14253571611580404
Lower_Gangetic_Plains_moist_deciduous_forests,0.0940454361389672,Lower_Gangetic_Plains_moist_deciduous_forests,Western_Himalayan_broadleaf_forests           ,0.9086,-0.14253571611580404
Lower_Gangetic_Plains_moist_deciduous_forests,0.0940454361389672,Lower_Gangetic_Plains_moist_deciduous_forests,Northeast_Himalayan_subalpine_conifer_forests ,0.8633,-0.14253571611580404
Lower_Gangetic_Plains_moist_deciduous_forests,0.0940454361389672,Lower_Gangetic_Plains_moist_deciduous_forests,South_Western_Ghats_montane_rain_forests      ,0.8942,-0.14253571611580404
Lower_Gangetic_Plains_moist_deciduous_forests,0.0940454361389672,Lower_Gangetic_Plains_moist_deciduous_forests,Narmada_Valley_dry_deciduous_forests          ,0.9529,-0.14253571611580404
Lower_Gangetic_Plains_moist_deciduous_forests,0.0940454361389672,Lower_Gangetic_Plains_moist_deciduous_forests,Mizoram_Manipur_Kachin_rain_forests           ,0.9728,-0.14253571611580404
Lower_Gangetic_Plains_moist_deciduous_forests,0.0940454361389672,Lower_Gangetic_Plains_moist_deciduous_forests,Khathiar_Gir_dry_deciduous_forests            ,0.9605,-0.14253571611580404
Lower_Gangetic_Plains_moist_deciduous_forests,0.0940454361389672,Lower_Gangetic_Plains_moist_deciduous_forests,Aravalli_west_thorn_scrub_forests             ,0.9774,-0.14253571611580404
Lower_Gangetic_Plains_moist_deciduous_forests,0.0940454361389672,Lower_Gangetic_Plains_moist_deciduous_forests,Maldives_Lakshadweep_Chagos_Archipelago_tropical_moist_forests,0.6287,-0.14253571611580404
Lower_Gangetic_Plains_moist_deciduous_forests,0.0940454361389672,Lower_Gangetic_Plains_moist_deciduous_forests,East_Deccan_moist_deciduous_forests           ,0.9782,-0.14253571611580404
Lower_Gangetic_Plains_moist_deciduous_forests,0.0940454361389672,Lower_Gangetic_Plains_moist_deciduous_forests,East_Deccan_dry_evergreen_forests             ,0.9272,-0.14253571611580404
Lower_Gangetic_Plains_moist_deciduous_forests,0.0940454361389672,Lower_Gangetic_Plains_moist_deciduous_forests,Central_Deccan_Plateau_dry_deciduous_forests  ,0.9668,-0.14253571611580404
Lower_Gangetic_Plains_moist_deciduous_forests,0.0940454361389672,Lower_Gangetic_Plains_moist_deciduous_forests,Eastern_Himalayan_broadleaf_forests           ,0.9558,-0.14253571611580404
Lower_Gangetic_Plains_moist_deciduous_forests,0.0940454361389672,Lower_Gangetic_Plains_moist_deciduous_forests,Central_Tibetan_Plateau_alpine_steppe         ,0.7902,-0.14253571611580404
Lower_Gangetic_Plains_moist_deciduous_forests,0.0940454361389672,Lower_Gangetic_Plains_moist_deciduous_forests,Terai_Duar_savanna_and_grasslands             ,0.986,-0.14253571611580404
Lower_Gangetic_Plains_moist_deciduous_forests,0.0940454361389672,Lower_Gangetic_Plains_moist_deciduous_forests,Nicobar_Islands_rain_forests                  ,0.694,-0.14253571611580404
Lower_Gangetic_Plains_moist_deciduous_forests,0.0940454361389672,Lower_Gangetic_Plains_moist_deciduous_forests,Eastern_Himalayan_alpine_shrub_and_meadows    ,0.8805,-0.14253571611580404
Lower_Gangetic_Plains_moist_deciduous_forests,0.0940454361389672,Lower_Gangetic_Plains_moist_deciduous_forests,North_Western_Ghats_montane_rain_forests      ,0.9241,-0.14253571611580404
Lower_Gangetic_Plains_moist_deciduous_forests,0.0940454361389672,Lower_Gangetic_Plains_moist_deciduous_forests,Chhota_Nagpur_dry_deciduous_forests           ,0.979,-0.14253571611580404
Lower_Gangetic_Plains_moist_deciduous_forests,0.0940454361389672,Lower_Gangetic_Plains_moist_deciduous_forests,Rann_of_Kutch_seasonal_salt_marsh             ,0.9647,-0.14253571611580404
Lower_Gangetic_Plains_moist_deciduous_forests,0.0940454361389672,Lower_Gangetic_Plains_moist_deciduous_forests,Northwestern_Himalayan_alpine_shrub_and_meadows,0.7837,-0.14253571611580404
Lower_Gangetic_Plains_moist_deciduous_forests,0.0940454361389672,Lower_Gangetic_Plains_moist_deciduous_forests,Upper_Gangetic_Plains_moist_deciduous_forests ,0.975,-0.14253571611580404
Lower_Gangetic_Plains_moist_deciduous_forests,0.0940454361389672,Lower_Gangetic_Plains_moist_deciduous_forests,North_Deccan_dry_deciduous_forests            ,0.9785,-0.14253571611580404
Lower_Gangetic_Plains_moist_deciduous_forests,0.0940454361389672,Lower_Gangetic_Plains_moist_deciduous_forests,Northeast_India_Myanmar_pine_forests          ,0.8862,-0.14253571611580404
Lower_Gangetic_Plains_moist_deciduous_forests,0.0940454361389672,Lower_Gangetic_Plains_moist_deciduous_forests,Sundarbans_mangroves                          ,0.9618,-0.14253571611580404
Lower_Gangetic_Plains_moist_deciduous_forests,0.0940454361389672,Lower_Gangetic_Plains_moist_deciduous_forests,Karakoram_West_Tibetan_Plateau_alpine_steppe  ,0.7821,-0.14253571611580404
Lower_Gangetic_Plains_moist_deciduous_forests,0.0940454361389672,Lower_Gangetic_Plains_moist_deciduous_forests,Baluchistan_xeric_woodlands                   ,0.9117,-0.14253571611580404
Lower_Gangetic_Plains_moist_deciduous_forests,0.0940454361389672,Lower_Gangetic_Plains_moist_deciduous_forests,Indus_River_Delta_Arabian_Sea_mangroves       ,0.9545,-0.14253571611580404
Lower_Gangetic_Plains_moist_deciduous_forests,0.0940454361389672,Lower_Gangetic_Plains_moist_deciduous_forests,Meghalaya_subtropical_forests                 ,0.9708,-0.14253571611580404
Lower_Gangetic_Plains_moist_deciduous_forests,0.0940454361389672,Lower_Gangetic_Plains_moist_deciduous_forests,Chin_Hills_Arakan_Yoma_montane_forests        ,0.9495,-0.14253571611580404
Lower_Gangetic_Plains_moist_deciduous_forests,0.0940454361389672,Lower_Gangetic_Plains_moist_deciduous_forests,North_Western_Ghats_moist_deciduous_forests   ,0.9519,-0.14253571611580404
Lower_Gangetic_Plains_moist_deciduous_forests,0.0940454361389672,Lower_Gangetic_Plains_moist_deciduous_forests,Northern_Triangle_temperate_forests           ,0.8733,-0.14253571611580404
Lower_Gangetic_Plains_moist_deciduous_forests,0.0940454361389672,Lower_Gangetic_Plains_moist_deciduous_forests,Malabar_Coast_moist_forests                   ,0.8772,-0.14253571611580404
Lower_Gangetic_Plains_moist_deciduous_forests,0.0940454361389672,Lower_Gangetic_Plains_moist_deciduous_forests,Andaman_Islands_rain_forests                  ,0.7762,-0.14253571611580404
Lower_Gangetic_Plains_moist_deciduous_forests,0.0940454361389672,Lower_Gangetic_Plains_moist_deciduous_forests,Western_Himalayan_alpine_shrub_and_meadows    ,0.8151,-0.14253571611580404
Lower_Gangetic_Plains_moist_deciduous_forests,0.0940454361389672,Lower_Gangetic_Plains_moist_deciduous_forests,Eastern_Himalayan_subalpine_conifer_forests   ,0.9174,-0.14253571611580404
Lower_Gangetic_Plains_moist_deciduous_forests,0.0940454361389672,Lower_Gangetic_Plains_moist_deciduous_forests,Deccan_thorn_scrub_forests                    ,0.9517,-0.14253571611580404
Lower_Gangetic_Plains_moist_deciduous_forests,0.0940454361389672,Lower_Gangetic_Plains_moist_deciduous_forests,Western_Himalayan_subalpine_conifer_forests   ,0.9108,-0.14253571611580404
Lower_Gangetic_Plains_moist_deciduous_forests,0.0940454361389672,Lower_Gangetic_Plains_moist_deciduous_forests,Lower_Gangetic_Plains_moist_deciduous_forests ,1.0,-0.14253571611580404
Lower_Gangetic_Plains_moist_deciduous_forests,0.0940454361389672,Lower_Gangetic_Plains_moist_deciduous_forests,South_Western_Ghats_moist_deciduous_forests   ,0.9041,-0.14253571611580404
Lower_Gangetic_Plains_moist_deciduous_forests,0.0940454361389672,Lower_Gangetic_Plains_moist_deciduous_forests,Thar_desert                                   ,0.9536,-0.14253571611580404
Lower_Gangetic_Plains_moist_deciduous_forests,0.0940454361389672,Lower_Gangetic_Plains_moist_deciduous_forests,Godavari_Krishna_mangroves                    ,0.9429,-0.14253571611580404
Lower_Gangetic_Plains_moist_deciduous_forests,0.0940454361389672,Lower_Gangetic_Plains_moist_deciduous_forests,North_Tibetan_Plateau_Kunlun_Mountains_alpine_desert,0.8018,-0.14253571611580404
Lower_Gangetic_Plains_moist_deciduous_forests,0.0940454361389672,Lower_Gangetic_Plains_moist_deciduous_forests,Himalayan_subtropical_broadleaf_forests       ,0.974,-0.14253571611580404
Lower_Gangetic_Plains_moist_deciduous_forests,0.0940454361389672,Lower_Gangetic_Plains_moist_deciduous_forests,South_Deccan_Plateau_dry_deciduous_forests    ,0.9387,-0.14253571611580404
Lower_Gangetic_Plains_moist_deciduous_forests,0.0940454361389672,Lower_Gangetic_Plains_moist_deciduous_forests,Orissa_semi_evergreen_forests                 ,0.9792,-0.14253571611580404
Lower_Gangetic_Plains_moist_deciduous_forests,0.0940454361389672,Lower_Gangetic_Plains_moist_deciduous_forests,Sundarbans_freshwater_swamp_forests           ,0.9807,-0.14253571611580404
Lower_Gangetic_Plains_moist_deciduous_forests,0.0940454361389672,Lower_Gangetic_Plains_moist_deciduous_forests,Himalayan_subtropical_pine_forests            ,0.9563,-0.14253571611580404
Malabar_Coast_moist_forests,0.2240729275782138,Malabar_Coast_moist_forests,Brahmaputra_Valley_semi_evergreen_forests     ,0.8034,-0.14253571611580404
Malabar_Coast_moist_forests,0.2240729275782138,Malabar_Coast_moist_forests,Western_Himalayan_broadleaf_forests           ,0.8385,-0.14253571611580404
Malabar_Coast_moist_forests,0.2240729275782138,Malabar_Coast_moist_forests,Northeast_Himalayan_subalpine_conifer_forests ,0.71,-0.14253571611580404
Malabar_Coast_moist_forests,0.2240729275782138,Malabar_Coast_moist_forests,South_Western_Ghats_montane_rain_forests      ,0.9557,-0.14253571611580404
Malabar_Coast_moist_forests,0.2240729275782138,Malabar_Coast_moist_forests,Narmada_Valley_dry_deciduous_forests          ,0.8129,-0.14253571611580404
Malabar_Coast_moist_forests,0.2240729275782138,Malabar_Coast_moist_forests,Mizoram_Manipur_Kachin_rain_forests           ,0.8779,-0.14253571611580404
Malabar_Coast_moist_forests,0.2240729275782138,Malabar_Coast_moist_forests,Khathiar_Gir_dry_deciduous_forests            ,0.8237,-0.14253571611580404
Malabar_Coast_moist_forests,0.2240729275782138,Malabar_Coast_moist_forests,Aravalli_west_thorn_scrub_forests             ,0.8264,-0.14253571611580404
Malabar_Coast_moist_forests,0.2240729275782138,Malabar_Coast_moist_forests,Maldives_Lakshadweep_Chagos_Archipelago_tropical_moist_forests,0.8255,-0.14253571611580404
Malabar_Coast_moist_forests,0.2240729275782138,Malabar_Coast_moist_forests,East_Deccan_moist_deciduous_forests           ,0.866,-0.14253571611580404
Malabar_Coast_moist_forests,0.2240729275782138,Malabar_Coast_moist_forests,East_Deccan_dry_evergreen_forests             ,0.8862,-0.14253571611580404
Malabar_Coast_moist_forests,0.2240729275782138,Malabar_Coast_moist_forests,Central_Deccan_Plateau_dry_deciduous_forests  ,0.8597,-0.14253571611580404
Malabar_Coast_moist_forests,0.2240729275782138,Malabar_Coast_moist_forests,Eastern_Himalayan_broadleaf_forests           ,0.8874,-0.14253571611580404
Malabar_Coast_moist_forests,0.2240729275782138,Malabar_Coast_moist_forests,Central_Tibetan_Plateau_alpine_steppe         ,0.62,-0.14253571611580404
Malabar_Coast_moist_forests,0.2240729275782138,Malabar_Coast_moist_forests,Terai_Duar_savanna_and_grasslands             ,0.8456,-0.14253571611580404
Malabar_Coast_moist_forests,0.2240729275782138,Malabar_Coast_moist_forests,Nicobar_Islands_rain_forests                  ,0.8628,-0.14253571611580404
Malabar_Coast_moist_forests,0.2240729275782138,Malabar_Coast_moist_forests,Eastern_Himalayan_alpine_shrub_and_meadows    ,0.7378,-0.14253571611580404
Malabar_Coast_moist_forests,0.2240729275782138,Malabar_Coast_moist_forests,North_Western_Ghats_montane_rain_forests      ,0.9309,-0.14253571611580404
Malabar_Coast_moist_forests,0.2240729275782138,Malabar_Coast_moist_forests,Chhota_Nagpur_dry_deciduous_forests           ,0.8395,-0.14253571611580404
Malabar_Coast_moist_forests,0.2240729275782138,Malabar_Coast_moist_forests,Rann_of_Kutch_seasonal_salt_marsh             ,0.8038,-0.14253571611580404
Malabar_Coast_moist_forests,0.2240729275782138,Malabar_Coast_moist_forests,Northwestern_Himalayan_alpine_shrub_and_meadows,0.6253,-0.14253571611580404
Malabar_Coast_moist_forests,0.2240729275782138,Malabar_Coast_moist_forests,Upper_Gangetic_Plains_moist_deciduous_forests ,0.8507,-0.14253571611580404
Malabar_Coast_moist_forests,0.2240729275782138,Malabar_Coast_moist_forests,North_Deccan_dry_deciduous_forests            ,0.8175,-0.14253571611580404
Malabar_Coast_moist_forests,0.2240729275782138,Malabar_Coast_moist_forests,Northeast_India_Myanmar_pine_forests          ,0.7348,-0.14253571611580404
Malabar_Coast_moist_forests,0.2240729275782138,Malabar_Coast_moist_forests,Sundarbans_mangroves                          ,0.8225,-0.14253571611580404
Malabar_Coast_moist_forests,0.2240729275782138,Malabar_Coast_moist_forests,Karakoram_West_Tibetan_Plateau_alpine_steppe  ,0.6144,-0.14253571611580404
Malabar_Coast_moist_forests,0.2240729275782138,Malabar_Coast_moist_forests,Baluchistan_xeric_woodlands                   ,0.7812,-0.14253571611580404
Malabar_Coast_moist_forests,0.2240729275782138,Malabar_Coast_moist_forests,Indus_River_Delta_Arabian_Sea_mangroves       ,0.8828,-0.14253571611580404
Malabar_Coast_moist_forests,0.2240729275782138,Malabar_Coast_moist_forests,Meghalaya_subtropical_forests                 ,0.8527,-0.14253571611580404
Malabar_Coast_moist_forests,0.2240729275782138,Malabar_Coast_moist_forests,Chin_Hills_Arakan_Yoma_montane_forests        ,0.8339,-0.14253571611580404
Malabar_Coast_moist_forests,0.2240729275782138,Malabar_Coast_moist_forests,North_Western_Ghats_moist_deciduous_forests   ,0.9428,-0.14253571611580404
Malabar_Coast_moist_forests,0.2240729275782138,Malabar_Coast_moist_forests,Northern_Triangle_temperate_forests           ,0.7661,-0.14253571611580404
Malabar_Coast_moist_forests,0.2240729275782138,Malabar_Coast_moist_forests,Malabar_Coast_moist_forests                   ,1.0,-0.14253571611580404
Malabar_Coast_moist_forests,0.2240729275782138,Malabar_Coast_moist_forests,Andaman_Islands_rain_forests                  ,0.9349,-0.14253571611580404
Malabar_Coast_moist_forests,0.2240729275782138,Malabar_Coast_moist_forests,Western_Himalayan_alpine_shrub_and_meadows    ,0.6955,-0.14253571611580404
Malabar_Coast_moist_forests,0.2240729275782138,Malabar_Coast_moist_forests,Eastern_Himalayan_subalpine_conifer_forests   ,0.7868,-0.14253571611580404
Malabar_Coast_moist_forests,0.2240729275782138,Malabar_Coast_moist_forests,Deccan_thorn_scrub_forests                    ,0.9042,-0.14253571611580404
Malabar_Coast_moist_forests,0.2240729275782138,Malabar_Coast_moist_forests,Western_Himalayan_subalpine_conifer_forests   ,0.8143,-0.14253571611580404
Malabar_Coast_moist_forests,0.2240729275782138,Malabar_Coast_moist_forests,Lower_Gangetic_Plains_moist_deciduous_forests ,0.8772,-0.14253571611580404
Malabar_Coast_moist_forests,0.2240729275782138,Malabar_Coast_moist_forests,South_Western_Ghats_moist_deciduous_forests   ,0.959,-0.14253571611580404
Malabar_Coast_moist_forests,0.2240729275782138,Malabar_Coast_moist_forests,Thar_desert                                   ,0.773,-0.14253571611580404
Malabar_Coast_moist_forests,0.2240729275782138,Malabar_Coast_moist_forests,Godavari_Krishna_mangroves                    ,0.8602,-0.14253571611580404
Malabar_Coast_moist_forests,0.2240729275782138,Malabar_Coast_moist_forests,North_Tibetan_Plateau_Kunlun_Mountains_alpine_desert,0.6344,-0.14253571611580404
Malabar_Coast_moist_forests,0.2240729275782138,Malabar_Coast_moist_forests,Himalayan_subtropical_broadleaf_forests       ,0.8526,-0.14253571611580404
Malabar_Coast_moist_forests,0.2240729275782138,Malabar_Coast_moist_forests,South_Deccan_Plateau_dry_deciduous_forests    ,0.8832,-0.14253571611580404
Malabar_Coast_moist_forests,0.2240729275782138,Malabar_Coast_moist_forests,Orissa_semi_evergreen_forests                 ,0.8339,-0.14253571611580404
Malabar_Coast_moist_forests,0.2240729275782138,Malabar_Coast_moist_forests,Sundarbans_freshwater_swamp_forests           ,0.8154,-0.14253571611580404
Malabar_Coast_moist_forests,0.2240729275782138,Malabar_Coast_moist_forests,Himalayan_subtropical_pine_forests            ,0.9095,-0.14253571611580404
Khathiar_Gir_dry_deciduous_forests,0.0243167621076749,Khathiar_Gir_dry_deciduous_forests,Brahmaputra_Valley_semi_evergreen_forests     ,0.901,-0.14253571611580404
Khathiar_Gir_dry_deciduous_forests,0.0243167621076749,Khathiar_Gir_dry_deciduous_forests,Western_Himalayan_broadleaf_forests           ,0.8695,-0.14253571611580404
Khathiar_Gir_dry_deciduous_forests,0.0243167621076749,Khathiar_Gir_dry_deciduous_forests,Northeast_Himalayan_subalpine_conifer_forests ,0.8869,-0.14253571611580404
Khathiar_Gir_dry_deciduous_forests,0.0243167621076749,Khathiar_Gir_dry_deciduous_forests,South_Western_Ghats_montane_rain_forests      ,0.8457,-0.14253571611580404
Khathiar_Gir_dry_deciduous_forests,0.0243167621076749,Khathiar_Gir_dry_deciduous_forests,Narmada_Valley_dry_deciduous_forests          ,0.9954,-0.14253571611580404
Khathiar_Gir_dry_deciduous_forests,0.0243167621076749,Khathiar_Gir_dry_deciduous_forests,Mizoram_Manipur_Kachin_rain_forests           ,0.9305,-0.14253571611580404
Khathiar_Gir_dry_deciduous_forests,0.0243167621076749,Khathiar_Gir_dry_deciduous_forests,Khathiar_Gir_dry_deciduous_forests            ,1.0,-0.14253571611580404
Khathiar_Gir_dry_deciduous_forests,0.0243167621076749,Khathiar_Gir_dry_deciduous_forests,Aravalli_west_thorn_scrub_forests             ,0.9821,-0.14253571611580404
Khathiar_Gir_dry_deciduous_forests,0.0243167621076749,Khathiar_Gir_dry_deciduous_forests,Maldives_Lakshadweep_Chagos_Archipelago_tropical_moist_forests,0.5896,-0.14253571611580404
Khathiar_Gir_dry_deciduous_forests,0.0243167621076749,Khathiar_Gir_dry_deciduous_forests,East_Deccan_moist_deciduous_forests           ,0.984,-0.14253571611580404
Khathiar_Gir_dry_deciduous_forests,0.0243167621076749,Khathiar_Gir_dry_deciduous_forests,East_Deccan_dry_evergreen_forests             ,0.9229,-0.14253571611580404
Khathiar_Gir_dry_deciduous_forests,0.0243167621076749,Khathiar_Gir_dry_deciduous_forests,Central_Deccan_Plateau_dry_deciduous_forests  ,0.986,-0.14253571611580404
Khathiar_Gir_dry_deciduous_forests,0.0243167621076749,Khathiar_Gir_dry_deciduous_forests,Eastern_Himalayan_broadleaf_forests           ,0.9113,-0.14253571611580404
Khathiar_Gir_dry_deciduous_forests,0.0243167621076749,Khathiar_Gir_dry_deciduous_forests,Central_Tibetan_Plateau_alpine_steppe         ,0.8343,-0.14253571611580404
Khathiar_Gir_dry_deciduous_forests,0.0243167621076749,Khathiar_Gir_dry_deciduous_forests,Terai_Duar_savanna_and_grasslands             ,0.9501,-0.14253571611580404
Khathiar_Gir_dry_deciduous_forests,0.0243167621076749,Khathiar_Gir_dry_deciduous_forests,Nicobar_Islands_rain_forests                  ,0.5976,-0.14253571611580404
Khathiar_Gir_dry_deciduous_forests,0.0243167621076749,Khathiar_Gir_dry_deciduous_forests,Eastern_Himalayan_alpine_shrub_and_meadows    ,0.9135,-0.14253571611580404
Khathiar_Gir_dry_deciduous_forests,0.0243167621076749,Khathiar_Gir_dry_deciduous_forests,North_Western_Ghats_montane_rain_forests      ,0.9205,-0.14253571611580404
Khathiar_Gir_dry_deciduous_forests,0.0243167621076749,Khathiar_Gir_dry_deciduous_forests,Chhota_Nagpur_dry_deciduous_forests           ,0.9892,-0.14253571611580404
Khathiar_Gir_dry_deciduous_forests,0.0243167621076749,Khathiar_Gir_dry_deciduous_forests,Rann_of_Kutch_seasonal_salt_marsh             ,0.9902,-0.14253571611580404
Khathiar_Gir_dry_deciduous_forests,0.0243167621076749,Khathiar_Gir_dry_deciduous_forests,Northwestern_Himalayan_alpine_shrub_and_meadows,0.791,-0.14253571611580404
Khathiar_Gir_dry_deciduous_forests,0.0243167621076749,Khathiar_Gir_dry_deciduous_forests,Upper_Gangetic_Plains_moist_deciduous_forests ,0.989,-0.14253571611580404
Khathiar_Gir_dry_deciduous_forests,0.0243167621076749,Khathiar_Gir_dry_deciduous_forests,North_Deccan_dry_deciduous_forests            ,0.9807,-0.14253571611580404
Khathiar_Gir_dry_deciduous_forests,0.0243167621076749,Khathiar_Gir_dry_deciduous_forests,Northeast_India_Myanmar_pine_forests          ,0.8331,-0.14253571611580404
Khathiar_Gir_dry_deciduous_forests,0.0243167621076749,Khathiar_Gir_dry_deciduous_forests,Sundarbans_mangroves                          ,0.9242,-0.14253571611580404
Khathiar_Gir_dry_deciduous_forests,0.0243167621076749,Khathiar_Gir_dry_deciduous_forests,Karakoram_West_Tibetan_Plateau_alpine_steppe  ,0.8194,-0.14253571611580404
Khathiar_Gir_dry_deciduous_forests,0.0243167621076749,Khathiar_Gir_dry_deciduous_forests,Baluchistan_xeric_woodlands                   ,0.9406,-0.14253571611580404
Khathiar_Gir_dry_deciduous_forests,0.0243167621076749,Khathiar_Gir_dry_deciduous_forests,Indus_River_Delta_Arabian_Sea_mangroves       ,0.9554,-0.14253571611580404
Khathiar_Gir_dry_deciduous_forests,0.0243167621076749,Khathiar_Gir_dry_deciduous_forests,Meghalaya_subtropical_forests                 ,0.9363,-0.14253571611580404
Khathiar_Gir_dry_deciduous_forests,0.0243167621076749,Khathiar_Gir_dry_deciduous_forests,Chin_Hills_Arakan_Yoma_montane_forests        ,0.9169,-0.14253571611580404
Khathiar_Gir_dry_deciduous_forests,0.0243167621076749,Khathiar_Gir_dry_deciduous_forests,North_Western_Ghats_moist_deciduous_forests   ,0.9469,-0.14253571611580404
Khathiar_Gir_dry_deciduous_forests,0.0243167621076749,Khathiar_Gir_dry_deciduous_forests,Northern_Triangle_temperate_forests           ,0.8247,-0.14253571611580404
Khathiar_Gir_dry_deciduous_forests,0.0243167621076749,Khathiar_Gir_dry_deciduous_forests,Malabar_Coast_moist_forests                   ,0.8237,-0.14253571611580404
Khathiar_Gir_dry_deciduous_forests,0.0243167621076749,Khathiar_Gir_dry_deciduous_forests,Andaman_Islands_rain_forests                  ,0.6765,-0.14253571611580404
Khathiar_Gir_dry_deciduous_forests,0.0243167621076749,Khathiar_Gir_dry_deciduous_forests,Western_Himalayan_alpine_shrub_and_meadows    ,0.8163,-0.14253571611580404
Khathiar_Gir_dry_deciduous_forests,0.0243167621076749,Khathiar_Gir_dry_deciduous_forests,Eastern_Himalayan_subalpine_conifer_forests   ,0.9115,-0.14253571611580404
Khathiar_Gir_dry_deciduous_forests,0.0243167621076749,Khathiar_Gir_dry_deciduous_forests,Deccan_thorn_scrub_forests                    ,0.9547,-0.14253571611580404
Khathiar_Gir_dry_deciduous_forests,0.0243167621076749,Khathiar_Gir_dry_deciduous_forests,Western_Himalayan_subalpine_conifer_forests   ,0.8832,-0.14253571611580404
Khathiar_Gir_dry_deciduous_forests,0.0243167621076749,Khathiar_Gir_dry_deciduous_forests,Lower_Gangetic_Plains_moist_deciduous_forests ,0.9605,-0.14253571611580404
Khathiar_Gir_dry_deciduous_forests,0.0243167621076749,Khathiar_Gir_dry_deciduous_forests,South_Western_Ghats_moist_deciduous_forests   ,0.8698,-0.14253571611580404
Khathiar_Gir_dry_deciduous_forests,0.0243167621076749,Khathiar_Gir_dry_deciduous_forests,Thar_desert                                   ,0.9711,-0.14253571611580404
Khathiar_Gir_dry_deciduous_forests,0.0243167621076749,Khathiar_Gir_dry_deciduous_forests,Godavari_Krishna_mangroves                    ,0.9424,-0.14253571611580404
Khathiar_Gir_dry_deciduous_forests,0.0243167621076749,Khathiar_Gir_dry_deciduous_forests,North_Tibetan_Plateau_Kunlun_Mountains_alpine_desert,0.8556,-0.14253571611580404
Khathiar_Gir_dry_deciduous_forests,0.0243167621076749,Khathiar_Gir_dry_deciduous_forests,Himalayan_subtropical_broadleaf_forests       ,0.9409,-0.14253571611580404
Khathiar_Gir_dry_deciduous_forests,0.0243167621076749,Khathiar_Gir_dry_deciduous_forests,South_Deccan_Plateau_dry_deciduous_forests    ,0.946,-0.14253571611580404
Khathiar_Gir_dry_deciduous_forests,0.0243167621076749,Khathiar_Gir_dry_deciduous_forests,Orissa_semi_evergreen_forests                 ,0.9556,-0.14253571611580404
Khathiar_Gir_dry_deciduous_forests,0.0243167621076749,Khathiar_Gir_dry_deciduous_forests,Sundarbans_freshwater_swamp_forests           ,0.9474,-0.14253571611580404
Khathiar_Gir_dry_deciduous_forests,0.0243167621076749,Khathiar_Gir_dry_deciduous_forests,Himalayan_subtropical_pine_forests            ,0.9088,-0.14253571611580404
Mizoram_Manipur_Kachin_rain_forests,0.2430850003987367,Mizoram_Manipur_Kachin_rain_forests,Brahmaputra_Valley_semi_evergreen_forests     ,0.9747,-0.14253571611580404
Mizoram_Manipur_Kachin_rain_forests,0.2430850003987367,Mizoram_Manipur_Kachin_rain_forests,Western_Himalayan_broadleaf_forests           ,0.9377,-0.14253571611580404
Mizoram_Manipur_Kachin_rain_forests,0.2430850003987367,Mizoram_Manipur_Kachin_rain_forests,Northeast_Himalayan_subalpine_conifer_forests ,0.8977,-0.14253571611580404
Mizoram_Manipur_Kachin_rain_forests,0.2430850003987367,Mizoram_Manipur_Kachin_rain_forests,South_Western_Ghats_montane_rain_forests      ,0.9096,-0.14253571611580404
Mizoram_Manipur_Kachin_rain_forests,0.2430850003987367,Mizoram_Manipur_Kachin_rain_forests,Narmada_Valley_dry_deciduous_forests          ,0.9296,-0.14253571611580404
Mizoram_Manipur_Kachin_rain_forests,0.2430850003987367,Mizoram_Manipur_Kachin_rain_forests,Mizoram_Manipur_Kachin_rain_forests           ,1.0,-0.14253571611580404
Mizoram_Manipur_Kachin_rain_forests,0.2430850003987367,Mizoram_Manipur_Kachin_rain_forests,Khathiar_Gir_dry_deciduous_forests            ,0.9305,-0.14253571611580404
Mizoram_Manipur_Kachin_rain_forests,0.2430850003987367,Mizoram_Manipur_Kachin_rain_forests,Aravalli_west_thorn_scrub_forests             ,0.9397,-0.14253571611580404
Mizoram_Manipur_Kachin_rain_forests,0.2430850003987367,Mizoram_Manipur_Kachin_rain_forests,Maldives_Lakshadweep_Chagos_Archipelago_tropical_moist_forests,0.6541,-0.14253571611580404
Mizoram_Manipur_Kachin_rain_forests,0.2430850003987367,Mizoram_Manipur_Kachin_rain_forests,East_Deccan_moist_deciduous_forests           ,0.958,-0.14253571611580404
Mizoram_Manipur_Kachin_rain_forests,0.2430850003987367,Mizoram_Manipur_Kachin_rain_forests,East_Deccan_dry_evergreen_forests             ,0.9212,-0.14253571611580404
Mizoram_Manipur_Kachin_rain_forests,0.2430850003987367,Mizoram_Manipur_Kachin_rain_forests,Central_Deccan_Plateau_dry_deciduous_forests  ,0.9386,-0.14253571611580404
Mizoram_Manipur_Kachin_rain_forests,0.2430850003987367,Mizoram_Manipur_Kachin_rain_forests,Eastern_Himalayan_broadleaf_forests           ,0.9868,-0.14253571611580404
Mizoram_Manipur_Kachin_rain_forests,0.2430850003987367,Mizoram_Manipur_Kachin_rain_forests,Central_Tibetan_Plateau_alpine_steppe         ,0.8214,-0.14253571611580404
Mizoram_Manipur_Kachin_rain_forests,0.2430850003987367,Mizoram_Manipur_Kachin_rain_forests,Terai_Duar_savanna_and_grasslands             ,0.9768,-0.14253571611580404
Mizoram_Manipur_Kachin_rain_forests,0.2430850003987367,Mizoram_Manipur_Kachin_rain_forests,Nicobar_Islands_rain_forests                  ,0.708,-0.14253571611580404
Mizoram_Manipur_Kachin_rain_forests,0.2430850003987367,Mizoram_Manipur_Kachin_rain_forests,Eastern_Himalayan_alpine_shrub_and_meadows    ,0.9072,-0.14253571611580404
Mizoram_Manipur_Kachin_rain_forests,0.2430850003987367,Mizoram_Manipur_Kachin_rain_forests,North_Western_Ghats_montane_rain_forests      ,0.929,-0.14253571611580404
Mizoram_Manipur_Kachin_rain_forests,0.2430850003987367,Mizoram_Manipur_Kachin_rain_forests,Chhota_Nagpur_dry_deciduous_forests           ,0.9595,-0.14253571611580404
Mizoram_Manipur_Kachin_rain_forests,0.2430850003987367,Mizoram_Manipur_Kachin_rain_forests,Rann_of_Kutch_seasonal_salt_marsh             ,0.9144,-0.14253571611580404
Mizoram_Manipur_Kachin_rain_forests,0.2430850003987367,Mizoram_Manipur_Kachin_rain_forests,Northwestern_Himalayan_alpine_shrub_and_meadows,0.8369,-0.14253571611580404
Mizoram_Manipur_Kachin_rain_forests,0.2430850003987367,Mizoram_Manipur_Kachin_rain_forests,Upper_Gangetic_Plains_moist_deciduous_forests ,0.9544,-0.14253571611580404
Mizoram_Manipur_Kachin_rain_forests,0.2430850003987367,Mizoram_Manipur_Kachin_rain_forests,North_Deccan_dry_deciduous_forests            ,0.9582,-0.14253571611580404
Mizoram_Manipur_Kachin_rain_forests,0.2430850003987367,Mizoram_Manipur_Kachin_rain_forests,Northeast_India_Myanmar_pine_forests          ,0.9371,-0.14253571611580404
Mizoram_Manipur_Kachin_rain_forests,0.2430850003987367,Mizoram_Manipur_Kachin_rain_forests,Sundarbans_mangroves                          ,0.9603,-0.14253571611580404
Mizoram_Manipur_Kachin_rain_forests,0.2430850003987367,Mizoram_Manipur_Kachin_rain_forests,Karakoram_West_Tibetan_Plateau_alpine_steppe  ,0.8209,-0.14253571611580404
Mizoram_Manipur_Kachin_rain_forests,0.2430850003987367,Mizoram_Manipur_Kachin_rain_forests,Baluchistan_xeric_woodlands                   ,0.9138,-0.14253571611580404
Mizoram_Manipur_Kachin_rain_forests,0.2430850003987367,Mizoram_Manipur_Kachin_rain_forests,Indus_River_Delta_Arabian_Sea_mangroves       ,0.9081,-0.14253571611580404
Mizoram_Manipur_Kachin_rain_forests,0.2430850003987367,Mizoram_Manipur_Kachin_rain_forests,Meghalaya_subtropical_forests                 ,0.988,-0.14253571611580404
Mizoram_Manipur_Kachin_rain_forests,0.2430850003987367,Mizoram_Manipur_Kachin_rain_forests,Chin_Hills_Arakan_Yoma_montane_forests        ,0.9787,-0.14253571611580404
Mizoram_Manipur_Kachin_rain_forests,0.2430850003987367,Mizoram_Manipur_Kachin_rain_forests,North_Western_Ghats_moist_deciduous_forests   ,0.9439,-0.14253571611580404
Mizoram_Manipur_Kachin_rain_forests,0.2430850003987367,Mizoram_Manipur_Kachin_rain_forests,Northern_Triangle_temperate_forests           ,0.9358,-0.14253571611580404
Mizoram_Manipur_Kachin_rain_forests,0.2430850003987367,Mizoram_Manipur_Kachin_rain_forests,Malabar_Coast_moist_forests                   ,0.8779,-0.14253571611580404
Mizoram_Manipur_Kachin_rain_forests,0.2430850003987367,Mizoram_Manipur_Kachin_rain_forests,Andaman_Islands_rain_forests                  ,0.7987,-0.14253571611580404
Mizoram_Manipur_Kachin_rain_forests,0.2430850003987367,Mizoram_Manipur_Kachin_rain_forests,Western_Himalayan_alpine_shrub_and_meadows    ,0.8604,-0.14253571611580404
Mizoram_Manipur_Kachin_rain_forests,0.2430850003987367,Mizoram_Manipur_Kachin_rain_forests,Eastern_Himalayan_subalpine_conifer_forests   ,0.9465,-0.14253571611580404
Mizoram_Manipur_Kachin_rain_forests,0.2430850003987367,Mizoram_Manipur_Kachin_rain_forests,Deccan_thorn_scrub_forests                    ,0.9248,-0.14253571611580404
Mizoram_Manipur_Kachin_rain_forests,0.2430850003987367,Mizoram_Manipur_Kachin_rain_forests,Western_Himalayan_subalpine_conifer_forests   ,0.9371,-0.14253571611580404
Mizoram_Manipur_Kachin_rain_forests,0.2430850003987367,Mizoram_Manipur_Kachin_rain_forests,Lower_Gangetic_Plains_moist_deciduous_forests ,0.9728,-0.14253571611580404
Mizoram_Manipur_Kachin_rain_forests,0.2430850003987367,Mizoram_Manipur_Kachin_rain_forests,South_Western_Ghats_moist_deciduous_forests   ,0.9093,-0.14253571611580404
Mizoram_Manipur_Kachin_rain_forests,0.2430850003987367,Mizoram_Manipur_Kachin_rain_forests,Thar_desert                                   ,0.9144,-0.14253571611580404
Mizoram_Manipur_Kachin_rain_forests,0.2430850003987367,Mizoram_Manipur_Kachin_rain_forests,Godavari_Krishna_mangroves                    ,0.9339,-0.14253571611580404
Mizoram_Manipur_Kachin_rain_forests,0.2430850003987367,Mizoram_Manipur_Kachin_rain_forests,North_Tibetan_Plateau_Kunlun_Mountains_alpine_desert,0.8265,-0.14253571611580404
Mizoram_Manipur_Kachin_rain_forests,0.2430850003987367,Mizoram_Manipur_Kachin_rain_forests,Himalayan_subtropical_broadleaf_forests       ,0.9877,-0.14253571611580404
Mizoram_Manipur_Kachin_rain_forests,0.2430850003987367,Mizoram_Manipur_Kachin_rain_forests,South_Deccan_Plateau_dry_deciduous_forests    ,0.9302,-0.14253571611580404
Mizoram_Manipur_Kachin_rain_forests,0.2430850003987367,Mizoram_Manipur_Kachin_rain_forests,Orissa_semi_evergreen_forests                 ,0.9574,-0.14253571611580404
Mizoram_Manipur_Kachin_rain_forests,0.2430850003987367,Mizoram_Manipur_Kachin_rain_forests,Sundarbans_freshwater_swamp_forests           ,0.9547,-0.14253571611580404
Mizoram_Manipur_Kachin_rain_forests,0.2430850003987367,Mizoram_Manipur_Kachin_rain_forests,Himalayan_subtropical_pine_forests            ,0.9717,-0.14253571611580404
Karakoram_West_Tibetan_Plateau_alpine_steppe,0.2692506257651754,Karakoram_West_Tibetan_Plateau_alpine_steppe,Brahmaputra_Valley_semi_evergreen_forests     ,0.8084,-0.14253571611580404
Karakoram_West_Tibetan_Plateau_alpine_steppe,0.2692506257651754,Karakoram_West_Tibetan_Plateau_alpine_steppe,Western_Himalayan_broadleaf_forests           ,0.889,-0.14253571611580404
Karakoram_West_Tibetan_Plateau_alpine_steppe,0.2692506257651754,Karakoram_West_Tibetan_Plateau_alpine_steppe,Northeast_Himalayan_subalpine_conifer_forests ,0.9678,-0.14253571611580404
Karakoram_West_Tibetan_Plateau_alpine_steppe,0.2692506257651754,Karakoram_West_Tibetan_Plateau_alpine_steppe,South_Western_Ghats_montane_rain_forests      ,0.7669,-0.14253571611580404
Karakoram_West_Tibetan_Plateau_alpine_steppe,0.2692506257651754,Karakoram_West_Tibetan_Plateau_alpine_steppe,Narmada_Valley_dry_deciduous_forests          ,0.8335,-0.14253571611580404
Karakoram_West_Tibetan_Plateau_alpine_steppe,0.2692506257651754,Karakoram_West_Tibetan_Plateau_alpine_steppe,Mizoram_Manipur_Kachin_rain_forests           ,0.8209,-0.14253571611580404
Karakoram_West_Tibetan_Plateau_alpine_steppe,0.2692506257651754,Karakoram_West_Tibetan_Plateau_alpine_steppe,Khathiar_Gir_dry_deciduous_forests            ,0.8194,-0.14253571611580404
Karakoram_West_Tibetan_Plateau_alpine_steppe,0.2692506257651754,Karakoram_West_Tibetan_Plateau_alpine_steppe,Aravalli_west_thorn_scrub_forests             ,0.8038,-0.14253571611580404
Karakoram_West_Tibetan_Plateau_alpine_steppe,0.2692506257651754,Karakoram_West_Tibetan_Plateau_alpine_steppe,Maldives_Lakshadweep_Chagos_Archipelago_tropical_moist_forests,0.3997,-0.14253571611580404
Karakoram_West_Tibetan_Plateau_alpine_steppe,0.2692506257651754,Karakoram_West_Tibetan_Plateau_alpine_steppe,East_Deccan_moist_deciduous_forests           ,0.8196,-0.14253571611580404
Karakoram_West_Tibetan_Plateau_alpine_steppe,0.2692506257651754,Karakoram_West_Tibetan_Plateau_alpine_steppe,East_Deccan_dry_evergreen_forests             ,0.7386,-0.14253571611580404
Karakoram_West_Tibetan_Plateau_alpine_steppe,0.2692506257651754,Karakoram_West_Tibetan_Plateau_alpine_steppe,Central_Deccan_Plateau_dry_deciduous_forests  ,0.8239,-0.14253571611580404
Karakoram_West_Tibetan_Plateau_alpine_steppe,0.2692506257651754,Karakoram_West_Tibetan_Plateau_alpine_steppe,Eastern_Himalayan_broadleaf_forests           ,0.8524,-0.14253571611580404
Karakoram_West_Tibetan_Plateau_alpine_steppe,0.2692506257651754,Karakoram_West_Tibetan_Plateau_alpine_steppe,Central_Tibetan_Plateau_alpine_steppe         ,0.9748,-0.14253571611580404
Karakoram_West_Tibetan_Plateau_alpine_steppe,0.2692506257651754,Karakoram_West_Tibetan_Plateau_alpine_steppe,Terai_Duar_savanna_and_grasslands             ,0.7733,-0.14253571611580404
Karakoram_West_Tibetan_Plateau_alpine_steppe,0.2692506257651754,Karakoram_West_Tibetan_Plateau_alpine_steppe,Nicobar_Islands_rain_forests                  ,0.449,-0.14253571611580404
Karakoram_West_Tibetan_Plateau_alpine_steppe,0.2692506257651754,Karakoram_West_Tibetan_Plateau_alpine_steppe,Eastern_Himalayan_alpine_shrub_and_meadows    ,0.9627,-0.14253571611580404
Karakoram_West_Tibetan_Plateau_alpine_steppe,0.2692506257651754,Karakoram_West_Tibetan_Plateau_alpine_steppe,North_Western_Ghats_montane_rain_forests      ,0.7762,-0.14253571611580404
Karakoram_West_Tibetan_Plateau_alpine_steppe,0.2692506257651754,Karakoram_West_Tibetan_Plateau_alpine_steppe,Chhota_Nagpur_dry_deciduous_forests           ,0.8312,-0.14253571611580404
Karakoram_West_Tibetan_Plateau_alpine_steppe,0.2692506257651754,Karakoram_West_Tibetan_Plateau_alpine_steppe,Rann_of_Kutch_seasonal_salt_marsh             ,0.7844,-0.14253571611580404
Karakoram_West_Tibetan_Plateau_alpine_steppe,0.2692506257651754,Karakoram_West_Tibetan_Plateau_alpine_steppe,Northwestern_Himalayan_alpine_shrub_and_meadows,0.969,-0.14253571611580404
Karakoram_West_Tibetan_Plateau_alpine_steppe,0.2692506257651754,Karakoram_West_Tibetan_Plateau_alpine_steppe,Upper_Gangetic_Plains_moist_deciduous_forests ,0.7925,-0.14253571611580404
Karakoram_West_Tibetan_Plateau_alpine_steppe,0.2692506257651754,Karakoram_West_Tibetan_Plateau_alpine_steppe,North_Deccan_dry_deciduous_forests            ,0.8158,-0.14253571611580404
Karakoram_West_Tibetan_Plateau_alpine_steppe,0.2692506257651754,Karakoram_West_Tibetan_Plateau_alpine_steppe,Northeast_India_Myanmar_pine_forests          ,0.8782,-0.14253571611580404
Karakoram_West_Tibetan_Plateau_alpine_steppe,0.2692506257651754,Karakoram_West_Tibetan_Plateau_alpine_steppe,Sundarbans_mangroves                          ,0.782,-0.14253571611580404
Karakoram_West_Tibetan_Plateau_alpine_steppe,0.2692506257651754,Karakoram_West_Tibetan_Plateau_alpine_steppe,Karakoram_West_Tibetan_Plateau_alpine_steppe  ,1.0,-0.14253571611580404
Karakoram_West_Tibetan_Plateau_alpine_steppe,0.2692506257651754,Karakoram_West_Tibetan_Plateau_alpine_steppe,Baluchistan_xeric_woodlands                   ,0.9421,-0.14253571611580404
Karakoram_West_Tibetan_Plateau_alpine_steppe,0.2692506257651754,Karakoram_West_Tibetan_Plateau_alpine_steppe,Indus_River_Delta_Arabian_Sea_mangroves       ,0.7451,-0.14253571611580404
Karakoram_West_Tibetan_Plateau_alpine_steppe,0.2692506257651754,Karakoram_West_Tibetan_Plateau_alpine_steppe,Meghalaya_subtropical_forests                 ,0.8595,-0.14253571611580404
Karakoram_West_Tibetan_Plateau_alpine_steppe,0.2692506257651754,Karakoram_West_Tibetan_Plateau_alpine_steppe,Chin_Hills_Arakan_Yoma_montane_forests        ,0.8692,-0.14253571611580404
Karakoram_West_Tibetan_Plateau_alpine_steppe,0.2692506257651754,Karakoram_West_Tibetan_Plateau_alpine_steppe,North_Western_Ghats_moist_deciduous_forests   ,0.7591,-0.14253571611580404
Karakoram_West_Tibetan_Plateau_alpine_steppe,0.2692506257651754,Karakoram_West_Tibetan_Plateau_alpine_steppe,Northern_Triangle_temperate_forests           ,0.8878,-0.14253571611580404
Karakoram_West_Tibetan_Plateau_alpine_steppe,0.2692506257651754,Karakoram_West_Tibetan_Plateau_alpine_steppe,Malabar_Coast_moist_forests                   ,0.6144,-0.14253571611580404
Karakoram_West_Tibetan_Plateau_alpine_steppe,0.2692506257651754,Karakoram_West_Tibetan_Plateau_alpine_steppe,Andaman_Islands_rain_forests                  ,0.4795,-0.14253571611580404
Karakoram_West_Tibetan_Plateau_alpine_steppe,0.2692506257651754,Karakoram_West_Tibetan_Plateau_alpine_steppe,Western_Himalayan_alpine_shrub_and_meadows    ,0.9741,-0.14253571611580404
Karakoram_West_Tibetan_Plateau_alpine_steppe,0.2692506257651754,Karakoram_West_Tibetan_Plateau_alpine_steppe,Eastern_Himalayan_subalpine_conifer_forests   ,0.9428,-0.14253571611580404
Karakoram_West_Tibetan_Plateau_alpine_steppe,0.2692506257651754,Karakoram_West_Tibetan_Plateau_alpine_steppe,Deccan_thorn_scrub_forests                    ,0.7847,-0.14253571611580404
Karakoram_West_Tibetan_Plateau_alpine_steppe,0.2692506257651754,Karakoram_West_Tibetan_Plateau_alpine_steppe,Western_Himalayan_subalpine_conifer_forests   ,0.9144,-0.14253571611580404
Karakoram_West_Tibetan_Plateau_alpine_steppe,0.2692506257651754,Karakoram_West_Tibetan_Plateau_alpine_steppe,Lower_Gangetic_Plains_moist_deciduous_forests ,0.7821,-0.14253571611580404
Karakoram_West_Tibetan_Plateau_alpine_steppe,0.2692506257651754,Karakoram_West_Tibetan_Plateau_alpine_steppe,South_Western_Ghats_moist_deciduous_forests   ,0.756,-0.14253571611580404
Karakoram_West_Tibetan_Plateau_alpine_steppe,0.2692506257651754,Karakoram_West_Tibetan_Plateau_alpine_steppe,Thar_desert                                   ,0.762,-0.14253571611580404
Karakoram_West_Tibetan_Plateau_alpine_steppe,0.2692506257651754,Karakoram_West_Tibetan_Plateau_alpine_steppe,Godavari_Krishna_mangroves                    ,0.7442,-0.14253571611580404
Karakoram_West_Tibetan_Plateau_alpine_steppe,0.2692506257651754,Karakoram_West_Tibetan_Plateau_alpine_steppe,North_Tibetan_Plateau_Kunlun_Mountains_alpine_desert,0.9756,-0.14253571611580404
Karakoram_West_Tibetan_Plateau_alpine_steppe,0.2692506257651754,Karakoram_West_Tibetan_Plateau_alpine_steppe,Himalayan_subtropical_broadleaf_forests       ,0.8483,-0.14253571611580404
Karakoram_West_Tibetan_Plateau_alpine_steppe,0.2692506257651754,Karakoram_West_Tibetan_Plateau_alpine_steppe,South_Deccan_Plateau_dry_deciduous_forests    ,0.8359,-0.14253571611580404
Karakoram_West_Tibetan_Plateau_alpine_steppe,0.2692506257651754,Karakoram_West_Tibetan_Plateau_alpine_steppe,Orissa_semi_evergreen_forests                 ,0.7688,-0.14253571611580404
Karakoram_West_Tibetan_Plateau_alpine_steppe,0.2692506257651754,Karakoram_West_Tibetan_Plateau_alpine_steppe,Sundarbans_freshwater_swamp_forests           ,0.7988,-0.14253571611580404
Karakoram_West_Tibetan_Plateau_alpine_steppe,0.2692506257651754,Karakoram_West_Tibetan_Plateau_alpine_steppe,Himalayan_subtropical_pine_forests            ,0.8177,-0.14253571611580404
Northeast_Himalayan_subalpine_conifer_forests,0.4560605380876563,Northeast_Himalayan_subalpine_conifer_forests,Brahmaputra_Valley_semi_evergreen_forests     ,0.8647,-0.14253571611580404
Northeast_Himalayan_subalpine_conifer_forests,0.4560605380876563,Northeast_Himalayan_subalpine_conifer_forests,Western_Himalayan_broadleaf_forests           ,0.9139,-0.14253571611580404
Northeast_Himalayan_subalpine_conifer_forests,0.4560605380876563,Northeast_Himalayan_subalpine_conifer_forests,Northeast_Himalayan_subalpine_conifer_forests ,1.0,-0.14253571611580404
Northeast_Himalayan_subalpine_conifer_forests,0.4560605380876563,Northeast_Himalayan_subalpine_conifer_forests,South_Western_Ghats_montane_rain_forests      ,0.8252,-0.14253571611580404
Northeast_Himalayan_subalpine_conifer_forests,0.4560605380876563,Northeast_Himalayan_subalpine_conifer_forests,Narmada_Valley_dry_deciduous_forests          ,0.8983,-0.14253571611580404
Northeast_Himalayan_subalpine_conifer_forests,0.4560605380876563,Northeast_Himalayan_subalpine_conifer_forests,Mizoram_Manipur_Kachin_rain_forests           ,0.8977,-0.14253571611580404
Northeast_Himalayan_subalpine_conifer_forests,0.4560605380876563,Northeast_Himalayan_subalpine_conifer_forests,Khathiar_Gir_dry_deciduous_forests            ,0.8869,-0.14253571611580404
Northeast_Himalayan_subalpine_conifer_forests,0.4560605380876563,Northeast_Himalayan_subalpine_conifer_forests,Aravalli_west_thorn_scrub_forests             ,0.8796,-0.14253571611580404
Northeast_Himalayan_subalpine_conifer_forests,0.4560605380876563,Northeast_Himalayan_subalpine_conifer_forests,Maldives_Lakshadweep_Chagos_Archipelago_tropical_moist_forests,0.4389,-0.14253571611580404
Northeast_Himalayan_subalpine_conifer_forests,0.4560605380876563,Northeast_Himalayan_subalpine_conifer_forests,East_Deccan_moist_deciduous_forests           ,0.8888,-0.14253571611580404
Northeast_Himalayan_subalpine_conifer_forests,0.4560605380876563,Northeast_Himalayan_subalpine_conifer_forests,East_Deccan_dry_evergreen_forests             ,0.8012,-0.14253571611580404
Northeast_Himalayan_subalpine_conifer_forests,0.4560605380876563,Northeast_Himalayan_subalpine_conifer_forests,Central_Deccan_Plateau_dry_deciduous_forests  ,0.8842,-0.14253571611580404
Northeast_Himalayan_subalpine_conifer_forests,0.4560605380876563,Northeast_Himalayan_subalpine_conifer_forests,Eastern_Himalayan_broadleaf_forests           ,0.9219,-0.14253571611580404
Northeast_Himalayan_subalpine_conifer_forests,0.4560605380876563,Northeast_Himalayan_subalpine_conifer_forests,Central_Tibetan_Plateau_alpine_steppe         ,0.9835,-0.14253571611580404
Northeast_Himalayan_subalpine_conifer_forests,0.4560605380876563,Northeast_Himalayan_subalpine_conifer_forests,Terai_Duar_savanna_and_grasslands             ,0.8645,-0.14253571611580404
Northeast_Himalayan_subalpine_conifer_forests,0.4560605380876563,Northeast_Himalayan_subalpine_conifer_forests,Nicobar_Islands_rain_forests                  ,0.4937,-0.14253571611580404
Northeast_Himalayan_subalpine_conifer_forests,0.4560605380876563,Northeast_Himalayan_subalpine_conifer_forests,Eastern_Himalayan_alpine_shrub_and_meadows    ,0.9867,-0.14253571611580404
Northeast_Himalayan_subalpine_conifer_forests,0.4560605380876563,Northeast_Himalayan_subalpine_conifer_forests,North_Western_Ghats_montane_rain_forests      ,0.8652,-0.14253571611580404
Northeast_Himalayan_subalpine_conifer_forests,0.4560605380876563,Northeast_Himalayan_subalpine_conifer_forests,Chhota_Nagpur_dry_deciduous_forests           ,0.8947,-0.14253571611580404
Northeast_Himalayan_subalpine_conifer_forests,0.4560605380876563,Northeast_Himalayan_subalpine_conifer_forests,Rann_of_Kutch_seasonal_salt_marsh             ,0.855,-0.14253571611580404
Northeast_Himalayan_subalpine_conifer_forests,0.4560605380876563,Northeast_Himalayan_subalpine_conifer_forests,Northwestern_Himalayan_alpine_shrub_and_meadows,0.9347,-0.14253571611580404
Northeast_Himalayan_subalpine_conifer_forests,0.4560605380876563,Northeast_Himalayan_subalpine_conifer_forests,Upper_Gangetic_Plains_moist_deciduous_forests ,0.8709,-0.14253571611580404
Northeast_Himalayan_subalpine_conifer_forests,0.4560605380876563,Northeast_Himalayan_subalpine_conifer_forests,North_Deccan_dry_deciduous_forests            ,0.8841,-0.14253571611580404
Northeast_Himalayan_subalpine_conifer_forests,0.4560605380876563,Northeast_Himalayan_subalpine_conifer_forests,Northeast_India_Myanmar_pine_forests          ,0.9377,-0.14253571611580404
Northeast_Himalayan_subalpine_conifer_forests,0.4560605380876563,Northeast_Himalayan_subalpine_conifer_forests,Sundarbans_mangroves                          ,0.8368,-0.14253571611580404
Northeast_Himalayan_subalpine_conifer_forests,0.4560605380876563,Northeast_Himalayan_subalpine_conifer_forests,Karakoram_West_Tibetan_Plateau_alpine_steppe  ,0.9678,-0.14253571611580404
Northeast_Himalayan_subalpine_conifer_forests,0.4560605380876563,Northeast_Himalayan_subalpine_conifer_forests,Baluchistan_xeric_woodlands                   ,0.9516,-0.14253571611580404
Northeast_Himalayan_subalpine_conifer_forests,0.4560605380876563,Northeast_Himalayan_subalpine_conifer_forests,Indus_River_Delta_Arabian_Sea_mangroves       ,0.831,-0.14253571611580404
Northeast_Himalayan_subalpine_conifer_forests,0.4560605380876563,Northeast_Himalayan_subalpine_conifer_forests,Meghalaya_subtropical_forests                 ,0.9185,-0.14253571611580404
Northeast_Himalayan_subalpine_conifer_forests,0.4560605380876563,Northeast_Himalayan_subalpine_conifer_forests,Chin_Hills_Arakan_Yoma_montane_forests        ,0.9402,-0.14253571611580404
Northeast_Himalayan_subalpine_conifer_forests,0.4560605380876563,Northeast_Himalayan_subalpine_conifer_forests,North_Western_Ghats_moist_deciduous_forests   ,0.8566,-0.14253571611580404
Northeast_Himalayan_subalpine_conifer_forests,0.4560605380876563,Northeast_Himalayan_subalpine_conifer_forests,Northern_Triangle_temperate_forests           ,0.928,-0.14253571611580404
Northeast_Himalayan_subalpine_conifer_forests,0.4560605380876563,Northeast_Himalayan_subalpine_conifer_forests,Malabar_Coast_moist_forests                   ,0.71,-0.14253571611580404
Northeast_Himalayan_subalpine_conifer_forests,0.4560605380876563,Northeast_Himalayan_subalpine_conifer_forests,Andaman_Islands_rain_forests                  ,0.5675,-0.14253571611580404
Northeast_Himalayan_subalpine_conifer_forests,0.4560605380876563,Northeast_Himalayan_subalpine_conifer_forests,Western_Himalayan_alpine_shrub_and_meadows    ,0.9646,-0.14253571611580404
Northeast_Himalayan_subalpine_conifer_forests,0.4560605380876563,Northeast_Himalayan_subalpine_conifer_forests,Eastern_Himalayan_subalpine_conifer_forests   ,0.9888,-0.14253571611580404
Northeast_Himalayan_subalpine_conifer_forests,0.4560605380876563,Northeast_Himalayan_subalpine_conifer_forests,Deccan_thorn_scrub_forests                    ,0.8537,-0.14253571611580404
Northeast_Himalayan_subalpine_conifer_forests,0.4560605380876563,Northeast_Himalayan_subalpine_conifer_forests,Western_Himalayan_subalpine_conifer_forests   ,0.9309,-0.14253571611580404
Northeast_Himalayan_subalpine_conifer_forests,0.4560605380876563,Northeast_Himalayan_subalpine_conifer_forests,Lower_Gangetic_Plains_moist_deciduous_forests ,0.8633,-0.14253571611580404
Northeast_Himalayan_subalpine_conifer_forests,0.4560605380876563,Northeast_Himalayan_subalpine_conifer_forests,South_Western_Ghats_moist_deciduous_forests   ,0.8112,-0.14253571611580404
Northeast_Himalayan_subalpine_conifer_forests,0.4560605380876563,Northeast_Himalayan_subalpine_conifer_forests,Thar_desert                                   ,0.8395,-0.14253571611580404
Northeast_Himalayan_subalpine_conifer_forests,0.4560605380876563,Northeast_Himalayan_subalpine_conifer_forests,Godavari_Krishna_mangroves                    ,0.8136,-0.14253571611580404
Northeast_Himalayan_subalpine_conifer_forests,0.4560605380876563,Northeast_Himalayan_subalpine_conifer_forests,North_Tibetan_Plateau_Kunlun_Mountains_alpine_desert,0.9813,-0.14253571611580404
Northeast_Himalayan_subalpine_conifer_forests,0.4560605380876563,Northeast_Himalayan_subalpine_conifer_forests,Himalayan_subtropical_broadleaf_forests       ,0.9261,-0.14253571611580404
Northeast_Himalayan_subalpine_conifer_forests,0.4560605380876563,Northeast_Himalayan_subalpine_conifer_forests,South_Deccan_Plateau_dry_deciduous_forests    ,0.8796,-0.14253571611580404
Northeast_Himalayan_subalpine_conifer_forests,0.4560605380876563,Northeast_Himalayan_subalpine_conifer_forests,Orissa_semi_evergreen_forests                 ,0.8345,-0.14253571611580404
Northeast_Himalayan_subalpine_conifer_forests,0.4560605380876563,Northeast_Himalayan_subalpine_conifer_forests,Sundarbans_freshwater_swamp_forests           ,0.8558,-0.14253571611580404
Northeast_Himalayan_subalpine_conifer_forests,0.4560605380876563,Northeast_Himalayan_subalpine_conifer_forests,Himalayan_subtropical_pine_forests            ,0.8833,-0.14253571611580404
Narmada_Valley_dry_deciduous_forests,0.036299199708825,Narmada_Valley_dry_deciduous_forests,Brahmaputra_Valley_semi_evergreen_forests     ,0.9023,-0.14253571611580404
Narmada_Valley_dry_deciduous_forests,0.036299199708825,Narmada_Valley_dry_deciduous_forests,Western_Himalayan_broadleaf_forests           ,0.8769,-0.14253571611580404
Narmada_Valley_dry_deciduous_forests,0.036299199708825,Narmada_Valley_dry_deciduous_forests,Northeast_Himalayan_subalpine_conifer_forests ,0.8983,-0.14253571611580404
Narmada_Valley_dry_deciduous_forests,0.036299199708825,Narmada_Valley_dry_deciduous_forests,South_Western_Ghats_montane_rain_forests      ,0.8475,-0.14253571611580404
Narmada_Valley_dry_deciduous_forests,0.036299199708825,Narmada_Valley_dry_deciduous_forests,Narmada_Valley_dry_deciduous_forests          ,1.0,-0.14253571611580404
Narmada_Valley_dry_deciduous_forests,0.036299199708825,Narmada_Valley_dry_deciduous_forests,Mizoram_Manipur_Kachin_rain_forests           ,0.9296,-0.14253571611580404
Narmada_Valley_dry_deciduous_forests,0.036299199708825,Narmada_Valley_dry_deciduous_forests,Khathiar_Gir_dry_deciduous_forests            ,0.9954,-0.14253571611580404
Narmada_Valley_dry_deciduous_forests,0.036299199708825,Narmada_Valley_dry_deciduous_forests,Aravalli_west_thorn_scrub_forests             ,0.9783,-0.14253571611580404
Narmada_Valley_dry_deciduous_forests,0.036299199708825,Narmada_Valley_dry_deciduous_forests,Maldives_Lakshadweep_Chagos_Archipelago_tropical_moist_forests,0.5588,-0.14253571611580404
Narmada_Valley_dry_deciduous_forests,0.036299199708825,Narmada_Valley_dry_deciduous_forests,East_Deccan_moist_deciduous_forests           ,0.9771,-0.14253571611580404
Narmada_Valley_dry_deciduous_forests,0.036299199708825,Narmada_Valley_dry_deciduous_forests,East_Deccan_dry_evergreen_forests             ,0.9167,-0.14253571611580404
Narmada_Valley_dry_deciduous_forests,0.036299199708825,Narmada_Valley_dry_deciduous_forests,Central_Deccan_Plateau_dry_deciduous_forests  ,0.982,-0.14253571611580404
Narmada_Valley_dry_deciduous_forests,0.036299199708825,Narmada_Valley_dry_deciduous_forests,Eastern_Himalayan_broadleaf_forests           ,0.917,-0.14253571611580404
Narmada_Valley_dry_deciduous_forests,0.036299199708825,Narmada_Valley_dry_deciduous_forests,Central_Tibetan_Plateau_alpine_steppe         ,0.8468,-0.14253571611580404
Narmada_Valley_dry_deciduous_forests,0.036299199708825,Narmada_Valley_dry_deciduous_forests,Terai_Duar_savanna_and_grasslands             ,0.9447,-0.14253571611580404
Narmada_Valley_dry_deciduous_forests,0.036299199708825,Narmada_Valley_dry_deciduous_forests,Nicobar_Islands_rain_forests                  ,0.5893,-0.14253571611580404
Narmada_Valley_dry_deciduous_forests,0.036299199708825,Narmada_Valley_dry_deciduous_forests,Eastern_Himalayan_alpine_shrub_and_meadows    ,0.9157,-0.14253571611580404
Narmada_Valley_dry_deciduous_forests,0.036299199708825,Narmada_Valley_dry_deciduous_forests,North_Western_Ghats_montane_rain_forests      ,0.9216,-0.14253571611580404
Narmada_Valley_dry_deciduous_forests,0.036299199708825,Narmada_Valley_dry_deciduous_forests,Chhota_Nagpur_dry_deciduous_forests           ,0.9825,-0.14253571611580404
Narmada_Valley_dry_deciduous_forests,0.036299199708825,Narmada_Valley_dry_deciduous_forests,Rann_of_Kutch_seasonal_salt_marsh             ,0.9846,-0.14253571611580404
Narmada_Valley_dry_deciduous_forests,0.036299199708825,Narmada_Valley_dry_deciduous_forests,Northwestern_Himalayan_alpine_shrub_and_meadows,0.8119,-0.14253571611580404
Narmada_Valley_dry_deciduous_forests,0.036299199708825,Narmada_Valley_dry_deciduous_forests,Upper_Gangetic_Plains_moist_deciduous_forests ,0.985,-0.14253571611580404
Narmada_Valley_dry_deciduous_forests,0.036299199708825,Narmada_Valley_dry_deciduous_forests,North_Deccan_dry_deciduous_forests            ,0.9739,-0.14253571611580404
Narmada_Valley_dry_deciduous_forests,0.036299199708825,Narmada_Valley_dry_deciduous_forests,Northeast_India_Myanmar_pine_forests          ,0.8476,-0.14253571611580404
Narmada_Valley_dry_deciduous_forests,0.036299199708825,Narmada_Valley_dry_deciduous_forests,Sundarbans_mangroves                          ,0.9145,-0.14253571611580404
Narmada_Valley_dry_deciduous_forests,0.036299199708825,Narmada_Valley_dry_deciduous_forests,Karakoram_West_Tibetan_Plateau_alpine_steppe  ,0.8335,-0.14253571611580404
Narmada_Valley_dry_deciduous_forests,0.036299199708825,Narmada_Valley_dry_deciduous_forests,Baluchistan_xeric_woodlands                   ,0.9432,-0.14253571611580404
Narmada_Valley_dry_deciduous_forests,0.036299199708825,Narmada_Valley_dry_deciduous_forests,Indus_River_Delta_Arabian_Sea_mangroves       ,0.9507,-0.14253571611580404
Narmada_Valley_dry_deciduous_forests,0.036299199708825,Narmada_Valley_dry_deciduous_forests,Meghalaya_subtropical_forests                 ,0.9397,-0.14253571611580404
Narmada_Valley_dry_deciduous_forests,0.036299199708825,Narmada_Valley_dry_deciduous_forests,Chin_Hills_Arakan_Yoma_montane_forests        ,0.9239,-0.14253571611580404
Narmada_Valley_dry_deciduous_forests,0.036299199708825,Narmada_Valley_dry_deciduous_forests,North_Western_Ghats_moist_deciduous_forests   ,0.942,-0.14253571611580404
Narmada_Valley_dry_deciduous_forests,0.036299199708825,Narmada_Valley_dry_deciduous_forests,Northern_Triangle_temperate_forests           ,0.8383,-0.14253571611580404
Narmada_Valley_dry_deciduous_forests,0.036299199708825,Narmada_Valley_dry_deciduous_forests,Malabar_Coast_moist_forests                   ,0.8129,-0.14253571611580404
Narmada_Valley_dry_deciduous_forests,0.036299199708825,Narmada_Valley_dry_deciduous_forests,Andaman_Islands_rain_forests                  ,0.6601,-0.14253571611580404
Narmada_Valley_dry_deciduous_forests,0.036299199708825,Narmada_Valley_dry_deciduous_forests,Western_Himalayan_alpine_shrub_and_meadows    ,0.8286,-0.14253571611580404
Narmada_Valley_dry_deciduous_forests,0.036299199708825,Narmada_Valley_dry_deciduous_forests,Eastern_Himalayan_subalpine_conifer_forests   ,0.9209,-0.14253571611580404
Narmada_Valley_dry_deciduous_forests,0.036299199708825,Narmada_Valley_dry_deciduous_forests,Deccan_thorn_scrub_forests                    ,0.9506,-0.14253571611580404
Narmada_Valley_dry_deciduous_forests,0.036299199708825,Narmada_Valley_dry_deciduous_forests,Western_Himalayan_subalpine_conifer_forests   ,0.8911,-0.14253571611580404
Narmada_Valley_dry_deciduous_forests,0.036299199708825,Narmada_Valley_dry_deciduous_forests,Lower_Gangetic_Plains_moist_deciduous_forests ,0.9529,-0.14253571611580404
Narmada_Valley_dry_deciduous_forests,0.036299199708825,Narmada_Valley_dry_deciduous_forests,South_Western_Ghats_moist_deciduous_forests   ,0.8654,-0.14253571611580404
Narmada_Valley_dry_deciduous_forests,0.036299199708825,Narmada_Valley_dry_deciduous_forests,Thar_desert                                   ,0.9616,-0.14253571611580404
Narmada_Valley_dry_deciduous_forests,0.036299199708825,Narmada_Valley_dry_deciduous_forests,Godavari_Krishna_mangroves                    ,0.9315,-0.14253571611580404
Narmada_Valley_dry_deciduous_forests,0.036299199708825,Narmada_Valley_dry_deciduous_forests,North_Tibetan_Plateau_Kunlun_Mountains_alpine_desert,0.8637,-0.14253571611580404
Narmada_Valley_dry_deciduous_forests,0.036299199708825,Narmada_Valley_dry_deciduous_forests,Himalayan_subtropical_broadleaf_forests       ,0.9425,-0.14253571611580404
Narmada_Valley_dry_deciduous_forests,0.036299199708825,Narmada_Valley_dry_deciduous_forests,South_Deccan_Plateau_dry_deciduous_forests    ,0.9417,-0.14253571611580404
Narmada_Valley_dry_deciduous_forests,0.036299199708825,Narmada_Valley_dry_deciduous_forests,Orissa_semi_evergreen_forests                 ,0.9472,-0.14253571611580404
Narmada_Valley_dry_deciduous_forests,0.036299199708825,Narmada_Valley_dry_deciduous_forests,Sundarbans_freshwater_swamp_forests           ,0.9419,-0.14253571611580404
Narmada_Valley_dry_deciduous_forests,0.036299199708825,Narmada_Valley_dry_deciduous_forests,Himalayan_subtropical_pine_forests            ,0.9114,-0.14253571611580404
Nicobar_Islands_rain_forests,0.5430688977408955,Nicobar_Islands_rain_forests,Brahmaputra_Valley_semi_evergreen_forests     ,0.6536,-0.14253571611580404
Nicobar_Islands_rain_forests,0.5430688977408955,Nicobar_Islands_rain_forests,Western_Himalayan_broadleaf_forests           ,0.7719,-0.14253571611580404
Nicobar_Islands_rain_forests,0.5430688977408955,Nicobar_Islands_rain_forests,Northeast_Himalayan_subalpine_conifer_forests ,0.4937,-0.14253571611580404
Nicobar_Islands_rain_forests,0.5430688977408955,Nicobar_Islands_rain_forests,South_Western_Ghats_montane_rain_forests      ,0.8529,-0.14253571611580404
Nicobar_Islands_rain_forests,0.5430688977408955,Nicobar_Islands_rain_forests,Narmada_Valley_dry_deciduous_forests          ,0.5893,-0.14253571611580404
Nicobar_Islands_rain_forests,0.5430688977408955,Nicobar_Islands_rain_forests,Mizoram_Manipur_Kachin_rain_forests           ,0.708,-0.14253571611580404
Nicobar_Islands_rain_forests,0.5430688977408955,Nicobar_Islands_rain_forests,Khathiar_Gir_dry_deciduous_forests            ,0.5976,-0.14253571611580404
Nicobar_Islands_rain_forests,0.5430688977408955,Nicobar_Islands_rain_forests,Aravalli_west_thorn_scrub_forests             ,0.626,-0.14253571611580404
Nicobar_Islands_rain_forests,0.5430688977408955,Nicobar_Islands_rain_forests,Maldives_Lakshadweep_Chagos_Archipelago_tropical_moist_forests,0.9015,-0.14253571611580404
Nicobar_Islands_rain_forests,0.5430688977408955,Nicobar_Islands_rain_forests,East_Deccan_moist_deciduous_forests           ,0.6843,-0.14253571611580404
Nicobar_Islands_rain_forests,0.5430688977408955,Nicobar_Islands_rain_forests,East_Deccan_dry_evergreen_forests             ,0.7983,-0.14253571611580404
Nicobar_Islands_rain_forests,0.5430688977408955,Nicobar_Islands_rain_forests,Central_Deccan_Plateau_dry_deciduous_forests  ,0.6674,-0.14253571611580404
Nicobar_Islands_rain_forests,0.5430688977408955,Nicobar_Islands_rain_forests,Eastern_Himalayan_broadleaf_forests           ,0.7353,-0.14253571611580404
Nicobar_Islands_rain_forests,0.5430688977408955,Nicobar_Islands_rain_forests,Central_Tibetan_Plateau_alpine_steppe         ,0.3886,-0.14253571611580404
Nicobar_Islands_rain_forests,0.5430688977408955,Nicobar_Islands_rain_forests,Terai_Duar_savanna_and_grasslands             ,0.6516,-0.14253571611580404
Nicobar_Islands_rain_forests,0.5430688977408955,Nicobar_Islands_rain_forests,Nicobar_Islands_rain_forests                  ,1.0,-0.14253571611580404
Nicobar_Islands_rain_forests,0.5430688977408955,Nicobar_Islands_rain_forests,Eastern_Himalayan_alpine_shrub_and_meadows    ,0.5232,-0.14253571611580404
Nicobar_Islands_rain_forests,0.5430688977408955,Nicobar_Islands_rain_forests,North_Western_Ghats_montane_rain_forests      ,0.6738,-0.14253571611580404
Nicobar_Islands_rain_forests,0.5430688977408955,Nicobar_Islands_rain_forests,Chhota_Nagpur_dry_deciduous_forests           ,0.6443,-0.14253571611580404
Nicobar_Islands_rain_forests,0.5430688977408955,Nicobar_Islands_rain_forests,Rann_of_Kutch_seasonal_salt_marsh             ,0.5841,-0.14253571611580404
Nicobar_Islands_rain_forests,0.5430688977408955,Nicobar_Islands_rain_forests,Northwestern_Himalayan_alpine_shrub_and_meadows,0.5524,-0.14253571611580404
Nicobar_Islands_rain_forests,0.5430688977408955,Nicobar_Islands_rain_forests,Upper_Gangetic_Plains_moist_deciduous_forests ,0.6611,-0.14253571611580404
Nicobar_Islands_rain_forests,0.5430688977408955,Nicobar_Islands_rain_forests,North_Deccan_dry_deciduous_forests            ,0.6158,-0.14253571611580404
Nicobar_Islands_rain_forests,0.5430688977408955,Nicobar_Islands_rain_forests,Northeast_India_Myanmar_pine_forests          ,0.5708,-0.14253571611580404
Nicobar_Islands_rain_forests,0.5430688977408955,Nicobar_Islands_rain_forests,Sundarbans_mangroves                          ,0.6481,-0.14253571611580404
Nicobar_Islands_rain_forests,0.5430688977408955,Nicobar_Islands_rain_forests,Karakoram_West_Tibetan_Plateau_alpine_steppe  ,0.449,-0.14253571611580404
Nicobar_Islands_rain_forests,0.5430688977408955,Nicobar_Islands_rain_forests,Baluchistan_xeric_woodlands                   ,0.6006,-0.14253571611580404
Nicobar_Islands_rain_forests,0.5430688977408955,Nicobar_Islands_rain_forests,Indus_River_Delta_Arabian_Sea_mangroves       ,0.7015,-0.14253571611580404
Nicobar_Islands_rain_forests,0.5430688977408955,Nicobar_Islands_rain_forests,Meghalaya_subtropical_forests                 ,0.6677,-0.14253571611580404
Nicobar_Islands_rain_forests,0.5430688977408955,Nicobar_Islands_rain_forests,Chin_Hills_Arakan_Yoma_montane_forests        ,0.6403,-0.14253571611580404
Nicobar_Islands_rain_forests,0.5430688977408955,Nicobar_Islands_rain_forests,North_Western_Ghats_moist_deciduous_forests   ,0.7104,-0.14253571611580404
Nicobar_Islands_rain_forests,0.5430688977408955,Nicobar_Islands_rain_forests,Northern_Triangle_temperate_forests           ,0.6088,-0.14253571611580404
Nicobar_Islands_rain_forests,0.5430688977408955,Nicobar_Islands_rain_forests,Malabar_Coast_moist_forests                   ,0.8628,-0.14253571611580404
Nicobar_Islands_rain_forests,0.5430688977408955,Nicobar_Islands_rain_forests,Andaman_Islands_rain_forests                  ,0.9533,-0.14253571611580404
Nicobar_Islands_rain_forests,0.5430688977408955,Nicobar_Islands_rain_forests,Western_Himalayan_alpine_shrub_and_meadows    ,0.5645,-0.14253571611580404
Nicobar_Islands_rain_forests,0.5430688977408955,Nicobar_Islands_rain_forests,Eastern_Himalayan_subalpine_conifer_forests   ,0.5889,-0.14253571611580404
Nicobar_Islands_rain_forests,0.5430688977408955,Nicobar_Islands_rain_forests,Deccan_thorn_scrub_forests                    ,0.759,-0.14253571611580404
Nicobar_Islands_rain_forests,0.5430688977408955,Nicobar_Islands_rain_forests,Western_Himalayan_subalpine_conifer_forests   ,0.736,-0.14253571611580404
Nicobar_Islands_rain_forests,0.5430688977408955,Nicobar_Islands_rain_forests,Lower_Gangetic_Plains_moist_deciduous_forests ,0.694,-0.14253571611580404
Nicobar_Islands_rain_forests,0.5430688977408955,Nicobar_Islands_rain_forests,South_Western_Ghats_moist_deciduous_forests   ,0.8744,-0.14253571611580404
Nicobar_Islands_rain_forests,0.5430688977408955,Nicobar_Islands_rain_forests,Thar_desert                                   ,0.5676,-0.14253571611580404
Nicobar_Islands_rain_forests,0.5430688977408955,Nicobar_Islands_rain_forests,Godavari_Krishna_mangroves                    ,0.7321,-0.14253571611580404
Nicobar_Islands_rain_forests,0.5430688977408955,Nicobar_Islands_rain_forests,North_Tibetan_Plateau_Kunlun_Mountains_alpine_desert,0.3955,-0.14253571611580404
Nicobar_Islands_rain_forests,0.5430688977408955,Nicobar_Islands_rain_forests,Himalayan_subtropical_broadleaf_forests       ,0.6672,-0.14253571611580404
Nicobar_Islands_rain_forests,0.5430688977408955,Nicobar_Islands_rain_forests,South_Deccan_Plateau_dry_deciduous_forests    ,0.7597,-0.14253571611580404
Nicobar_Islands_rain_forests,0.5430688977408955,Nicobar_Islands_rain_forests,Orissa_semi_evergreen_forests                 ,0.6889,-0.14253571611580404
Nicobar_Islands_rain_forests,0.5430688977408955,Nicobar_Islands_rain_forests,Sundarbans_freshwater_swamp_forests           ,0.6366,-0.14253571611580404
Nicobar_Islands_rain_forests,0.5430688977408955,Nicobar_Islands_rain_forests,Himalayan_subtropical_pine_forests            ,0.8054,-0.14253571611580404
Meghalaya_subtropical_forests,0.240584197440814,Meghalaya_subtropical_forests,Brahmaputra_Valley_semi_evergreen_forests     ,0.9815,-0.14253571611580404
Meghalaya_subtropical_forests,0.240584197440814,Meghalaya_subtropical_forests,Western_Himalayan_broadleaf_forests           ,0.943,-0.14253571611580404
Meghalaya_subtropical_forests,0.240584197440814,Meghalaya_subtropical_forests,Northeast_Himalayan_subalpine_conifer_forests ,0.9185,-0.14253571611580404
Meghalaya_subtropical_forests,0.240584197440814,Meghalaya_subtropical_forests,South_Western_Ghats_montane_rain_forests      ,0.9015,-0.14253571611580404
Meghalaya_subtropical_forests,0.240584197440814,Meghalaya_subtropical_forests,Narmada_Valley_dry_deciduous_forests          ,0.9397,-0.14253571611580404
Meghalaya_subtropical_forests,0.240584197440814,Meghalaya_subtropical_forests,Mizoram_Manipur_Kachin_rain_forests           ,0.988,-0.14253571611580404
Meghalaya_subtropical_forests,0.240584197440814,Meghalaya_subtropical_forests,Khathiar_Gir_dry_deciduous_forests            ,0.9363,-0.14253571611580404
Meghalaya_subtropical_forests,0.240584197440814,Meghalaya_subtropical_forests,Aravalli_west_thorn_scrub_forests             ,0.9411,-0.14253571611580404
Meghalaya_subtropical_forests,0.240584197440814,Meghalaya_subtropical_forests,Maldives_Lakshadweep_Chagos_Archipelago_tropical_moist_forests,0.6147,-0.14253571611580404
Meghalaya_subtropical_forests,0.240584197440814,Meghalaya_subtropical_forests,East_Deccan_moist_deciduous_forests           ,0.9559,-0.14253571611580404
Meghalaya_subtropical_forests,0.240584197440814,Meghalaya_subtropical_forests,East_Deccan_dry_evergreen_forests             ,0.905,-0.14253571611580404
Meghalaya_subtropical_forests,0.240584197440814,Meghalaya_subtropical_forests,Central_Deccan_Plateau_dry_deciduous_forests  ,0.9463,-0.14253571611580404
Meghalaya_subtropical_forests,0.240584197440814,Meghalaya_subtropical_forests,Eastern_Himalayan_broadleaf_forests           ,0.9829,-0.14253571611580404
Meghalaya_subtropical_forests,0.240584197440814,Meghalaya_subtropical_forests,Central_Tibetan_Plateau_alpine_steppe         ,0.8526,-0.14253571611580404
Meghalaya_subtropical_forests,0.240584197440814,Meghalaya_subtropical_forests,Terai_Duar_savanna_and_grasslands             ,0.9674,-0.14253571611580404
Meghalaya_subtropical_forests,0.240584197440814,Meghalaya_subtropical_forests,Nicobar_Islands_rain_forests                  ,0.6677,-0.14253571611580404
Meghalaya_subtropical_forests,0.240584197440814,Meghalaya_subtropical_forests,Eastern_Himalayan_alpine_shrub_and_meadows    ,0.9273,-0.14253571611580404
Meghalaya_subtropical_forests,0.240584197440814,Meghalaya_subtropical_forests,North_Western_Ghats_montane_rain_forests      ,0.9255,-0.14253571611580404
Meghalaya_subtropical_forests,0.240584197440814,Meghalaya_subtropical_forests,Chhota_Nagpur_dry_deciduous_forests           ,0.9603,-0.14253571611580404
Meghalaya_subtropical_forests,0.240584197440814,Meghalaya_subtropical_forests,Rann_of_Kutch_seasonal_salt_marsh             ,0.9195,-0.14253571611580404
Meghalaya_subtropical_forests,0.240584197440814,Meghalaya_subtropical_forests,Northwestern_Himalayan_alpine_shrub_and_meadows,0.868,-0.14253571611580404
Meghalaya_subtropical_forests,0.240584197440814,Meghalaya_subtropical_forests,Upper_Gangetic_Plains_moist_deciduous_forests ,0.9483,-0.14253571611580404
Meghalaya_subtropical_forests,0.240584197440814,Meghalaya_subtropical_forests,North_Deccan_dry_deciduous_forests            ,0.9596,-0.14253571611580404
Meghalaya_subtropical_forests,0.240584197440814,Meghalaya_subtropical_forests,Northeast_India_Myanmar_pine_forests          ,0.941,-0.14253571611580404
Meghalaya_subtropical_forests,0.240584197440814,Meghalaya_subtropical_forests,Sundarbans_mangroves                          ,0.968,-0.14253571611580404
Meghalaya_subtropical_forests,0.240584197440814,Meghalaya_subtropical_forests,Karakoram_West_Tibetan_Plateau_alpine_steppe  ,0.8595,-0.14253571611580404
Meghalaya_subtropical_forests,0.240584197440814,Meghalaya_subtropical_forests,Baluchistan_xeric_woodlands                   ,0.9335,-0.14253571611580404
Meghalaya_subtropical_forests,0.240584197440814,Meghalaya_subtropical_forests,Indus_River_Delta_Arabian_Sea_mangroves       ,0.8972,-0.14253571611580404
Meghalaya_subtropical_forests,0.240584197440814,Meghalaya_subtropical_forests,Meghalaya_subtropical_forests                 ,1.0,-0.14253571611580404
Meghalaya_subtropical_forests,0.240584197440814,Meghalaya_subtropical_forests,Chin_Hills_Arakan_Yoma_montane_forests        ,0.9694,-0.14253571611580404
Meghalaya_subtropical_forests,0.240584197440814,Meghalaya_subtropical_forests,North_Western_Ghats_moist_deciduous_forests   ,0.9357,-0.14253571611580404
Meghalaya_subtropical_forests,0.240584197440814,Meghalaya_subtropical_forests,Northern_Triangle_temperate_forests           ,0.9469,-0.14253571611580404
Meghalaya_subtropical_forests,0.240584197440814,Meghalaya_subtropical_forests,Malabar_Coast_moist_forests                   ,0.8527,-0.14253571611580404
Meghalaya_subtropical_forests,0.240584197440814,Meghalaya_subtropical_forests,Andaman_Islands_rain_forests                  ,0.7485,-0.14253571611580404
Meghalaya_subtropical_forests,0.240584197440814,Meghalaya_subtropical_forests,Western_Himalayan_alpine_shrub_and_meadows    ,0.8868,-0.14253571611580404
Meghalaya_subtropical_forests,0.240584197440814,Meghalaya_subtropical_forests,Eastern_Himalayan_subalpine_conifer_forests   ,0.9605,-0.14253571611580404
Meghalaya_subtropical_forests,0.240584197440814,Meghalaya_subtropical_forests,Deccan_thorn_scrub_forests                    ,0.9201,-0.14253571611580404
Meghalaya_subtropical_forests,0.240584197440814,Meghalaya_subtropical_forests,Western_Himalayan_subalpine_conifer_forests   ,0.9452,-0.14253571611580404
Meghalaya_subtropical_forests,0.240584197440814,Meghalaya_subtropical_forests,Lower_Gangetic_Plains_moist_deciduous_forests ,0.9708,-0.14253571611580404
Meghalaya_subtropical_forests,0.240584197440814,Meghalaya_subtropical_forests,South_Western_Ghats_moist_deciduous_forests   ,0.8973,-0.14253571611580404
Meghalaya_subtropical_forests,0.240584197440814,Meghalaya_subtropical_forests,Thar_desert                                   ,0.9063,-0.14253571611580404
Meghalaya_subtropical_forests,0.240584197440814,Meghalaya_subtropical_forests,Godavari_Krishna_mangroves                    ,0.9156,-0.14253571611580404
Meghalaya_subtropical_forests,0.240584197440814,Meghalaya_subtropical_forests,North_Tibetan_Plateau_Kunlun_Mountains_alpine_desert,0.858,-0.14253571611580404
Meghalaya_subtropical_forests,0.240584197440814,Meghalaya_subtropical_forests,Himalayan_subtropical_broadleaf_forests       ,0.9834,-0.14253571611580404
Meghalaya_subtropical_forests,0.240584197440814,Meghalaya_subtropical_forests,South_Deccan_Plateau_dry_deciduous_forests    ,0.9303,-0.14253571611580404
Meghalaya_subtropical_forests,0.240584197440814,Meghalaya_subtropical_forests,Orissa_semi_evergreen_forests                 ,0.95,-0.14253571611580404
Meghalaya_subtropical_forests,0.240584197440814,Meghalaya_subtropical_forests,Sundarbans_freshwater_swamp_forests           ,0.9686,-0.14253571611580404
Meghalaya_subtropical_forests,0.240584197440814,Meghalaya_subtropical_forests,Himalayan_subtropical_pine_forests            ,0.965,-0.14253571611580404
Northeast_India_Myanmar_pine_forests,0.1685534023034679,Northeast_India_Myanmar_pine_forests,Brahmaputra_Valley_semi_evergreen_forests     ,0.9304,-0.14253571611580404
Northeast_India_Myanmar_pine_forests,0.1685534023034679,Northeast_India_Myanmar_pine_forests,Western_Himalayan_broadleaf_forests           ,0.925,-0.14253571611580404
Northeast_India_Myanmar_pine_forests,0.1685534023034679,Northeast_India_Myanmar_pine_forests,Northeast_Himalayan_subalpine_conifer_forests ,0.9377,-0.14253571611580404
Northeast_India_Myanmar_pine_forests,0.1685534023034679,Northeast_India_Myanmar_pine_forests,South_Western_Ghats_montane_rain_forests      ,0.842,-0.14253571611580404
Northeast_India_Myanmar_pine_forests,0.1685534023034679,Northeast_India_Myanmar_pine_forests,Narmada_Valley_dry_deciduous_forests          ,0.8476,-0.14253571611580404
Northeast_India_Myanmar_pine_forests,0.1685534023034679,Northeast_India_Myanmar_pine_forests,Mizoram_Manipur_Kachin_rain_forests           ,0.9371,-0.14253571611580404
Northeast_India_Myanmar_pine_forests,0.1685534023034679,Northeast_India_Myanmar_pine_forests,Khathiar_Gir_dry_deciduous_forests            ,0.8331,-0.14253571611580404
Northeast_India_Myanmar_pine_forests,0.1685534023034679,Northeast_India_Myanmar_pine_forests,Aravalli_west_thorn_scrub_forests             ,0.8526,-0.14253571611580404
Northeast_India_Myanmar_pine_forests,0.1685534023034679,Northeast_India_Myanmar_pine_forests,Maldives_Lakshadweep_Chagos_Archipelago_tropical_moist_forests,0.4528,-0.14253571611580404
Northeast_India_Myanmar_pine_forests,0.1685534023034679,Northeast_India_Myanmar_pine_forests,East_Deccan_moist_deciduous_forests           ,0.8548,-0.14253571611580404
Northeast_India_Myanmar_pine_forests,0.1685534023034679,Northeast_India_Myanmar_pine_forests,East_Deccan_dry_evergreen_forests             ,0.7817,-0.14253571611580404
Northeast_India_Myanmar_pine_forests,0.1685534023034679,Northeast_India_Myanmar_pine_forests,Central_Deccan_Plateau_dry_deciduous_forests  ,0.8343,-0.14253571611580404
Northeast_India_Myanmar_pine_forests,0.1685534023034679,Northeast_India_Myanmar_pine_forests,Eastern_Himalayan_broadleaf_forests           ,0.9526,-0.14253571611580404
Northeast_India_Myanmar_pine_forests,0.1685534023034679,Northeast_India_Myanmar_pine_forests,Central_Tibetan_Plateau_alpine_steppe         ,0.8955,-0.14253571611580404
Northeast_India_Myanmar_pine_forests,0.1685534023034679,Northeast_India_Myanmar_pine_forests,Terai_Duar_savanna_and_grasslands             ,0.9044,-0.14253571611580404
Northeast_India_Myanmar_pine_forests,0.1685534023034679,Northeast_India_Myanmar_pine_forests,Nicobar_Islands_rain_forests                  ,0.5708,-0.14253571611580404
Northeast_India_Myanmar_pine_forests,0.1685534023034679,Northeast_India_Myanmar_pine_forests,Eastern_Himalayan_alpine_shrub_and_meadows    ,0.9126,-0.14253571611580404
Northeast_India_Myanmar_pine_forests,0.1685534023034679,Northeast_India_Myanmar_pine_forests,North_Western_Ghats_montane_rain_forests      ,0.8444,-0.14253571611580404
Northeast_India_Myanmar_pine_forests,0.1685534023034679,Northeast_India_Myanmar_pine_forests,Chhota_Nagpur_dry_deciduous_forests           ,0.8651,-0.14253571611580404
Northeast_India_Myanmar_pine_forests,0.1685534023034679,Northeast_India_Myanmar_pine_forests,Rann_of_Kutch_seasonal_salt_marsh             ,0.8176,-0.14253571611580404
Northeast_India_Myanmar_pine_forests,0.1685534023034679,Northeast_India_Myanmar_pine_forests,Northwestern_Himalayan_alpine_shrub_and_meadows,0.8901,-0.14253571611580404
Northeast_India_Myanmar_pine_forests,0.1685534023034679,Northeast_India_Myanmar_pine_forests,Upper_Gangetic_Plains_moist_deciduous_forests ,0.8525,-0.14253571611580404
Northeast_India_Myanmar_pine_forests,0.1685534023034679,Northeast_India_Myanmar_pine_forests,North_Deccan_dry_deciduous_forests            ,0.8661,-0.14253571611580404
Northeast_India_Myanmar_pine_forests,0.1685534023034679,Northeast_India_Myanmar_pine_forests,Northeast_India_Myanmar_pine_forests          ,1.0,-0.14253571611580404
Northeast_India_Myanmar_pine_forests,0.1685534023034679,Northeast_India_Myanmar_pine_forests,Sundarbans_mangroves                          ,0.878,-0.14253571611580404
Northeast_India_Myanmar_pine_forests,0.1685534023034679,Northeast_India_Myanmar_pine_forests,Karakoram_West_Tibetan_Plateau_alpine_steppe  ,0.8782,-0.14253571611580404
Northeast_India_Myanmar_pine_forests,0.1685534023034679,Northeast_India_Myanmar_pine_forests,Baluchistan_xeric_woodlands                   ,0.8801,-0.14253571611580404
Northeast_India_Myanmar_pine_forests,0.1685534023034679,Northeast_India_Myanmar_pine_forests,Indus_River_Delta_Arabian_Sea_mangroves       ,0.8012,-0.14253571611580404
Northeast_India_Myanmar_pine_forests,0.1685534023034679,Northeast_India_Myanmar_pine_forests,Meghalaya_subtropical_forests                 ,0.941,-0.14253571611580404
Northeast_India_Myanmar_pine_forests,0.1685534023034679,Northeast_India_Myanmar_pine_forests,Chin_Hills_Arakan_Yoma_montane_forests        ,0.9645,-0.14253571611580404
Northeast_India_Myanmar_pine_forests,0.1685534023034679,Northeast_India_Myanmar_pine_forests,North_Western_Ghats_moist_deciduous_forests   ,0.8332,-0.14253571611580404
Northeast_India_Myanmar_pine_forests,0.1685534023034679,Northeast_India_Myanmar_pine_forests,Northern_Triangle_temperate_forests           ,0.9755,-0.14253571611580404
Northeast_India_Myanmar_pine_forests,0.1685534023034679,Northeast_India_Myanmar_pine_forests,Malabar_Coast_moist_forests                   ,0.7348,-0.14253571611580404
Northeast_India_Myanmar_pine_forests,0.1685534023034679,Northeast_India_Myanmar_pine_forests,Andaman_Islands_rain_forests                  ,0.6535,-0.14253571611580404
Northeast_India_Myanmar_pine_forests,0.1685534023034679,Northeast_India_Myanmar_pine_forests,Western_Himalayan_alpine_shrub_and_meadows    ,0.922,-0.14253571611580404
Northeast_India_Myanmar_pine_forests,0.1685534023034679,Northeast_India_Myanmar_pine_forests,Eastern_Himalayan_subalpine_conifer_forests   ,0.9625,-0.14253571611580404
Northeast_India_Myanmar_pine_forests,0.1685534023034679,Northeast_India_Myanmar_pine_forests,Deccan_thorn_scrub_forests                    ,0.8092,-0.14253571611580404
Northeast_India_Myanmar_pine_forests,0.1685534023034679,Northeast_India_Myanmar_pine_forests,Western_Himalayan_subalpine_conifer_forests   ,0.9252,-0.14253571611580404
Northeast_India_Myanmar_pine_forests,0.1685534023034679,Northeast_India_Myanmar_pine_forests,Lower_Gangetic_Plains_moist_deciduous_forests ,0.8862,-0.14253571611580404
Northeast_India_Myanmar_pine_forests,0.1685534023034679,Northeast_India_Myanmar_pine_forests,South_Western_Ghats_moist_deciduous_forests   ,0.8088,-0.14253571611580404
Northeast_India_Myanmar_pine_forests,0.1685534023034679,Northeast_India_Myanmar_pine_forests,Thar_desert                                   ,0.8114,-0.14253571611580404
Northeast_India_Myanmar_pine_forests,0.1685534023034679,Northeast_India_Myanmar_pine_forests,Godavari_Krishna_mangroves                    ,0.7919,-0.14253571611580404
Northeast_India_Myanmar_pine_forests,0.1685534023034679,Northeast_India_Myanmar_pine_forests,North_Tibetan_Plateau_Kunlun_Mountains_alpine_desert,0.8792,-0.14253571611580404
Northeast_India_Myanmar_pine_forests,0.1685534023034679,Northeast_India_Myanmar_pine_forests,Himalayan_subtropical_broadleaf_forests       ,0.9519,-0.14253571611580404
Northeast_India_Myanmar_pine_forests,0.1685534023034679,Northeast_India_Myanmar_pine_forests,South_Deccan_Plateau_dry_deciduous_forests    ,0.8319,-0.14253571611580404
Northeast_India_Myanmar_pine_forests,0.1685534023034679,Northeast_India_Myanmar_pine_forests,Orissa_semi_evergreen_forests                 ,0.8463,-0.14253571611580404
Northeast_India_Myanmar_pine_forests,0.1685534023034679,Northeast_India_Myanmar_pine_forests,Sundarbans_freshwater_swamp_forests           ,0.8816,-0.14253571611580404
Northeast_India_Myanmar_pine_forests,0.1685534023034679,Northeast_India_Myanmar_pine_forests,Himalayan_subtropical_pine_forests            ,0.9181,-0.14253571611580404
Northern_Triangle_temperate_forests,0.2593604939081895,Northern_Triangle_temperate_forests,Brahmaputra_Valley_semi_evergreen_forests     ,0.9363,-0.14253571611580404
Northern_Triangle_temperate_forests,0.2593604939081895,Northern_Triangle_temperate_forests,Western_Himalayan_broadleaf_forests           ,0.9371,-0.14253571611580404
Northern_Triangle_temperate_forests,0.2593604939081895,Northern_Triangle_temperate_forests,Northeast_Himalayan_subalpine_conifer_forests ,0.928,-0.14253571611580404
Northern_Triangle_temperate_forests,0.2593604939081895,Northern_Triangle_temperate_forests,South_Western_Ghats_montane_rain_forests      ,0.8652,-0.14253571611580404
Northern_Triangle_temperate_forests,0.2593604939081895,Northern_Triangle_temperate_forests,Narmada_Valley_dry_deciduous_forests          ,0.8383,-0.14253571611580404
Northern_Triangle_temperate_forests,0.2593604939081895,Northern_Triangle_temperate_forests,Mizoram_Manipur_Kachin_rain_forests           ,0.9358,-0.14253571611580404
Northern_Triangle_temperate_forests,0.2593604939081895,Northern_Triangle_temperate_forests,Khathiar_Gir_dry_deciduous_forests            ,0.8247,-0.14253571611580404
Northern_Triangle_temperate_forests,0.2593604939081895,Northern_Triangle_temperate_forests,Aravalli_west_thorn_scrub_forests             ,0.8266,-0.14253571611580404
Northern_Triangle_temperate_forests,0.2593604939081895,Northern_Triangle_temperate_forests,Maldives_Lakshadweep_Chagos_Archipelago_tropical_moist_forests,0.5111,-0.14253571611580404
Northern_Triangle_temperate_forests,0.2593604939081895,Northern_Triangle_temperate_forests,East_Deccan_moist_deciduous_forests           ,0.8498,-0.14253571611580404
Northern_Triangle_temperate_forests,0.2593604939081895,Northern_Triangle_temperate_forests,East_Deccan_dry_evergreen_forests             ,0.7796,-0.14253571611580404
Northern_Triangle_temperate_forests,0.2593604939081895,Northern_Triangle_temperate_forests,Central_Deccan_Plateau_dry_deciduous_forests  ,0.8338,-0.14253571611580404
Northern_Triangle_temperate_forests,0.2593604939081895,Northern_Triangle_temperate_forests,Eastern_Himalayan_broadleaf_forests           ,0.9566,-0.14253571611580404
Northern_Triangle_temperate_forests,0.2593604939081895,Northern_Triangle_temperate_forests,Central_Tibetan_Plateau_alpine_steppe         ,0.8819,-0.14253571611580404
Northern_Triangle_temperate_forests,0.2593604939081895,Northern_Triangle_temperate_forests,Terai_Duar_savanna_and_grasslands             ,0.8809,-0.14253571611580404
Northern_Triangle_temperate_forests,0.2593604939081895,Northern_Triangle_temperate_forests,Nicobar_Islands_rain_forests                  ,0.6088,-0.14253571611580404
Northern_Triangle_temperate_forests,0.2593604939081895,Northern_Triangle_temperate_forests,Eastern_Himalayan_alpine_shrub_and_meadows    ,0.9217,-0.14253571611580404
Northern_Triangle_temperate_forests,0.2593604939081895,Northern_Triangle_temperate_forests,North_Western_Ghats_montane_rain_forests      ,0.8623,-0.14253571611580404
Northern_Triangle_temperate_forests,0.2593604939081895,Northern_Triangle_temperate_forests,Chhota_Nagpur_dry_deciduous_forests           ,0.8551,-0.14253571611580404
Northern_Triangle_temperate_forests,0.2593604939081895,Northern_Triangle_temperate_forests,Rann_of_Kutch_seasonal_salt_marsh             ,0.7936,-0.14253571611580404
Northern_Triangle_temperate_forests,0.2593604939081895,Northern_Triangle_temperate_forests,Northwestern_Himalayan_alpine_shrub_and_meadows,0.9048,-0.14253571611580404
Northern_Triangle_temperate_forests,0.2593604939081895,Northern_Triangle_temperate_forests,Upper_Gangetic_Plains_moist_deciduous_forests ,0.8349,-0.14253571611580404
Northern_Triangle_temperate_forests,0.2593604939081895,Northern_Triangle_temperate_forests,North_Deccan_dry_deciduous_forests            ,0.8512,-0.14253571611580404
Northern_Triangle_temperate_forests,0.2593604939081895,Northern_Triangle_temperate_forests,Northeast_India_Myanmar_pine_forests          ,0.9755,-0.14253571611580404
Northern_Triangle_temperate_forests,0.2593604939081895,Northern_Triangle_temperate_forests,Sundarbans_mangroves                          ,0.8925,-0.14253571611580404
Northern_Triangle_temperate_forests,0.2593604939081895,Northern_Triangle_temperate_forests,Karakoram_West_Tibetan_Plateau_alpine_steppe  ,0.8878,-0.14253571611580404
Northern_Triangle_temperate_forests,0.2593604939081895,Northern_Triangle_temperate_forests,Baluchistan_xeric_woodlands                   ,0.8905,-0.14253571611580404
Northern_Triangle_temperate_forests,0.2593604939081895,Northern_Triangle_temperate_forests,Indus_River_Delta_Arabian_Sea_mangroves       ,0.7747,-0.14253571611580404
Northern_Triangle_temperate_forests,0.2593604939081895,Northern_Triangle_temperate_forests,Meghalaya_subtropical_forests                 ,0.9469,-0.14253571611580404
Northern_Triangle_temperate_forests,0.2593604939081895,Northern_Triangle_temperate_forests,Chin_Hills_Arakan_Yoma_montane_forests        ,0.9415,-0.14253571611580404
Northern_Triangle_temperate_forests,0.2593604939081895,Northern_Triangle_temperate_forests,North_Western_Ghats_moist_deciduous_forests   ,0.843,-0.14253571611580404
Northern_Triangle_temperate_forests,0.2593604939081895,Northern_Triangle_temperate_forests,Northern_Triangle_temperate_forests           ,1.0,-0.14253571611580404
Northern_Triangle_temperate_forests,0.2593604939081895,Northern_Triangle_temperate_forests,Malabar_Coast_moist_forests                   ,0.7661,-0.14253571611580404
Northern_Triangle_temperate_forests,0.2593604939081895,Northern_Triangle_temperate_forests,Andaman_Islands_rain_forests                  ,0.6852,-0.14253571611580404
Northern_Triangle_temperate_forests,0.2593604939081895,Northern_Triangle_temperate_forests,Western_Himalayan_alpine_shrub_and_meadows    ,0.9377,-0.14253571611580404
Northern_Triangle_temperate_forests,0.2593604939081895,Northern_Triangle_temperate_forests,Eastern_Himalayan_subalpine_conifer_forests   ,0.9562,-0.14253571611580404
Northern_Triangle_temperate_forests,0.2593604939081895,Northern_Triangle_temperate_forests,Deccan_thorn_scrub_forests                    ,0.8023,-0.14253571611580404
Northern_Triangle_temperate_forests,0.2593604939081895,Northern_Triangle_temperate_forests,Western_Himalayan_subalpine_conifer_forests   ,0.9351,-0.14253571611580404
Northern_Triangle_temperate_forests,0.2593604939081895,Northern_Triangle_temperate_forests,Lower_Gangetic_Plains_moist_deciduous_forests ,0.8733,-0.14253571611580404
Northern_Triangle_temperate_forests,0.2593604939081895,Northern_Triangle_temperate_forests,South_Western_Ghats_moist_deciduous_forests   ,0.8288,-0.14253571611580404
Northern_Triangle_temperate_forests,0.2593604939081895,Northern_Triangle_temperate_forests,Thar_desert                                   ,0.7755,-0.14253571611580404
Northern_Triangle_temperate_forests,0.2593604939081895,Northern_Triangle_temperate_forests,Godavari_Krishna_mangroves                    ,0.7799,-0.14253571611580404
Northern_Triangle_temperate_forests,0.2593604939081895,Northern_Triangle_temperate_forests,North_Tibetan_Plateau_Kunlun_Mountains_alpine_desert,0.8697,-0.14253571611580404
Northern_Triangle_temperate_forests,0.2593604939081895,Northern_Triangle_temperate_forests,Himalayan_subtropical_broadleaf_forests       ,0.935,-0.14253571611580404
Northern_Triangle_temperate_forests,0.2593604939081895,Northern_Triangle_temperate_forests,South_Deccan_Plateau_dry_deciduous_forests    ,0.8301,-0.14253571611580404
Northern_Triangle_temperate_forests,0.2593604939081895,Northern_Triangle_temperate_forests,Orissa_semi_evergreen_forests                 ,0.8297,-0.14253571611580404
Northern_Triangle_temperate_forests,0.2593604939081895,Northern_Triangle_temperate_forests,Sundarbans_freshwater_swamp_forests           ,0.878,-0.14253571611580404
Northern_Triangle_temperate_forests,0.2593604939081895,Northern_Triangle_temperate_forests,Himalayan_subtropical_pine_forests            ,0.9205,-0.14253571611580404
Northwestern_Himalayan_alpine_shrub_and_meadows,0.2826509008533312,Northwestern_Himalayan_alpine_shrub_and_meadows,Brahmaputra_Valley_semi_evergreen_forests     ,0.8403,-0.14253571611580404
Northwestern_Himalayan_alpine_shrub_and_meadows,0.2826509008533312,Northwestern_Himalayan_alpine_shrub_and_meadows,Western_Himalayan_broadleaf_forests           ,0.9319,-0.14253571611580404
Northwestern_Himalayan_alpine_shrub_and_meadows,0.2826509008533312,Northwestern_Himalayan_alpine_shrub_and_meadows,Northeast_Himalayan_subalpine_conifer_forests ,0.9347,-0.14253571611580404
Northwestern_Himalayan_alpine_shrub_and_meadows,0.2826509008533312,Northwestern_Himalayan_alpine_shrub_and_meadows,South_Western_Ghats_montane_rain_forests      ,0.7882,-0.14253571611580404
Northwestern_Himalayan_alpine_shrub_and_meadows,0.2826509008533312,Northwestern_Himalayan_alpine_shrub_and_meadows,Narmada_Valley_dry_deciduous_forests          ,0.8119,-0.14253571611580404
Northwestern_Himalayan_alpine_shrub_and_meadows,0.2826509008533312,Northwestern_Himalayan_alpine_shrub_and_meadows,Mizoram_Manipur_Kachin_rain_forests           ,0.8369,-0.14253571611580404
Northwestern_Himalayan_alpine_shrub_and_meadows,0.2826509008533312,Northwestern_Himalayan_alpine_shrub_and_meadows,Khathiar_Gir_dry_deciduous_forests            ,0.791,-0.14253571611580404
Northwestern_Himalayan_alpine_shrub_and_meadows,0.2826509008533312,Northwestern_Himalayan_alpine_shrub_and_meadows,Aravalli_west_thorn_scrub_forests             ,0.7961,-0.14253571611580404
Northwestern_Himalayan_alpine_shrub_and_meadows,0.2826509008533312,Northwestern_Himalayan_alpine_shrub_and_meadows,Maldives_Lakshadweep_Chagos_Archipelago_tropical_moist_forests,0.4555,-0.14253571611580404
Northwestern_Himalayan_alpine_shrub_and_meadows,0.2826509008533312,Northwestern_Himalayan_alpine_shrub_and_meadows,East_Deccan_moist_deciduous_forests           ,0.8192,-0.14253571611580404
Northwestern_Himalayan_alpine_shrub_and_meadows,0.2826509008533312,Northwestern_Himalayan_alpine_shrub_and_meadows,East_Deccan_dry_evergreen_forests             ,0.7681,-0.14253571611580404
Northwestern_Himalayan_alpine_shrub_and_meadows,0.2826509008533312,Northwestern_Himalayan_alpine_shrub_and_meadows,Central_Deccan_Plateau_dry_deciduous_forests  ,0.8091,-0.14253571611580404
Northwestern_Himalayan_alpine_shrub_and_meadows,0.2826509008533312,Northwestern_Himalayan_alpine_shrub_and_meadows,Eastern_Himalayan_broadleaf_forests           ,0.872,-0.14253571611580404
Northwestern_Himalayan_alpine_shrub_and_meadows,0.2826509008533312,Northwestern_Himalayan_alpine_shrub_and_meadows,Central_Tibetan_Plateau_alpine_steppe         ,0.9199,-0.14253571611580404
Northwestern_Himalayan_alpine_shrub_and_meadows,0.2826509008533312,Northwestern_Himalayan_alpine_shrub_and_meadows,Terai_Duar_savanna_and_grasslands             ,0.7835,-0.14253571611580404
Northwestern_Himalayan_alpine_shrub_and_meadows,0.2826509008533312,Northwestern_Himalayan_alpine_shrub_and_meadows,Nicobar_Islands_rain_forests                  ,0.5524,-0.14253571611580404
Northwestern_Himalayan_alpine_shrub_and_meadows,0.2826509008533312,Northwestern_Himalayan_alpine_shrub_and_meadows,Eastern_Himalayan_alpine_shrub_and_meadows    ,0.9273,-0.14253571611580404
Northwestern_Himalayan_alpine_shrub_and_meadows,0.2826509008533312,Northwestern_Himalayan_alpine_shrub_and_meadows,North_Western_Ghats_montane_rain_forests      ,0.7476,-0.14253571611580404
Northwestern_Himalayan_alpine_shrub_and_meadows,0.2826509008533312,Northwestern_Himalayan_alpine_shrub_and_meadows,Chhota_Nagpur_dry_deciduous_forests           ,0.823,-0.14253571611580404
Northwestern_Himalayan_alpine_shrub_and_meadows,0.2826509008533312,Northwestern_Himalayan_alpine_shrub_and_meadows,Rann_of_Kutch_seasonal_salt_marsh             ,0.7554,-0.14253571611580404
Northwestern_Himalayan_alpine_shrub_and_meadows,0.2826509008533312,Northwestern_Himalayan_alpine_shrub_and_meadows,Northwestern_Himalayan_alpine_shrub_and_meadows,1.0,-0.14253571611580404
Northwestern_Himalayan_alpine_shrub_and_meadows,0.2826509008533312,Northwestern_Himalayan_alpine_shrub_and_meadows,Upper_Gangetic_Plains_moist_deciduous_forests ,0.7862,-0.14253571611580404
Northwestern_Himalayan_alpine_shrub_and_meadows,0.2826509008533312,Northwestern_Himalayan_alpine_shrub_and_meadows,North_Deccan_dry_deciduous_forests            ,0.8143,-0.14253571611580404
Northwestern_Himalayan_alpine_shrub_and_meadows,0.2826509008533312,Northwestern_Himalayan_alpine_shrub_and_meadows,Northeast_India_Myanmar_pine_forests          ,0.8901,-0.14253571611580404
Northwestern_Himalayan_alpine_shrub_and_meadows,0.2826509008533312,Northwestern_Himalayan_alpine_shrub_and_meadows,Sundarbans_mangroves                          ,0.7913,-0.14253571611580404
Northwestern_Himalayan_alpine_shrub_and_meadows,0.2826509008533312,Northwestern_Himalayan_alpine_shrub_and_meadows,Karakoram_West_Tibetan_Plateau_alpine_steppe  ,0.969,-0.14253571611580404
Northwestern_Himalayan_alpine_shrub_and_meadows,0.2826509008533312,Northwestern_Himalayan_alpine_shrub_and_meadows,Baluchistan_xeric_woodlands                   ,0.9166,-0.14253571611580404
Northwestern_Himalayan_alpine_shrub_and_meadows,0.2826509008533312,Northwestern_Himalayan_alpine_shrub_and_meadows,Indus_River_Delta_Arabian_Sea_mangroves       ,0.7272,-0.14253571611580404
Northwestern_Himalayan_alpine_shrub_and_meadows,0.2826509008533312,Northwestern_Himalayan_alpine_shrub_and_meadows,Meghalaya_subtropical_forests                 ,0.868,-0.14253571611580404
Northwestern_Himalayan_alpine_shrub_and_meadows,0.2826509008533312,Northwestern_Himalayan_alpine_shrub_and_meadows,Chin_Hills_Arakan_Yoma_montane_forests        ,0.8641,-0.14253571611580404
Northwestern_Himalayan_alpine_shrub_and_meadows,0.2826509008533312,Northwestern_Himalayan_alpine_shrub_and_meadows,North_Western_Ghats_moist_deciduous_forests   ,0.7411,-0.14253571611580404
Northwestern_Himalayan_alpine_shrub_and_meadows,0.2826509008533312,Northwestern_Himalayan_alpine_shrub_and_meadows,Northern_Triangle_temperate_forests           ,0.9048,-0.14253571611580404
Northwestern_Himalayan_alpine_shrub_and_meadows,0.2826509008533312,Northwestern_Himalayan_alpine_shrub_and_meadows,Malabar_Coast_moist_forests                   ,0.6253,-0.14253571611580404
Northwestern_Himalayan_alpine_shrub_and_meadows,0.2826509008533312,Northwestern_Himalayan_alpine_shrub_and_meadows,Andaman_Islands_rain_forests                  ,0.5433,-0.14253571611580404
Northwestern_Himalayan_alpine_shrub_and_meadows,0.2826509008533312,Northwestern_Himalayan_alpine_shrub_and_meadows,Western_Himalayan_alpine_shrub_and_meadows    ,0.9684,-0.14253571611580404
Northwestern_Himalayan_alpine_shrub_and_meadows,0.2826509008533312,Northwestern_Himalayan_alpine_shrub_and_meadows,Eastern_Himalayan_subalpine_conifer_forests   ,0.9282,-0.14253571611580404
Northwestern_Himalayan_alpine_shrub_and_meadows,0.2826509008533312,Northwestern_Himalayan_alpine_shrub_and_meadows,Deccan_thorn_scrub_forests                    ,0.7833,-0.14253571611580404
Northwestern_Himalayan_alpine_shrub_and_meadows,0.2826509008533312,Northwestern_Himalayan_alpine_shrub_and_meadows,Western_Himalayan_subalpine_conifer_forests   ,0.9506,-0.14253571611580404
Northwestern_Himalayan_alpine_shrub_and_meadows,0.2826509008533312,Northwestern_Himalayan_alpine_shrub_and_meadows,Lower_Gangetic_Plains_moist_deciduous_forests ,0.7837,-0.14253571611580404
Northwestern_Himalayan_alpine_shrub_and_meadows,0.2826509008533312,Northwestern_Himalayan_alpine_shrub_and_meadows,South_Western_Ghats_moist_deciduous_forests   ,0.7763,-0.14253571611580404
Northwestern_Himalayan_alpine_shrub_and_meadows,0.2826509008533312,Northwestern_Himalayan_alpine_shrub_and_meadows,Thar_desert                                   ,0.7532,-0.14253571611580404
Northwestern_Himalayan_alpine_shrub_and_meadows,0.2826509008533312,Northwestern_Himalayan_alpine_shrub_and_meadows,Godavari_Krishna_mangroves                    ,0.7596,-0.14253571611580404
Northwestern_Himalayan_alpine_shrub_and_meadows,0.2826509008533312,Northwestern_Himalayan_alpine_shrub_and_meadows,North_Tibetan_Plateau_Kunlun_Mountains_alpine_desert,0.9115,-0.14253571611580404
Northwestern_Himalayan_alpine_shrub_and_meadows,0.2826509008533312,Northwestern_Himalayan_alpine_shrub_and_meadows,Himalayan_subtropical_broadleaf_forests       ,0.8577,-0.14253571611580404
Northwestern_Himalayan_alpine_shrub_and_meadows,0.2826509008533312,Northwestern_Himalayan_alpine_shrub_and_meadows,South_Deccan_Plateau_dry_deciduous_forests    ,0.8374,-0.14253571611580404
Northwestern_Himalayan_alpine_shrub_and_meadows,0.2826509008533312,Northwestern_Himalayan_alpine_shrub_and_meadows,Orissa_semi_evergreen_forests                 ,0.7898,-0.14253571611580404
Northwestern_Himalayan_alpine_shrub_and_meadows,0.2826509008533312,Northwestern_Himalayan_alpine_shrub_and_meadows,Sundarbans_freshwater_swamp_forests           ,0.8027,-0.14253571611580404
Northwestern_Himalayan_alpine_shrub_and_meadows,0.2826509008533312,Northwestern_Himalayan_alpine_shrub_and_meadows,Himalayan_subtropical_pine_forests            ,0.8551,-0.14253571611580404
North_Deccan_dry_deciduous_forests,0.0021569816680938,North_Deccan_dry_deciduous_forests,Brahmaputra_Valley_semi_evergreen_forests     ,0.9438,-0.14253571611580404
North_Deccan_dry_deciduous_forests,0.0021569816680938,North_Deccan_dry_deciduous_forests,Western_Himalayan_broadleaf_forests           ,0.8893,-0.14253571611580404
North_Deccan_dry_deciduous_forests,0.0021569816680938,North_Deccan_dry_deciduous_forests,Northeast_Himalayan_subalpine_conifer_forests ,0.8841,-0.14253571611580404
North_Deccan_dry_deciduous_forests,0.0021569816680938,North_Deccan_dry_deciduous_forests,South_Western_Ghats_montane_rain_forests      ,0.8435,-0.14253571611580404
North_Deccan_dry_deciduous_forests,0.0021569816680938,North_Deccan_dry_deciduous_forests,Narmada_Valley_dry_deciduous_forests          ,0.9739,-0.14253571611580404
North_Deccan_dry_deciduous_forests,0.0021569816680938,North_Deccan_dry_deciduous_forests,Mizoram_Manipur_Kachin_rain_forests           ,0.9582,-0.14253571611580404
North_Deccan_dry_deciduous_forests,0.0021569816680938,North_Deccan_dry_deciduous_forests,Khathiar_Gir_dry_deciduous_forests            ,0.9807,-0.14253571611580404
North_Deccan_dry_deciduous_forests,0.0021569816680938,North_Deccan_dry_deciduous_forests,Aravalli_west_thorn_scrub_forests             ,0.9885,-0.14253571611580404
North_Deccan_dry_deciduous_forests,0.0021569816680938,North_Deccan_dry_deciduous_forests,Maldives_Lakshadweep_Chagos_Archipelago_tropical_moist_forests,0.5888,-0.14253571611580404
North_Deccan_dry_deciduous_forests,0.0021569816680938,North_Deccan_dry_deciduous_forests,East_Deccan_moist_deciduous_forests           ,0.9896,-0.14253571611580404
North_Deccan_dry_deciduous_forests,0.0021569816680938,North_Deccan_dry_deciduous_forests,East_Deccan_dry_evergreen_forests             ,0.9301,-0.14253571611580404
North_Deccan_dry_deciduous_forests,0.0021569816680938,North_Deccan_dry_deciduous_forests,Central_Deccan_Plateau_dry_deciduous_forests  ,0.976,-0.14253571611580404
North_Deccan_dry_deciduous_forests,0.0021569816680938,North_Deccan_dry_deciduous_forests,Eastern_Himalayan_broadleaf_forests           ,0.9313,-0.14253571611580404
North_Deccan_dry_deciduous_forests,0.0021569816680938,North_Deccan_dry_deciduous_forests,Central_Tibetan_Plateau_alpine_steppe         ,0.8224,-0.14253571611580404
North_Deccan_dry_deciduous_forests,0.0021569816680938,North_Deccan_dry_deciduous_forests,Terai_Duar_savanna_and_grasslands             ,0.9766,-0.14253571611580404
North_Deccan_dry_deciduous_forests,0.0021569816680938,North_Deccan_dry_deciduous_forests,Nicobar_Islands_rain_forests                  ,0.6158,-0.14253571611580404
North_Deccan_dry_deciduous_forests,0.0021569816680938,North_Deccan_dry_deciduous_forests,Eastern_Himalayan_alpine_shrub_and_meadows    ,0.9076,-0.14253571611580404
North_Deccan_dry_deciduous_forests,0.0021569816680938,North_Deccan_dry_deciduous_forests,North_Western_Ghats_montane_rain_forests      ,0.9055,-0.14253571611580404
North_Deccan_dry_deciduous_forests,0.0021569816680938,North_Deccan_dry_deciduous_forests,Chhota_Nagpur_dry_deciduous_forests           ,0.9951,-0.14253571611580404
North_Deccan_dry_deciduous_forests,0.0021569816680938,North_Deccan_dry_deciduous_forests,Rann_of_Kutch_seasonal_salt_marsh             ,0.9769,-0.14253571611580404
North_Deccan_dry_deciduous_forests,0.0021569816680938,North_Deccan_dry_deciduous_forests,Northwestern_Himalayan_alpine_shrub_and_meadows,0.8143,-0.14253571611580404
North_Deccan_dry_deciduous_forests,0.0021569816680938,North_Deccan_dry_deciduous_forests,Upper_Gangetic_Plains_moist_deciduous_forests ,0.983,-0.14253571611580404
North_Deccan_dry_deciduous_forests,0.0021569816680938,North_Deccan_dry_deciduous_forests,North_Deccan_dry_deciduous_forests            ,1.0,-0.14253571611580404
North_Deccan_dry_deciduous_forests,0.0021569816680938,North_Deccan_dry_deciduous_forests,Northeast_India_Myanmar_pine_forests          ,0.8661,-0.14253571611580404
North_Deccan_dry_deciduous_forests,0.0021569816680938,North_Deccan_dry_deciduous_forests,Sundarbans_mangroves                          ,0.9548,-0.14253571611580404
North_Deccan_dry_deciduous_forests,0.0021569816680938,North_Deccan_dry_deciduous_forests,Karakoram_West_Tibetan_Plateau_alpine_steppe  ,0.8158,-0.14253571611580404
North_Deccan_dry_deciduous_forests,0.0021569816680938,North_Deccan_dry_deciduous_forests,Baluchistan_xeric_woodlands                   ,0.9321,-0.14253571611580404
North_Deccan_dry_deciduous_forests,0.0021569816680938,North_Deccan_dry_deciduous_forests,Indus_River_Delta_Arabian_Sea_mangroves       ,0.9396,-0.14253571611580404
North_Deccan_dry_deciduous_forests,0.0021569816680938,North_Deccan_dry_deciduous_forests,Meghalaya_subtropical_forests                 ,0.9596,-0.14253571611580404
North_Deccan_dry_deciduous_forests,0.0021569816680938,North_Deccan_dry_deciduous_forests,Chin_Hills_Arakan_Yoma_montane_forests        ,0.9364,-0.14253571611580404
North_Deccan_dry_deciduous_forests,0.0021569816680938,North_Deccan_dry_deciduous_forests,North_Western_Ghats_moist_deciduous_forests   ,0.9357,-0.14253571611580404
North_Deccan_dry_deciduous_forests,0.0021569816680938,North_Deccan_dry_deciduous_forests,Northern_Triangle_temperate_forests           ,0.8512,-0.14253571611580404
North_Deccan_dry_deciduous_forests,0.0021569816680938,North_Deccan_dry_deciduous_forests,Malabar_Coast_moist_forests                   ,0.8175,-0.14253571611580404
North_Deccan_dry_deciduous_forests,0.0021569816680938,North_Deccan_dry_deciduous_forests,Andaman_Islands_rain_forests                  ,0.6938,-0.14253571611580404
North_Deccan_dry_deciduous_forests,0.0021569816680938,North_Deccan_dry_deciduous_forests,Western_Himalayan_alpine_shrub_and_meadows    ,0.8208,-0.14253571611580404
North_Deccan_dry_deciduous_forests,0.0021569816680938,North_Deccan_dry_deciduous_forests,Eastern_Himalayan_subalpine_conifer_forests   ,0.9186,-0.14253571611580404
North_Deccan_dry_deciduous_forests,0.0021569816680938,North_Deccan_dry_deciduous_forests,Deccan_thorn_scrub_forests                    ,0.9436,-0.14253571611580404
North_Deccan_dry_deciduous_forests,0.0021569816680938,North_Deccan_dry_deciduous_forests,Western_Himalayan_subalpine_conifer_forests   ,0.9032,-0.14253571611580404
North_Deccan_dry_deciduous_forests,0.0021569816680938,North_Deccan_dry_deciduous_forests,Lower_Gangetic_Plains_moist_deciduous_forests ,0.9785,-0.14253571611580404
North_Deccan_dry_deciduous_forests,0.0021569816680938,North_Deccan_dry_deciduous_forests,South_Western_Ghats_moist_deciduous_forests   ,0.8637,-0.14253571611580404
North_Deccan_dry_deciduous_forests,0.0021569816680938,North_Deccan_dry_deciduous_forests,Thar_desert                                   ,0.985,-0.14253571611580404
North_Deccan_dry_deciduous_forests,0.0021569816680938,North_Deccan_dry_deciduous_forests,Godavari_Krishna_mangroves                    ,0.9561,-0.14253571611580404
North_Deccan_dry_deciduous_forests,0.0021569816680938,North_Deccan_dry_deciduous_forests,North_Tibetan_Plateau_Kunlun_Mountains_alpine_desert,0.8379,-0.14253571611580404
North_Deccan_dry_deciduous_forests,0.0021569816680938,North_Deccan_dry_deciduous_forests,Himalayan_subtropical_broadleaf_forests       ,0.9647,-0.14253571611580404
North_Deccan_dry_deciduous_forests,0.0021569816680938,North_Deccan_dry_deciduous_forests,South_Deccan_Plateau_dry_deciduous_forests    ,0.9408,-0.14253571611580404
North_Deccan_dry_deciduous_forests,0.0021569816680938,North_Deccan_dry_deciduous_forests,Orissa_semi_evergreen_forests                 ,0.9859,-0.14253571611580404
North_Deccan_dry_deciduous_forests,0.0021569816680938,North_Deccan_dry_deciduous_forests,Sundarbans_freshwater_swamp_forests           ,0.9722,-0.14253571611580404
North_Deccan_dry_deciduous_forests,0.0021569816680938,North_Deccan_dry_deciduous_forests,Himalayan_subtropical_pine_forests            ,0.9274,-0.14253571611580404
North_Tibetan_Plateau_Kunlun_Mountains_alpine_desert,0.3318694498501215,North_Tibetan_Plateau_Kunlun_Mountains_alpine_desert,Brahmaputra_Valley_semi_evergreen_forests     ,0.795,-0.14253571611580404
North_Tibetan_Plateau_Kunlun_Mountains_alpine_desert,0.3318694498501215,North_Tibetan_Plateau_Kunlun_Mountains_alpine_desert,Western_Himalayan_broadleaf_forests           ,0.8551,-0.14253571611580404
North_Tibetan_Plateau_Kunlun_Mountains_alpine_desert,0.3318694498501215,North_Tibetan_Plateau_Kunlun_Mountains_alpine_desert,Northeast_Himalayan_subalpine_conifer_forests ,0.9813,-0.14253571611580404
North_Tibetan_Plateau_Kunlun_Mountains_alpine_desert,0.3318694498501215,North_Tibetan_Plateau_Kunlun_Mountains_alpine_desert,South_Western_Ghats_montane_rain_forests      ,0.7622,-0.14253571611580404
North_Tibetan_Plateau_Kunlun_Mountains_alpine_desert,0.3318694498501215,North_Tibetan_Plateau_Kunlun_Mountains_alpine_desert,Narmada_Valley_dry_deciduous_forests          ,0.8637,-0.14253571611580404
North_Tibetan_Plateau_Kunlun_Mountains_alpine_desert,0.3318694498501215,North_Tibetan_Plateau_Kunlun_Mountains_alpine_desert,Mizoram_Manipur_Kachin_rain_forests           ,0.8265,-0.14253571611580404
North_Tibetan_Plateau_Kunlun_Mountains_alpine_desert,0.3318694498501215,North_Tibetan_Plateau_Kunlun_Mountains_alpine_desert,Khathiar_Gir_dry_deciduous_forests            ,0.8556,-0.14253571611580404
North_Tibetan_Plateau_Kunlun_Mountains_alpine_desert,0.3318694498501215,North_Tibetan_Plateau_Kunlun_Mountains_alpine_desert,Aravalli_west_thorn_scrub_forests             ,0.8358,-0.14253571611580404
North_Tibetan_Plateau_Kunlun_Mountains_alpine_desert,0.3318694498501215,North_Tibetan_Plateau_Kunlun_Mountains_alpine_desert,Maldives_Lakshadweep_Chagos_Archipelago_tropical_moist_forests,0.3697,-0.14253571611580404
North_Tibetan_Plateau_Kunlun_Mountains_alpine_desert,0.3318694498501215,North_Tibetan_Plateau_Kunlun_Mountains_alpine_desert,East_Deccan_moist_deciduous_forests           ,0.8385,-0.14253571611580404
North_Tibetan_Plateau_Kunlun_Mountains_alpine_desert,0.3318694498501215,North_Tibetan_Plateau_Kunlun_Mountains_alpine_desert,East_Deccan_dry_evergreen_forests             ,0.7353,-0.14253571611580404
North_Tibetan_Plateau_Kunlun_Mountains_alpine_desert,0.3318694498501215,North_Tibetan_Plateau_Kunlun_Mountains_alpine_desert,Central_Deccan_Plateau_dry_deciduous_forests  ,0.8398,-0.14253571611580404
North_Tibetan_Plateau_Kunlun_Mountains_alpine_desert,0.3318694498501215,North_Tibetan_Plateau_Kunlun_Mountains_alpine_desert,Eastern_Himalayan_broadleaf_forests           ,0.851,-0.14253571611580404
North_Tibetan_Plateau_Kunlun_Mountains_alpine_desert,0.3318694498501215,North_Tibetan_Plateau_Kunlun_Mountains_alpine_desert,Central_Tibetan_Plateau_alpine_steppe         ,0.9965,-0.14253571611580404
North_Tibetan_Plateau_Kunlun_Mountains_alpine_desert,0.3318694498501215,North_Tibetan_Plateau_Kunlun_Mountains_alpine_desert,Terai_Duar_savanna_and_grasslands             ,0.7983,-0.14253571611580404
North_Tibetan_Plateau_Kunlun_Mountains_alpine_desert,0.3318694498501215,North_Tibetan_Plateau_Kunlun_Mountains_alpine_desert,Nicobar_Islands_rain_forests                  ,0.3955,-0.14253571611580404
North_Tibetan_Plateau_Kunlun_Mountains_alpine_desert,0.3318694498501215,North_Tibetan_Plateau_Kunlun_Mountains_alpine_desert,Eastern_Himalayan_alpine_shrub_and_meadows    ,0.972,-0.14253571611580404
North_Tibetan_Plateau_Kunlun_Mountains_alpine_desert,0.3318694498501215,North_Tibetan_Plateau_Kunlun_Mountains_alpine_desert,North_Western_Ghats_montane_rain_forests      ,0.8199,-0.14253571611580404
North_Tibetan_Plateau_Kunlun_Mountains_alpine_desert,0.3318694498501215,North_Tibetan_Plateau_Kunlun_Mountains_alpine_desert,Chhota_Nagpur_dry_deciduous_forests           ,0.852,-0.14253571611580404
North_Tibetan_Plateau_Kunlun_Mountains_alpine_desert,0.3318694498501215,North_Tibetan_Plateau_Kunlun_Mountains_alpine_desert,Rann_of_Kutch_seasonal_salt_marsh             ,0.8257,-0.14253571611580404
North_Tibetan_Plateau_Kunlun_Mountains_alpine_desert,0.3318694498501215,North_Tibetan_Plateau_Kunlun_Mountains_alpine_desert,Northwestern_Himalayan_alpine_shrub_and_meadows,0.9115,-0.14253571611580404
North_Tibetan_Plateau_Kunlun_Mountains_alpine_desert,0.3318694498501215,North_Tibetan_Plateau_Kunlun_Mountains_alpine_desert,Upper_Gangetic_Plains_moist_deciduous_forests ,0.8225,-0.14253571611580404
North_Tibetan_Plateau_Kunlun_Mountains_alpine_desert,0.3318694498501215,North_Tibetan_Plateau_Kunlun_Mountains_alpine_desert,North_Deccan_dry_deciduous_forests            ,0.8379,-0.14253571611580404
North_Tibetan_Plateau_Kunlun_Mountains_alpine_desert,0.3318694498501215,North_Tibetan_Plateau_Kunlun_Mountains_alpine_desert,Northeast_India_Myanmar_pine_forests          ,0.8792,-0.14253571611580404
North_Tibetan_Plateau_Kunlun_Mountains_alpine_desert,0.3318694498501215,North_Tibetan_Plateau_Kunlun_Mountains_alpine_desert,Sundarbans_mangroves                          ,0.7782,-0.14253571611580404
North_Tibetan_Plateau_Kunlun_Mountains_alpine_desert,0.3318694498501215,North_Tibetan_Plateau_Kunlun_Mountains_alpine_desert,Karakoram_West_Tibetan_Plateau_alpine_steppe  ,0.9756,-0.14253571611580404
North_Tibetan_Plateau_Kunlun_Mountains_alpine_desert,0.3318694498501215,North_Tibetan_Plateau_Kunlun_Mountains_alpine_desert,Baluchistan_xeric_woodlands                   ,0.9353,-0.14253571611580404
North_Tibetan_Plateau_Kunlun_Mountains_alpine_desert,0.3318694498501215,North_Tibetan_Plateau_Kunlun_Mountains_alpine_desert,Indus_River_Delta_Arabian_Sea_mangroves       ,0.7861,-0.14253571611580404
North_Tibetan_Plateau_Kunlun_Mountains_alpine_desert,0.3318694498501215,North_Tibetan_Plateau_Kunlun_Mountains_alpine_desert,Meghalaya_subtropical_forests                 ,0.858,-0.14253571611580404
North_Tibetan_Plateau_Kunlun_Mountains_alpine_desert,0.3318694498501215,North_Tibetan_Plateau_Kunlun_Mountains_alpine_desert,Chin_Hills_Arakan_Yoma_montane_forests        ,0.8851,-0.14253571611580404
North_Tibetan_Plateau_Kunlun_Mountains_alpine_desert,0.3318694498501215,North_Tibetan_Plateau_Kunlun_Mountains_alpine_desert,North_Western_Ghats_moist_deciduous_forests   ,0.8006,-0.14253571611580404
North_Tibetan_Plateau_Kunlun_Mountains_alpine_desert,0.3318694498501215,North_Tibetan_Plateau_Kunlun_Mountains_alpine_desert,Northern_Triangle_temperate_forests           ,0.8697,-0.14253571611580404
North_Tibetan_Plateau_Kunlun_Mountains_alpine_desert,0.3318694498501215,North_Tibetan_Plateau_Kunlun_Mountains_alpine_desert,Malabar_Coast_moist_forests                   ,0.6344,-0.14253571611580404
North_Tibetan_Plateau_Kunlun_Mountains_alpine_desert,0.3318694498501215,North_Tibetan_Plateau_Kunlun_Mountains_alpine_desert,Andaman_Islands_rain_forests                  ,0.4618,-0.14253571611580404
North_Tibetan_Plateau_Kunlun_Mountains_alpine_desert,0.3318694498501215,North_Tibetan_Plateau_Kunlun_Mountains_alpine_desert,Western_Himalayan_alpine_shrub_and_meadows    ,0.949,-0.14253571611580404
North_Tibetan_Plateau_Kunlun_Mountains_alpine_desert,0.3318694498501215,North_Tibetan_Plateau_Kunlun_Mountains_alpine_desert,Eastern_Himalayan_subalpine_conifer_forests   ,0.9503,-0.14253571611580404
North_Tibetan_Plateau_Kunlun_Mountains_alpine_desert,0.3318694498501215,North_Tibetan_Plateau_Kunlun_Mountains_alpine_desert,Deccan_thorn_scrub_forests                    ,0.7982,-0.14253571611580404
North_Tibetan_Plateau_Kunlun_Mountains_alpine_desert,0.3318694498501215,North_Tibetan_Plateau_Kunlun_Mountains_alpine_desert,Western_Himalayan_subalpine_conifer_forests   ,0.8795,-0.14253571611580404
North_Tibetan_Plateau_Kunlun_Mountains_alpine_desert,0.3318694498501215,North_Tibetan_Plateau_Kunlun_Mountains_alpine_desert,Lower_Gangetic_Plains_moist_deciduous_forests ,0.8018,-0.14253571611580404
North_Tibetan_Plateau_Kunlun_Mountains_alpine_desert,0.3318694498501215,North_Tibetan_Plateau_Kunlun_Mountains_alpine_desert,South_Western_Ghats_moist_deciduous_forests   ,0.7496,-0.14253571611580404
North_Tibetan_Plateau_Kunlun_Mountains_alpine_desert,0.3318694498501215,North_Tibetan_Plateau_Kunlun_Mountains_alpine_desert,Thar_desert                                   ,0.8042,-0.14253571611580404
North_Tibetan_Plateau_Kunlun_Mountains_alpine_desert,0.3318694498501215,North_Tibetan_Plateau_Kunlun_Mountains_alpine_desert,Godavari_Krishna_mangroves                    ,0.7544,-0.14253571611580404
North_Tibetan_Plateau_Kunlun_Mountains_alpine_desert,0.3318694498501215,North_Tibetan_Plateau_Kunlun_Mountains_alpine_desert,North_Tibetan_Plateau_Kunlun_Mountains_alpine_desert,1.0,-0.14253571611580404
North_Tibetan_Plateau_Kunlun_Mountains_alpine_desert,0.3318694498501215,North_Tibetan_Plateau_Kunlun_Mountains_alpine_desert,Himalayan_subtropical_broadleaf_forests       ,0.8654,-0.14253571611580404
North_Tibetan_Plateau_Kunlun_Mountains_alpine_desert,0.3318694498501215,North_Tibetan_Plateau_Kunlun_Mountains_alpine_desert,South_Deccan_Plateau_dry_deciduous_forests    ,0.8357,-0.14253571611580404
North_Tibetan_Plateau_Kunlun_Mountains_alpine_desert,0.3318694498501215,North_Tibetan_Plateau_Kunlun_Mountains_alpine_desert,Orissa_semi_evergreen_forests                 ,0.7744,-0.14253571611580404
North_Tibetan_Plateau_Kunlun_Mountains_alpine_desert,0.3318694498501215,North_Tibetan_Plateau_Kunlun_Mountains_alpine_desert,Sundarbans_freshwater_swamp_forests           ,0.8,-0.14253571611580404
North_Tibetan_Plateau_Kunlun_Mountains_alpine_desert,0.3318694498501215,North_Tibetan_Plateau_Kunlun_Mountains_alpine_desert,Himalayan_subtropical_pine_forests            ,0.8102,-0.14253571611580404
Orissa_semi_evergreen_forests,0.0,Orissa_semi_evergreen_forests,Brahmaputra_Valley_semi_evergreen_forests     ,0.9453,-0.14253571611580404
Orissa_semi_evergreen_forests,0.0,Orissa_semi_evergreen_forests,Western_Himalayan_broadleaf_forests           ,0.889,-0.14253571611580404
Orissa_semi_evergreen_forests,0.0,Orissa_semi_evergreen_forests,Northeast_Himalayan_subalpine_conifer_forests ,0.8345,-0.14253571611580404
Orissa_semi_evergreen_forests,0.0,Orissa_semi_evergreen_forests,South_Western_Ghats_montane_rain_forests      ,0.8483,-0.14253571611580404
Orissa_semi_evergreen_forests,0.0,Orissa_semi_evergreen_forests,Narmada_Valley_dry_deciduous_forests          ,0.9472,-0.14253571611580404
Orissa_semi_evergreen_forests,0.0,Orissa_semi_evergreen_forests,Mizoram_Manipur_Kachin_rain_forests           ,0.9574,-0.14253571611580404
Orissa_semi_evergreen_forests,0.0,Orissa_semi_evergreen_forests,Khathiar_Gir_dry_deciduous_forests            ,0.9556,-0.14253571611580404
Orissa_semi_evergreen_forests,0.0,Orissa_semi_evergreen_forests,Aravalli_west_thorn_scrub_forests             ,0.9749,-0.14253571611580404
Orissa_semi_evergreen_forests,0.0,Orissa_semi_evergreen_forests,Maldives_Lakshadweep_Chagos_Archipelago_tropical_moist_forests,0.6427,-0.14253571611580404
Orissa_semi_evergreen_forests,0.0,Orissa_semi_evergreen_forests,East_Deccan_moist_deciduous_forests           ,0.9787,-0.14253571611580404
Orissa_semi_evergreen_forests,0.0,Orissa_semi_evergreen_forests,East_Deccan_dry_evergreen_forests             ,0.9532,-0.14253571611580404
Orissa_semi_evergreen_forests,0.0,Orissa_semi_evergreen_forests,Central_Deccan_Plateau_dry_deciduous_forests  ,0.9635,-0.14253571611580404
Orissa_semi_evergreen_forests,0.0,Orissa_semi_evergreen_forests,Eastern_Himalayan_broadleaf_forests           ,0.9254,-0.14253571611580404
Orissa_semi_evergreen_forests,0.0,Orissa_semi_evergreen_forests,Central_Tibetan_Plateau_alpine_steppe         ,0.7579,-0.14253571611580404
Orissa_semi_evergreen_forests,0.0,Orissa_semi_evergreen_forests,Terai_Duar_savanna_and_grasslands             ,0.9715,-0.14253571611580404
Orissa_semi_evergreen_forests,0.0,Orissa_semi_evergreen_forests,Nicobar_Islands_rain_forests                  ,0.6889,-0.14253571611580404
Orissa_semi_evergreen_forests,0.0,Orissa_semi_evergreen_forests,Eastern_Himalayan_alpine_shrub_and_meadows    ,0.8607,-0.14253571611580404
Orissa_semi_evergreen_forests,0.0,Orissa_semi_evergreen_forests,North_Western_Ghats_montane_rain_forests      ,0.8776,-0.14253571611580404
Orissa_semi_evergreen_forests,0.0,Orissa_semi_evergreen_forests,Chhota_Nagpur_dry_deciduous_forests           ,0.9824,-0.14253571611580404
Orissa_semi_evergreen_forests,0.0,Orissa_semi_evergreen_forests,Rann_of_Kutch_seasonal_salt_marsh             ,0.9607,-0.14253571611580404
Orissa_semi_evergreen_forests,0.0,Orissa_semi_evergreen_forests,Northwestern_Himalayan_alpine_shrub_and_meadows,0.7898,-0.14253571611580404
Orissa_semi_evergreen_forests,0.0,Orissa_semi_evergreen_forests,Upper_Gangetic_Plains_moist_deciduous_forests ,0.9767,-0.14253571611580404
Orissa_semi_evergreen_forests,0.0,Orissa_semi_evergreen_forests,North_Deccan_dry_deciduous_forests            ,0.9859,-0.14253571611580404
Orissa_semi_evergreen_forests,0.0,Orissa_semi_evergreen_forests,Northeast_India_Myanmar_pine_forests          ,0.8463,-0.14253571611580404
Orissa_semi_evergreen_forests,0.0,Orissa_semi_evergreen_forests,Sundarbans_mangroves                          ,0.9531,-0.14253571611580404
Orissa_semi_evergreen_forests,0.0,Orissa_semi_evergreen_forests,Karakoram_West_Tibetan_Plateau_alpine_steppe  ,0.7688,-0.14253571611580404
Orissa_semi_evergreen_forests,0.0,Orissa_semi_evergreen_forests,Baluchistan_xeric_woodlands                   ,0.9055,-0.14253571611580404
Orissa_semi_evergreen_forests,0.0,Orissa_semi_evergreen_forests,Indus_River_Delta_Arabian_Sea_mangroves       ,0.939,-0.14253571611580404
Orissa_semi_evergreen_forests,0.0,Orissa_semi_evergreen_forests,Meghalaya_subtropical_forests                 ,0.95,-0.14253571611580404
Orissa_semi_evergreen_forests,0.0,Orissa_semi_evergreen_forests,Chin_Hills_Arakan_Yoma_montane_forests        ,0.9252,-0.14253571611580404
Orissa_semi_evergreen_forests,0.0,Orissa_semi_evergreen_forests,North_Western_Ghats_moist_deciduous_forests   ,0.9172,-0.14253571611580404
Orissa_semi_evergreen_forests,0.0,Orissa_semi_evergreen_forests,Northern_Triangle_temperate_forests           ,0.8297,-0.14253571611580404
Orissa_semi_evergreen_forests,0.0,Orissa_semi_evergreen_forests,Malabar_Coast_moist_forests                   ,0.8339,-0.14253571611580404
Orissa_semi_evergreen_forests,0.0,Orissa_semi_evergreen_forests,Andaman_Islands_rain_forests                  ,0.7492,-0.14253571611580404
Orissa_semi_evergreen_forests,0.0,Orissa_semi_evergreen_forests,Western_Himalayan_alpine_shrub_and_meadows    ,0.7848,-0.14253571611580404
Orissa_semi_evergreen_forests,0.0,Orissa_semi_evergreen_forests,Eastern_Himalayan_subalpine_conifer_forests   ,0.8851,-0.14253571611580404
Orissa_semi_evergreen_forests,0.0,Orissa_semi_evergreen_forests,Deccan_thorn_scrub_forests                    ,0.9458,-0.14253571611580404
Orissa_semi_evergreen_forests,0.0,Orissa_semi_evergreen_forests,Western_Himalayan_subalpine_conifer_forests   ,0.8998,-0.14253571611580404
Orissa_semi_evergreen_forests,0.0,Orissa_semi_evergreen_forests,Lower_Gangetic_Plains_moist_deciduous_forests ,0.9792,-0.14253571611580404
Orissa_semi_evergreen_forests,0.0,Orissa_semi_evergreen_forests,South_Western_Ghats_moist_deciduous_forests   ,0.8762,-0.14253571611580404
Orissa_semi_evergreen_forests,0.0,Orissa_semi_evergreen_forests,Thar_desert                                   ,0.9706,-0.14253571611580404
Orissa_semi_evergreen_forests,0.0,Orissa_semi_evergreen_forests,Godavari_Krishna_mangroves                    ,0.9736,-0.14253571611580404
Orissa_semi_evergreen_forests,0.0,Orissa_semi_evergreen_forests,North_Tibetan_Plateau_Kunlun_Mountains_alpine_desert,0.7744,-0.14253571611580404
Orissa_semi_evergreen_forests,0.0,Orissa_semi_evergreen_forests,Himalayan_subtropical_broadleaf_forests       ,0.9512,-0.14253571611580404
Orissa_semi_evergreen_forests,0.0,Orissa_semi_evergreen_forests,South_Deccan_Plateau_dry_deciduous_forests    ,0.9399,-0.14253571611580404
Orissa_semi_evergreen_forests,0.0,Orissa_semi_evergreen_forests,Orissa_semi_evergreen_forests                 ,1.0,-0.14253571611580404
Orissa_semi_evergreen_forests,0.0,Orissa_semi_evergreen_forests,Sundarbans_freshwater_swamp_forests           ,0.9687,-0.14253571611580404
Orissa_semi_evergreen_forests,0.0,Orissa_semi_evergreen_forests,Himalayan_subtropical_pine_forests            ,0.9332,-0.14253571611580404
North_Western_Ghats_montane_rain_forests,0.3284936446658938,North_Western_Ghats_montane_rain_forests,Brahmaputra_Valley_semi_evergreen_forests     ,0.868,-0.14253571611580404
North_Western_Ghats_montane_rain_forests,0.3284936446658938,North_Western_Ghats_montane_rain_forests,Western_Himalayan_broadleaf_forests           ,0.874,-0.14253571611580404
North_Western_Ghats_montane_rain_forests,0.3284936446658938,North_Western_Ghats_montane_rain_forests,Northeast_Himalayan_subalpine_conifer_forests ,0.8652,-0.14253571611580404
North_Western_Ghats_montane_rain_forests,0.3284936446658938,North_Western_Ghats_montane_rain_forests,South_Western_Ghats_montane_rain_forests      ,0.9368,-0.14253571611580404
North_Western_Ghats_montane_rain_forests,0.3284936446658938,North_Western_Ghats_montane_rain_forests,Narmada_Valley_dry_deciduous_forests          ,0.9216,-0.14253571611580404
North_Western_Ghats_montane_rain_forests,0.3284936446658938,North_Western_Ghats_montane_rain_forests,Mizoram_Manipur_Kachin_rain_forests           ,0.929,-0.14253571611580404
North_Western_Ghats_montane_rain_forests,0.3284936446658938,North_Western_Ghats_montane_rain_forests,Khathiar_Gir_dry_deciduous_forests            ,0.9205,-0.14253571611580404
North_Western_Ghats_montane_rain_forests,0.3284936446658938,North_Western_Ghats_montane_rain_forests,Aravalli_west_thorn_scrub_forests             ,0.9115,-0.14253571611580404
North_Western_Ghats_montane_rain_forests,0.3284936446658938,North_Western_Ghats_montane_rain_forests,Maldives_Lakshadweep_Chagos_Archipelago_tropical_moist_forests,0.6316,-0.14253571611580404
North_Western_Ghats_montane_rain_forests,0.3284936446658938,North_Western_Ghats_montane_rain_forests,East_Deccan_moist_deciduous_forests           ,0.9269,-0.14253571611580404
North_Western_Ghats_montane_rain_forests,0.3284936446658938,North_Western_Ghats_montane_rain_forests,East_Deccan_dry_evergreen_forests             ,0.8689,-0.14253571611580404
North_Western_Ghats_montane_rain_forests,0.3284936446658938,North_Western_Ghats_montane_rain_forests,Central_Deccan_Plateau_dry_deciduous_forests  ,0.9254,-0.14253571611580404
North_Western_Ghats_montane_rain_forests,0.3284936446658938,North_Western_Ghats_montane_rain_forests,Eastern_Himalayan_broadleaf_forests           ,0.9343,-0.14253571611580404
North_Western_Ghats_montane_rain_forests,0.3284936446658938,North_Western_Ghats_montane_rain_forests,Central_Tibetan_Plateau_alpine_steppe         ,0.811,-0.14253571611580404
North_Western_Ghats_montane_rain_forests,0.3284936446658938,North_Western_Ghats_montane_rain_forests,Terai_Duar_savanna_and_grasslands             ,0.9082,-0.14253571611580404
North_Western_Ghats_montane_rain_forests,0.3284936446658938,North_Western_Ghats_montane_rain_forests,Nicobar_Islands_rain_forests                  ,0.6738,-0.14253571611580404
North_Western_Ghats_montane_rain_forests,0.3284936446658938,North_Western_Ghats_montane_rain_forests,Eastern_Himalayan_alpine_shrub_and_meadows    ,0.8761,-0.14253571611580404
North_Western_Ghats_montane_rain_forests,0.3284936446658938,North_Western_Ghats_montane_rain_forests,North_Western_Ghats_montane_rain_forests      ,1.0,-0.14253571611580404
North_Western_Ghats_montane_rain_forests,0.3284936446658938,North_Western_Ghats_montane_rain_forests,Chhota_Nagpur_dry_deciduous_forests           ,0.9179,-0.14253571611580404
North_Western_Ghats_montane_rain_forests,0.3284936446658938,North_Western_Ghats_montane_rain_forests,Rann_of_Kutch_seasonal_salt_marsh             ,0.8968,-0.14253571611580404
North_Western_Ghats_montane_rain_forests,0.3284936446658938,North_Western_Ghats_montane_rain_forests,Northwestern_Himalayan_alpine_shrub_and_meadows,0.7476,-0.14253571611580404
North_Western_Ghats_montane_rain_forests,0.3284936446658938,North_Western_Ghats_montane_rain_forests,Upper_Gangetic_Plains_moist_deciduous_forests ,0.9156,-0.14253571611580404
North_Western_Ghats_montane_rain_forests,0.3284936446658938,North_Western_Ghats_montane_rain_forests,North_Deccan_dry_deciduous_forests            ,0.9055,-0.14253571611580404
North_Western_Ghats_montane_rain_forests,0.3284936446658938,North_Western_Ghats_montane_rain_forests,Northeast_India_Myanmar_pine_forests          ,0.8444,-0.14253571611580404
North_Western_Ghats_montane_rain_forests,0.3284936446658938,North_Western_Ghats_montane_rain_forests,Sundarbans_mangroves                          ,0.8764,-0.14253571611580404
North_Western_Ghats_montane_rain_forests,0.3284936446658938,North_Western_Ghats_montane_rain_forests,Karakoram_West_Tibetan_Plateau_alpine_steppe  ,0.7762,-0.14253571611580404
North_Western_Ghats_montane_rain_forests,0.3284936446658938,North_Western_Ghats_montane_rain_forests,Baluchistan_xeric_woodlands                   ,0.8873,-0.14253571611580404
North_Western_Ghats_montane_rain_forests,0.3284936446658938,North_Western_Ghats_montane_rain_forests,Indus_River_Delta_Arabian_Sea_mangroves       ,0.9227,-0.14253571611580404
North_Western_Ghats_montane_rain_forests,0.3284936446658938,North_Western_Ghats_montane_rain_forests,Meghalaya_subtropical_forests                 ,0.9255,-0.14253571611580404
North_Western_Ghats_montane_rain_forests,0.3284936446658938,North_Western_Ghats_montane_rain_forests,Chin_Hills_Arakan_Yoma_montane_forests        ,0.9244,-0.14253571611580404
North_Western_Ghats_montane_rain_forests,0.3284936446658938,North_Western_Ghats_montane_rain_forests,North_Western_Ghats_moist_deciduous_forests   ,0.9866,-0.14253571611580404
North_Western_Ghats_montane_rain_forests,0.3284936446658938,North_Western_Ghats_montane_rain_forests,Northern_Triangle_temperate_forests           ,0.8623,-0.14253571611580404
North_Western_Ghats_montane_rain_forests,0.3284936446658938,North_Western_Ghats_montane_rain_forests,Malabar_Coast_moist_forests                   ,0.9309,-0.14253571611580404
North_Western_Ghats_montane_rain_forests,0.3284936446658938,North_Western_Ghats_montane_rain_forests,Andaman_Islands_rain_forests                  ,0.7728,-0.14253571611580404
North_Western_Ghats_montane_rain_forests,0.3284936446658938,North_Western_Ghats_montane_rain_forests,Western_Himalayan_alpine_shrub_and_meadows    ,0.8145,-0.14253571611580404
North_Western_Ghats_montane_rain_forests,0.3284936446658938,North_Western_Ghats_montane_rain_forests,Eastern_Himalayan_subalpine_conifer_forests   ,0.9046,-0.14253571611580404
North_Western_Ghats_montane_rain_forests,0.3284936446658938,North_Western_Ghats_montane_rain_forests,Deccan_thorn_scrub_forests                    ,0.9225,-0.14253571611580404
North_Western_Ghats_montane_rain_forests,0.3284936446658938,North_Western_Ghats_montane_rain_forests,Western_Himalayan_subalpine_conifer_forests   ,0.8665,-0.14253571611580404
North_Western_Ghats_montane_rain_forests,0.3284936446658938,North_Western_Ghats_montane_rain_forests,Lower_Gangetic_Plains_moist_deciduous_forests ,0.9241,-0.14253571611580404
North_Western_Ghats_montane_rain_forests,0.3284936446658938,North_Western_Ghats_montane_rain_forests,South_Western_Ghats_moist_deciduous_forests   ,0.9219,-0.14253571611580404
North_Western_Ghats_montane_rain_forests,0.3284936446658938,North_Western_Ghats_montane_rain_forests,Thar_desert                                   ,0.8682,-0.14253571611580404
North_Western_Ghats_montane_rain_forests,0.3284936446658938,North_Western_Ghats_montane_rain_forests,Godavari_Krishna_mangroves                    ,0.8694,-0.14253571611580404
North_Western_Ghats_montane_rain_forests,0.3284936446658938,North_Western_Ghats_montane_rain_forests,North_Tibetan_Plateau_Kunlun_Mountains_alpine_desert,0.8199,-0.14253571611580404
North_Western_Ghats_montane_rain_forests,0.3284936446658938,North_Western_Ghats_montane_rain_forests,Himalayan_subtropical_broadleaf_forests       ,0.93,-0.14253571611580404
North_Western_Ghats_montane_rain_forests,0.3284936446658938,North_Western_Ghats_montane_rain_forests,South_Deccan_Plateau_dry_deciduous_forests    ,0.9085,-0.14253571611580404
North_Western_Ghats_montane_rain_forests,0.3284936446658938,North_Western_Ghats_montane_rain_forests,Orissa_semi_evergreen_forests                 ,0.8776,-0.14253571611580404
North_Western_Ghats_montane_rain_forests,0.3284936446658938,North_Western_Ghats_montane_rain_forests,Sundarbans_freshwater_swamp_forests           ,0.8838,-0.14253571611580404
North_Western_Ghats_montane_rain_forests,0.3284936446658938,North_Western_Ghats_montane_rain_forests,Himalayan_subtropical_pine_forests            ,0.9248,-0.14253571611580404
North_Western_Ghats_moist_deciduous_forests,0.2327287227921177,North_Western_Ghats_moist_deciduous_forests,Brahmaputra_Valley_semi_evergreen_forests     ,0.8824,-0.14253571611580404
North_Western_Ghats_moist_deciduous_forests,0.2327287227921177,North_Western_Ghats_moist_deciduous_forests,Western_Himalayan_broadleaf_forests           ,0.8839,-0.14253571611580404
North_Western_Ghats_moist_deciduous_forests,0.2327287227921177,North_Western_Ghats_moist_deciduous_forests,Northeast_Himalayan_subalpine_conifer_forests ,0.8566,-0.14253571611580404
North_Western_Ghats_moist_deciduous_forests,0.2327287227921177,North_Western_Ghats_moist_deciduous_forests,South_Western_Ghats_montane_rain_forests      ,0.9312,-0.14253571611580404
North_Western_Ghats_moist_deciduous_forests,0.2327287227921177,North_Western_Ghats_moist_deciduous_forests,Narmada_Valley_dry_deciduous_forests          ,0.942,-0.14253571611580404
North_Western_Ghats_moist_deciduous_forests,0.2327287227921177,North_Western_Ghats_moist_deciduous_forests,Mizoram_Manipur_Kachin_rain_forests           ,0.9439,-0.14253571611580404
North_Western_Ghats_moist_deciduous_forests,0.2327287227921177,North_Western_Ghats_moist_deciduous_forests,Khathiar_Gir_dry_deciduous_forests            ,0.9469,-0.14253571611580404
North_Western_Ghats_moist_deciduous_forests,0.2327287227921177,North_Western_Ghats_moist_deciduous_forests,Aravalli_west_thorn_scrub_forests             ,0.9414,-0.14253571611580404
North_Western_Ghats_moist_deciduous_forests,0.2327287227921177,North_Western_Ghats_moist_deciduous_forests,Maldives_Lakshadweep_Chagos_Archipelago_tropical_moist_forests,0.6853,-0.14253571611580404
North_Western_Ghats_moist_deciduous_forests,0.2327287227921177,North_Western_Ghats_moist_deciduous_forests,East_Deccan_moist_deciduous_forests           ,0.9605,-0.14253571611580404
North_Western_Ghats_moist_deciduous_forests,0.2327287227921177,North_Western_Ghats_moist_deciduous_forests,East_Deccan_dry_evergreen_forests             ,0.9146,-0.14253571611580404
North_Western_Ghats_moist_deciduous_forests,0.2327287227921177,North_Western_Ghats_moist_deciduous_forests,Central_Deccan_Plateau_dry_deciduous_forests  ,0.9551,-0.14253571611580404
North_Western_Ghats_moist_deciduous_forests,0.2327287227921177,North_Western_Ghats_moist_deciduous_forests,Eastern_Himalayan_broadleaf_forests           ,0.9436,-0.14253571611580404
North_Western_Ghats_moist_deciduous_forests,0.2327287227921177,North_Western_Ghats_moist_deciduous_forests,Central_Tibetan_Plateau_alpine_steppe         ,0.7869,-0.14253571611580404
North_Western_Ghats_moist_deciduous_forests,0.2327287227921177,North_Western_Ghats_moist_deciduous_forests,Terai_Duar_savanna_and_grasslands             ,0.9374,-0.14253571611580404
North_Western_Ghats_moist_deciduous_forests,0.2327287227921177,North_Western_Ghats_moist_deciduous_forests,Nicobar_Islands_rain_forests                  ,0.7104,-0.14253571611580404
North_Western_Ghats_moist_deciduous_forests,0.2327287227921177,North_Western_Ghats_moist_deciduous_forests,Eastern_Himalayan_alpine_shrub_and_meadows    ,0.8756,-0.14253571611580404
North_Western_Ghats_moist_deciduous_forests,0.2327287227921177,North_Western_Ghats_moist_deciduous_forests,North_Western_Ghats_montane_rain_forests      ,0.9866,-0.14253571611580404
North_Western_Ghats_moist_deciduous_forests,0.2327287227921177,North_Western_Ghats_moist_deciduous_forests,Chhota_Nagpur_dry_deciduous_forests           ,0.9466,-0.14253571611580404
North_Western_Ghats_moist_deciduous_forests,0.2327287227921177,North_Western_Ghats_moist_deciduous_forests,Rann_of_Kutch_seasonal_salt_marsh             ,0.9254,-0.14253571611580404
North_Western_Ghats_moist_deciduous_forests,0.2327287227921177,North_Western_Ghats_moist_deciduous_forests,Northwestern_Himalayan_alpine_shrub_and_meadows,0.7411,-0.14253571611580404
North_Western_Ghats_moist_deciduous_forests,0.2327287227921177,North_Western_Ghats_moist_deciduous_forests,Upper_Gangetic_Plains_moist_deciduous_forests ,0.9496,-0.14253571611580404
North_Western_Ghats_moist_deciduous_forests,0.2327287227921177,North_Western_Ghats_moist_deciduous_forests,North_Deccan_dry_deciduous_forests            ,0.9357,-0.14253571611580404
North_Western_Ghats_moist_deciduous_forests,0.2327287227921177,North_Western_Ghats_moist_deciduous_forests,Northeast_India_Myanmar_pine_forests          ,0.8332,-0.14253571611580404
North_Western_Ghats_moist_deciduous_forests,0.2327287227921177,North_Western_Ghats_moist_deciduous_forests,Sundarbans_mangroves                          ,0.8982,-0.14253571611580404
North_Western_Ghats_moist_deciduous_forests,0.2327287227921177,North_Western_Ghats_moist_deciduous_forests,Karakoram_West_Tibetan_Plateau_alpine_steppe  ,0.7591,-0.14253571611580404
North_Western_Ghats_moist_deciduous_forests,0.2327287227921177,North_Western_Ghats_moist_deciduous_forests,Baluchistan_xeric_woodlands                   ,0.892,-0.14253571611580404
North_Western_Ghats_moist_deciduous_forests,0.2327287227921177,North_Western_Ghats_moist_deciduous_forests,Indus_River_Delta_Arabian_Sea_mangroves       ,0.9499,-0.14253571611580404
North_Western_Ghats_moist_deciduous_forests,0.2327287227921177,North_Western_Ghats_moist_deciduous_forests,Meghalaya_subtropical_forests                 ,0.9357,-0.14253571611580404
North_Western_Ghats_moist_deciduous_forests,0.2327287227921177,North_Western_Ghats_moist_deciduous_forests,Chin_Hills_Arakan_Yoma_montane_forests        ,0.9232,-0.14253571611580404
North_Western_Ghats_moist_deciduous_forests,0.2327287227921177,North_Western_Ghats_moist_deciduous_forests,North_Western_Ghats_moist_deciduous_forests   ,1.0,-0.14253571611580404
North_Western_Ghats_moist_deciduous_forests,0.2327287227921177,North_Western_Ghats_moist_deciduous_forests,Northern_Triangle_temperate_forests           ,0.843,-0.14253571611580404
North_Western_Ghats_moist_deciduous_forests,0.2327287227921177,North_Western_Ghats_moist_deciduous_forests,Malabar_Coast_moist_forests                   ,0.9428,-0.14253571611580404
North_Western_Ghats_moist_deciduous_forests,0.2327287227921177,North_Western_Ghats_moist_deciduous_forests,Andaman_Islands_rain_forests                  ,0.8098,-0.14253571611580404
North_Western_Ghats_moist_deciduous_forests,0.2327287227921177,North_Western_Ghats_moist_deciduous_forests,Western_Himalayan_alpine_shrub_and_meadows    ,0.7969,-0.14253571611580404
North_Western_Ghats_moist_deciduous_forests,0.2327287227921177,North_Western_Ghats_moist_deciduous_forests,Eastern_Himalayan_subalpine_conifer_forests   ,0.9029,-0.14253571611580404
North_Western_Ghats_moist_deciduous_forests,0.2327287227921177,North_Western_Ghats_moist_deciduous_forests,Deccan_thorn_scrub_forests                    ,0.9575,-0.14253571611580404
North_Western_Ghats_moist_deciduous_forests,0.2327287227921177,North_Western_Ghats_moist_deciduous_forests,Western_Himalayan_subalpine_conifer_forests   ,0.8791,-0.14253571611580404
North_Western_Ghats_moist_deciduous_forests,0.2327287227921177,North_Western_Ghats_moist_deciduous_forests,Lower_Gangetic_Plains_moist_deciduous_forests ,0.9519,-0.14253571611580404
North_Western_Ghats_moist_deciduous_forests,0.2327287227921177,North_Western_Ghats_moist_deciduous_forests,South_Western_Ghats_moist_deciduous_forests   ,0.9348,-0.14253571611580404
North_Western_Ghats_moist_deciduous_forests,0.2327287227921177,North_Western_Ghats_moist_deciduous_forests,Thar_desert                                   ,0.9052,-0.14253571611580404
North_Western_Ghats_moist_deciduous_forests,0.2327287227921177,North_Western_Ghats_moist_deciduous_forests,Godavari_Krishna_mangroves                    ,0.9182,-0.14253571611580404
North_Western_Ghats_moist_deciduous_forests,0.2327287227921177,North_Western_Ghats_moist_deciduous_forests,North_Tibetan_Plateau_Kunlun_Mountains_alpine_desert,0.8006,-0.14253571611580404
North_Western_Ghats_moist_deciduous_forests,0.2327287227921177,North_Western_Ghats_moist_deciduous_forests,Himalayan_subtropical_broadleaf_forests       ,0.9442,-0.14253571611580404
North_Western_Ghats_moist_deciduous_forests,0.2327287227921177,North_Western_Ghats_moist_deciduous_forests,South_Deccan_Plateau_dry_deciduous_forests    ,0.9367,-0.14253571611580404
North_Western_Ghats_moist_deciduous_forests,0.2327287227921177,North_Western_Ghats_moist_deciduous_forests,Orissa_semi_evergreen_forests                 ,0.9172,-0.14253571611580404
North_Western_Ghats_moist_deciduous_forests,0.2327287227921177,North_Western_Ghats_moist_deciduous_forests,Sundarbans_freshwater_swamp_forests           ,0.9068,-0.14253571611580404
North_Western_Ghats_moist_deciduous_forests,0.2327287227921177,North_Western_Ghats_moist_deciduous_forests,Himalayan_subtropical_pine_forests            ,0.9422,-0.14253571611580404
Sundarbans_mangroves,0.0319443680815518,Sundarbans_mangroves,Brahmaputra_Valley_semi_evergreen_forests     ,0.9758,-0.14253571611580404
Sundarbans_mangroves,0.0319443680815518,Sundarbans_mangroves,Western_Himalayan_broadleaf_forests           ,0.8826,-0.14253571611580404
Sundarbans_mangroves,0.0319443680815518,Sundarbans_mangroves,Northeast_Himalayan_subalpine_conifer_forests ,0.8368,-0.14253571611580404
Sundarbans_mangroves,0.0319443680815518,Sundarbans_mangroves,South_Western_Ghats_montane_rain_forests      ,0.8407,-0.14253571611580404
Sundarbans_mangroves,0.0319443680815518,Sundarbans_mangroves,Narmada_Valley_dry_deciduous_forests          ,0.9145,-0.14253571611580404
Sundarbans_mangroves,0.0319443680815518,Sundarbans_mangroves,Mizoram_Manipur_Kachin_rain_forests           ,0.9603,-0.14253571611580404
Sundarbans_mangroves,0.0319443680815518,Sundarbans_mangroves,Khathiar_Gir_dry_deciduous_forests            ,0.9242,-0.14253571611580404
Sundarbans_mangroves,0.0319443680815518,Sundarbans_mangroves,Aravalli_west_thorn_scrub_forests             ,0.9219,-0.14253571611580404
Sundarbans_mangroves,0.0319443680815518,Sundarbans_mangroves,Maldives_Lakshadweep_Chagos_Archipelago_tropical_moist_forests,0.6407,-0.14253571611580404
Sundarbans_mangroves,0.0319443680815518,Sundarbans_mangroves,East_Deccan_moist_deciduous_forests           ,0.9384,-0.14253571611580404
Sundarbans_mangroves,0.0319443680815518,Sundarbans_mangroves,East_Deccan_dry_evergreen_forests             ,0.8803,-0.14253571611580404
Sundarbans_mangroves,0.0319443680815518,Sundarbans_mangroves,Central_Deccan_Plateau_dry_deciduous_forests  ,0.9317,-0.14253571611580404
Sundarbans_mangroves,0.0319443680815518,Sundarbans_mangroves,Eastern_Himalayan_broadleaf_forests           ,0.9332,-0.14253571611580404
Sundarbans_mangroves,0.0319443680815518,Sundarbans_mangroves,Central_Tibetan_Plateau_alpine_steppe         ,0.7635,-0.14253571611580404
Sundarbans_mangroves,0.0319443680815518,Sundarbans_mangroves,Terai_Duar_savanna_and_grasslands             ,0.9583,-0.14253571611580404
Sundarbans_mangroves,0.0319443680815518,Sundarbans_mangroves,Nicobar_Islands_rain_forests                  ,0.6481,-0.14253571611580404
Sundarbans_mangroves,0.0319443680815518,Sundarbans_mangroves,Eastern_Himalayan_alpine_shrub_and_meadows    ,0.8745,-0.14253571611580404
Sundarbans_mangroves,0.0319443680815518,Sundarbans_mangroves,North_Western_Ghats_montane_rain_forests      ,0.8764,-0.14253571611580404
Sundarbans_mangroves,0.0319443680815518,Sundarbans_mangroves,Chhota_Nagpur_dry_deciduous_forests           ,0.9482,-0.14253571611580404
Sundarbans_mangroves,0.0319443680815518,Sundarbans_mangroves,Rann_of_Kutch_seasonal_salt_marsh             ,0.9154,-0.14253571611580404
Sundarbans_mangroves,0.0319443680815518,Sundarbans_mangroves,Northwestern_Himalayan_alpine_shrub_and_meadows,0.7913,-0.14253571611580404
Sundarbans_mangroves,0.0319443680815518,Sundarbans_mangroves,Upper_Gangetic_Plains_moist_deciduous_forests ,0.9313,-0.14253571611580404
Sundarbans_mangroves,0.0319443680815518,Sundarbans_mangroves,North_Deccan_dry_deciduous_forests            ,0.9548,-0.14253571611580404
Sundarbans_mangroves,0.0319443680815518,Sundarbans_mangroves,Northeast_India_Myanmar_pine_forests          ,0.878,-0.14253571611580404
Sundarbans_mangroves,0.0319443680815518,Sundarbans_mangroves,Sundarbans_mangroves                          ,1.0,-0.14253571611580404
Sundarbans_mangroves,0.0319443680815518,Sundarbans_mangroves,Karakoram_West_Tibetan_Plateau_alpine_steppe  ,0.782,-0.14253571611580404
Sundarbans_mangroves,0.0319443680815518,Sundarbans_mangroves,Baluchistan_xeric_woodlands                   ,0.8946,-0.14253571611580404
Sundarbans_mangroves,0.0319443680815518,Sundarbans_mangroves,Indus_River_Delta_Arabian_Sea_mangroves       ,0.865,-0.14253571611580404
Sundarbans_mangroves,0.0319443680815518,Sundarbans_mangroves,Meghalaya_subtropical_forests                 ,0.968,-0.14253571611580404
Sundarbans_mangroves,0.0319443680815518,Sundarbans_mangroves,Chin_Hills_Arakan_Yoma_montane_forests        ,0.9132,-0.14253571611580404
Sundarbans_mangroves,0.0319443680815518,Sundarbans_mangroves,North_Western_Ghats_moist_deciduous_forests   ,0.8982,-0.14253571611580404
Sundarbans_mangroves,0.0319443680815518,Sundarbans_mangroves,Northern_Triangle_temperate_forests           ,0.8925,-0.14253571611580404
Sundarbans_mangroves,0.0319443680815518,Sundarbans_mangroves,Malabar_Coast_moist_forests                   ,0.8225,-0.14253571611580404
Sundarbans_mangroves,0.0319443680815518,Sundarbans_mangroves,Andaman_Islands_rain_forests                  ,0.7409,-0.14253571611580404
Sundarbans_mangroves,0.0319443680815518,Sundarbans_mangroves,Western_Himalayan_alpine_shrub_and_meadows    ,0.808,-0.14253571611580404
Sundarbans_mangroves,0.0319443680815518,Sundarbans_mangroves,Eastern_Himalayan_subalpine_conifer_forests   ,0.8893,-0.14253571611580404
Sundarbans_mangroves,0.0319443680815518,Sundarbans_mangroves,Deccan_thorn_scrub_forests                    ,0.8844,-0.14253571611580404
Sundarbans_mangroves,0.0319443680815518,Sundarbans_mangroves,Western_Himalayan_subalpine_conifer_forests   ,0.8866,-0.14253571611580404
Sundarbans_mangroves,0.0319443680815518,Sundarbans_mangroves,Lower_Gangetic_Plains_moist_deciduous_forests ,0.9618,-0.14253571611580404
Sundarbans_mangroves,0.0319443680815518,Sundarbans_mangroves,South_Western_Ghats_moist_deciduous_forests   ,0.8506,-0.14253571611580404
Sundarbans_mangroves,0.0319443680815518,Sundarbans_mangroves,Thar_desert                                   ,0.9069,-0.14253571611580404
Sundarbans_mangroves,0.0319443680815518,Sundarbans_mangroves,Godavari_Krishna_mangroves                    ,0.9018,-0.14253571611580404
Sundarbans_mangroves,0.0319443680815518,Sundarbans_mangroves,North_Tibetan_Plateau_Kunlun_Mountains_alpine_desert,0.7782,-0.14253571611580404
Sundarbans_mangroves,0.0319443680815518,Sundarbans_mangroves,Himalayan_subtropical_broadleaf_forests       ,0.9445,-0.14253571611580404
Sundarbans_mangroves,0.0319443680815518,Sundarbans_mangroves,South_Deccan_Plateau_dry_deciduous_forests    ,0.8932,-0.14253571611580404
Sundarbans_mangroves,0.0319443680815518,Sundarbans_mangroves,Orissa_semi_evergreen_forests                 ,0.9531,-0.14253571611580404
Sundarbans_mangroves,0.0319443680815518,Sundarbans_mangroves,Sundarbans_freshwater_swamp_forests           ,0.9856,-0.14253571611580404
Sundarbans_mangroves,0.0319443680815518,Sundarbans_mangroves,Himalayan_subtropical_pine_forests            ,0.9231,-0.14253571611580404
South_Western_Ghats_montane_rain_forests,0.3031532380823459,South_Western_Ghats_montane_rain_forests,Brahmaputra_Valley_semi_evergreen_forests     ,0.8535,-0.14253571611580404
South_Western_Ghats_montane_rain_forests,0.3031532380823459,South_Western_Ghats_montane_rain_forests,Western_Himalayan_broadleaf_forests           ,0.9383,-0.14253571611580404
South_Western_Ghats_montane_rain_forests,0.3031532380823459,South_Western_Ghats_montane_rain_forests,Northeast_Himalayan_subalpine_conifer_forests ,0.8252,-0.14253571611580404
South_Western_Ghats_montane_rain_forests,0.3031532380823459,South_Western_Ghats_montane_rain_forests,South_Western_Ghats_montane_rain_forests      ,1.0,-0.14253571611580404
South_Western_Ghats_montane_rain_forests,0.3031532380823459,South_Western_Ghats_montane_rain_forests,Narmada_Valley_dry_deciduous_forests          ,0.8475,-0.14253571611580404
South_Western_Ghats_montane_rain_forests,0.3031532380823459,South_Western_Ghats_montane_rain_forests,Mizoram_Manipur_Kachin_rain_forests           ,0.9096,-0.14253571611580404
South_Western_Ghats_montane_rain_forests,0.3031532380823459,South_Western_Ghats_montane_rain_forests,Khathiar_Gir_dry_deciduous_forests            ,0.8457,-0.14253571611580404
South_Western_Ghats_montane_rain_forests,0.3031532380823459,South_Western_Ghats_montane_rain_forests,Aravalli_west_thorn_scrub_forests             ,0.8562,-0.14253571611580404
South_Western_Ghats_montane_rain_forests,0.3031532380823459,South_Western_Ghats_montane_rain_forests,Maldives_Lakshadweep_Chagos_Archipelago_tropical_moist_forests,0.7562,-0.14253571611580404
South_Western_Ghats_montane_rain_forests,0.3031532380823459,South_Western_Ghats_montane_rain_forests,East_Deccan_moist_deciduous_forests           ,0.8861,-0.14253571611580404
South_Western_Ghats_montane_rain_forests,0.3031532380823459,South_Western_Ghats_montane_rain_forests,East_Deccan_dry_evergreen_forests             ,0.8884,-0.14253571611580404
South_Western_Ghats_montane_rain_forests,0.3031532380823459,South_Western_Ghats_montane_rain_forests,Central_Deccan_Plateau_dry_deciduous_forests  ,0.8808,-0.14253571611580404
South_Western_Ghats_montane_rain_forests,0.3031532380823459,South_Western_Ghats_montane_rain_forests,Eastern_Himalayan_broadleaf_forests           ,0.9378,-0.14253571611580404
South_Western_Ghats_montane_rain_forests,0.3031532380823459,South_Western_Ghats_montane_rain_forests,Central_Tibetan_Plateau_alpine_steppe         ,0.7599,-0.14253571611580404
South_Western_Ghats_montane_rain_forests,0.3031532380823459,South_Western_Ghats_montane_rain_forests,Terai_Duar_savanna_and_grasslands             ,0.8615,-0.14253571611580404
South_Western_Ghats_montane_rain_forests,0.3031532380823459,South_Western_Ghats_montane_rain_forests,Nicobar_Islands_rain_forests                  ,0.8529,-0.14253571611580404
South_Western_Ghats_montane_rain_forests,0.3031532380823459,South_Western_Ghats_montane_rain_forests,Eastern_Himalayan_alpine_shrub_and_meadows    ,0.8313,-0.14253571611580404
South_Western_Ghats_montane_rain_forests,0.3031532380823459,South_Western_Ghats_montane_rain_forests,North_Western_Ghats_montane_rain_forests      ,0.9368,-0.14253571611580404
South_Western_Ghats_montane_rain_forests,0.3031532380823459,South_Western_Ghats_montane_rain_forests,Chhota_Nagpur_dry_deciduous_forests           ,0.8676,-0.14253571611580404
South_Western_Ghats_montane_rain_forests,0.3031532380823459,South_Western_Ghats_montane_rain_forests,Rann_of_Kutch_seasonal_salt_marsh             ,0.8224,-0.14253571611580404
South_Western_Ghats_montane_rain_forests,0.3031532380823459,South_Western_Ghats_montane_rain_forests,Northwestern_Himalayan_alpine_shrub_and_meadows,0.7882,-0.14253571611580404
South_Western_Ghats_montane_rain_forests,0.3031532380823459,South_Western_Ghats_montane_rain_forests,Upper_Gangetic_Plains_moist_deciduous_forests ,0.8636,-0.14253571611580404
South_Western_Ghats_montane_rain_forests,0.3031532380823459,South_Western_Ghats_montane_rain_forests,North_Deccan_dry_deciduous_forests            ,0.8435,-0.14253571611580404
South_Western_Ghats_montane_rain_forests,0.3031532380823459,South_Western_Ghats_montane_rain_forests,Northeast_India_Myanmar_pine_forests          ,0.842,-0.14253571611580404
South_Western_Ghats_montane_rain_forests,0.3031532380823459,South_Western_Ghats_montane_rain_forests,Sundarbans_mangroves                          ,0.8407,-0.14253571611580404
South_Western_Ghats_montane_rain_forests,0.3031532380823459,South_Western_Ghats_montane_rain_forests,Karakoram_West_Tibetan_Plateau_alpine_steppe  ,0.7669,-0.14253571611580404
South_Western_Ghats_montane_rain_forests,0.3031532380823459,South_Western_Ghats_montane_rain_forests,Baluchistan_xeric_woodlands                   ,0.866,-0.14253571611580404
South_Western_Ghats_montane_rain_forests,0.3031532380823459,South_Western_Ghats_montane_rain_forests,Indus_River_Delta_Arabian_Sea_mangroves       ,0.8914,-0.14253571611580404
South_Western_Ghats_montane_rain_forests,0.3031532380823459,South_Western_Ghats_montane_rain_forests,Meghalaya_subtropical_forests                 ,0.9015,-0.14253571611580404
South_Western_Ghats_montane_rain_forests,0.3031532380823459,South_Western_Ghats_montane_rain_forests,Chin_Hills_Arakan_Yoma_montane_forests        ,0.8955,-0.14253571611580404
South_Western_Ghats_montane_rain_forests,0.3031532380823459,South_Western_Ghats_montane_rain_forests,North_Western_Ghats_moist_deciduous_forests   ,0.9312,-0.14253571611580404
South_Western_Ghats_montane_rain_forests,0.3031532380823459,South_Western_Ghats_montane_rain_forests,Northern_Triangle_temperate_forests           ,0.8652,-0.14253571611580404
South_Western_Ghats_montane_rain_forests,0.3031532380823459,South_Western_Ghats_montane_rain_forests,Malabar_Coast_moist_forests                   ,0.9557,-0.14253571611580404
South_Western_Ghats_montane_rain_forests,0.3031532380823459,South_Western_Ghats_montane_rain_forests,Andaman_Islands_rain_forests                  ,0.8818,-0.14253571611580404
South_Western_Ghats_montane_rain_forests,0.3031532380823459,South_Western_Ghats_montane_rain_forests,Western_Himalayan_alpine_shrub_and_meadows    ,0.8435,-0.14253571611580404
South_Western_Ghats_montane_rain_forests,0.3031532380823459,South_Western_Ghats_montane_rain_forests,Eastern_Himalayan_subalpine_conifer_forests   ,0.8817,-0.14253571611580404
South_Western_Ghats_montane_rain_forests,0.3031532380823459,South_Western_Ghats_montane_rain_forests,Deccan_thorn_scrub_forests                    ,0.9198,-0.14253571611580404
South_Western_Ghats_montane_rain_forests,0.3031532380823459,South_Western_Ghats_montane_rain_forests,Western_Himalayan_subalpine_conifer_forests   ,0.9169,-0.14253571611580404
South_Western_Ghats_montane_rain_forests,0.3031532380823459,South_Western_Ghats_montane_rain_forests,Lower_Gangetic_Plains_moist_deciduous_forests ,0.8942,-0.14253571611580404
South_Western_Ghats_montane_rain_forests,0.3031532380823459,South_Western_Ghats_montane_rain_forests,South_Western_Ghats_moist_deciduous_forests   ,0.9883,-0.14253571611580404
South_Western_Ghats_montane_rain_forests,0.3031532380823459,South_Western_Ghats_montane_rain_forests,Thar_desert                                   ,0.7881,-0.14253571611580404
South_Western_Ghats_montane_rain_forests,0.3031532380823459,South_Western_Ghats_montane_rain_forests,Godavari_Krishna_mangroves                    ,0.8514,-0.14253571611580404
South_Western_Ghats_montane_rain_forests,0.3031532380823459,South_Western_Ghats_montane_rain_forests,North_Tibetan_Plateau_Kunlun_Mountains_alpine_desert,0.7622,-0.14253571611580404
South_Western_Ghats_montane_rain_forests,0.3031532380823459,South_Western_Ghats_montane_rain_forests,Himalayan_subtropical_broadleaf_forests       ,0.9016,-0.14253571611580404
South_Western_Ghats_montane_rain_forests,0.3031532380823459,South_Western_Ghats_montane_rain_forests,South_Deccan_Plateau_dry_deciduous_forests    ,0.9262,-0.14253571611580404
South_Western_Ghats_montane_rain_forests,0.3031532380823459,South_Western_Ghats_montane_rain_forests,Orissa_semi_evergreen_forests                 ,0.8483,-0.14253571611580404
South_Western_Ghats_montane_rain_forests,0.3031532380823459,South_Western_Ghats_montane_rain_forests,Sundarbans_freshwater_swamp_forests           ,0.8497,-0.14253571611580404
South_Western_Ghats_montane_rain_forests,0.3031532380823459,South_Western_Ghats_montane_rain_forests,Himalayan_subtropical_pine_forests            ,0.9586,-0.14253571611580404
South_Western_Ghats_moist_deciduous_forests,0.1751596148405272,South_Western_Ghats_moist_deciduous_forests,Brahmaputra_Valley_semi_evergreen_forests     ,0.8469,-0.14253571611580404
South_Western_Ghats_moist_deciduous_forests,0.1751596148405272,South_Western_Ghats_moist_deciduous_forests,Western_Himalayan_broadleaf_forests           ,0.9304,-0.14253571611580404
South_Western_Ghats_moist_deciduous_forests,0.1751596148405272,South_Western_Ghats_moist_deciduous_forests,Northeast_Himalayan_subalpine_conifer_forests ,0.8112,-0.14253571611580404
South_Western_Ghats_moist_deciduous_forests,0.1751596148405272,South_Western_Ghats_moist_deciduous_forests,South_Western_Ghats_montane_rain_forests      ,0.9883,-0.14253571611580404
South_Western_Ghats_moist_deciduous_forests,0.1751596148405272,South_Western_Ghats_moist_deciduous_forests,Narmada_Valley_dry_deciduous_forests          ,0.8654,-0.14253571611580404
South_Western_Ghats_moist_deciduous_forests,0.1751596148405272,South_Western_Ghats_moist_deciduous_forests,Mizoram_Manipur_Kachin_rain_forests           ,0.9093,-0.14253571611580404
South_Western_Ghats_moist_deciduous_forests,0.1751596148405272,South_Western_Ghats_moist_deciduous_forests,Khathiar_Gir_dry_deciduous_forests            ,0.8698,-0.14253571611580404
South_Western_Ghats_moist_deciduous_forests,0.1751596148405272,South_Western_Ghats_moist_deciduous_forests,Aravalli_west_thorn_scrub_forests             ,0.8773,-0.14253571611580404
South_Western_Ghats_moist_deciduous_forests,0.1751596148405272,South_Western_Ghats_moist_deciduous_forests,Maldives_Lakshadweep_Chagos_Archipelago_tropical_moist_forests,0.8095,-0.14253571611580404
South_Western_Ghats_moist_deciduous_forests,0.1751596148405272,South_Western_Ghats_moist_deciduous_forests,East_Deccan_moist_deciduous_forests           ,0.9099,-0.14253571611580404
South_Western_Ghats_moist_deciduous_forests,0.1751596148405272,South_Western_Ghats_moist_deciduous_forests,East_Deccan_dry_evergreen_forests             ,0.9331,-0.14253571611580404
South_Western_Ghats_moist_deciduous_forests,0.1751596148405272,South_Western_Ghats_moist_deciduous_forests,Central_Deccan_Plateau_dry_deciduous_forests  ,0.9088,-0.14253571611580404
South_Western_Ghats_moist_deciduous_forests,0.1751596148405272,South_Western_Ghats_moist_deciduous_forests,Eastern_Himalayan_broadleaf_forests           ,0.9277,-0.14253571611580404
South_Western_Ghats_moist_deciduous_forests,0.1751596148405272,South_Western_Ghats_moist_deciduous_forests,Central_Tibetan_Plateau_alpine_steppe         ,0.7376,-0.14253571611580404
South_Western_Ghats_moist_deciduous_forests,0.1751596148405272,South_Western_Ghats_moist_deciduous_forests,Terai_Duar_savanna_and_grasslands             ,0.8675,-0.14253571611580404
South_Western_Ghats_moist_deciduous_forests,0.1751596148405272,South_Western_Ghats_moist_deciduous_forests,Nicobar_Islands_rain_forests                  ,0.8744,-0.14253571611580404
South_Western_Ghats_moist_deciduous_forests,0.1751596148405272,South_Western_Ghats_moist_deciduous_forests,Eastern_Himalayan_alpine_shrub_and_meadows    ,0.8286,-0.14253571611580404
South_Western_Ghats_moist_deciduous_forests,0.1751596148405272,South_Western_Ghats_moist_deciduous_forests,North_Western_Ghats_montane_rain_forests      ,0.9219,-0.14253571611580404
South_Western_Ghats_moist_deciduous_forests,0.1751596148405272,South_Western_Ghats_moist_deciduous_forests,Chhota_Nagpur_dry_deciduous_forests           ,0.8904,-0.14253571611580404
South_Western_Ghats_moist_deciduous_forests,0.1751596148405272,South_Western_Ghats_moist_deciduous_forests,Rann_of_Kutch_seasonal_salt_marsh             ,0.8478,-0.14253571611580404
South_Western_Ghats_moist_deciduous_forests,0.1751596148405272,South_Western_Ghats_moist_deciduous_forests,Northwestern_Himalayan_alpine_shrub_and_meadows,0.7763,-0.14253571611580404
South_Western_Ghats_moist_deciduous_forests,0.1751596148405272,South_Western_Ghats_moist_deciduous_forests,Upper_Gangetic_Plains_moist_deciduous_forests ,0.8887,-0.14253571611580404
South_Western_Ghats_moist_deciduous_forests,0.1751596148405272,South_Western_Ghats_moist_deciduous_forests,North_Deccan_dry_deciduous_forests            ,0.8637,-0.14253571611580404
South_Western_Ghats_moist_deciduous_forests,0.1751596148405272,South_Western_Ghats_moist_deciduous_forests,Northeast_India_Myanmar_pine_forests          ,0.8088,-0.14253571611580404
South_Western_Ghats_moist_deciduous_forests,0.1751596148405272,South_Western_Ghats_moist_deciduous_forests,Sundarbans_mangroves                          ,0.8506,-0.14253571611580404
South_Western_Ghats_moist_deciduous_forests,0.1751596148405272,South_Western_Ghats_moist_deciduous_forests,Karakoram_West_Tibetan_Plateau_alpine_steppe  ,0.756,-0.14253571611580404
South_Western_Ghats_moist_deciduous_forests,0.1751596148405272,South_Western_Ghats_moist_deciduous_forests,Baluchistan_xeric_woodlands                   ,0.8794,-0.14253571611580404
South_Western_Ghats_moist_deciduous_forests,0.1751596148405272,South_Western_Ghats_moist_deciduous_forests,Indus_River_Delta_Arabian_Sea_mangroves       ,0.9166,-0.14253571611580404
South_Western_Ghats_moist_deciduous_forests,0.1751596148405272,South_Western_Ghats_moist_deciduous_forests,Meghalaya_subtropical_forests                 ,0.8973,-0.14253571611580404
South_Western_Ghats_moist_deciduous_forests,0.1751596148405272,South_Western_Ghats_moist_deciduous_forests,Chin_Hills_Arakan_Yoma_montane_forests        ,0.8835,-0.14253571611580404
South_Western_Ghats_moist_deciduous_forests,0.1751596148405272,South_Western_Ghats_moist_deciduous_forests,North_Western_Ghats_moist_deciduous_forests   ,0.9348,-0.14253571611580404
South_Western_Ghats_moist_deciduous_forests,0.1751596148405272,South_Western_Ghats_moist_deciduous_forests,Northern_Triangle_temperate_forests           ,0.8288,-0.14253571611580404
South_Western_Ghats_moist_deciduous_forests,0.1751596148405272,South_Western_Ghats_moist_deciduous_forests,Malabar_Coast_moist_forests                   ,0.959,-0.14253571611580404
South_Western_Ghats_moist_deciduous_forests,0.1751596148405272,South_Western_Ghats_moist_deciduous_forests,Andaman_Islands_rain_forests                  ,0.8982,-0.14253571611580404
South_Western_Ghats_moist_deciduous_forests,0.1751596148405272,South_Western_Ghats_moist_deciduous_forests,Western_Himalayan_alpine_shrub_and_meadows    ,0.821,-0.14253571611580404
South_Western_Ghats_moist_deciduous_forests,0.1751596148405272,South_Western_Ghats_moist_deciduous_forests,Eastern_Himalayan_subalpine_conifer_forests   ,0.8685,-0.14253571611580404
South_Western_Ghats_moist_deciduous_forests,0.1751596148405272,South_Western_Ghats_moist_deciduous_forests,Deccan_thorn_scrub_forests                    ,0.9516,-0.14253571611580404
South_Western_Ghats_moist_deciduous_forests,0.1751596148405272,South_Western_Ghats_moist_deciduous_forests,Western_Himalayan_subalpine_conifer_forests   ,0.9142,-0.14253571611580404
South_Western_Ghats_moist_deciduous_forests,0.1751596148405272,South_Western_Ghats_moist_deciduous_forests,Lower_Gangetic_Plains_moist_deciduous_forests ,0.9041,-0.14253571611580404
South_Western_Ghats_moist_deciduous_forests,0.1751596148405272,South_Western_Ghats_moist_deciduous_forests,South_Western_Ghats_moist_deciduous_forests   ,1.0,-0.14253571611580404
South_Western_Ghats_moist_deciduous_forests,0.1751596148405272,South_Western_Ghats_moist_deciduous_forests,Thar_desert                                   ,0.8162,-0.14253571611580404
South_Western_Ghats_moist_deciduous_forests,0.1751596148405272,South_Western_Ghats_moist_deciduous_forests,Godavari_Krishna_mangroves                    ,0.8964,-0.14253571611580404
South_Western_Ghats_moist_deciduous_forests,0.1751596148405272,South_Western_Ghats_moist_deciduous_forests,North_Tibetan_Plateau_Kunlun_Mountains_alpine_desert,0.7496,-0.14253571611580404
South_Western_Ghats_moist_deciduous_forests,0.1751596148405272,South_Western_Ghats_moist_deciduous_forests,Himalayan_subtropical_broadleaf_forests       ,0.8947,-0.14253571611580404
South_Western_Ghats_moist_deciduous_forests,0.1751596148405272,South_Western_Ghats_moist_deciduous_forests,South_Deccan_Plateau_dry_deciduous_forests    ,0.9592,-0.14253571611580404
South_Western_Ghats_moist_deciduous_forests,0.1751596148405272,South_Western_Ghats_moist_deciduous_forests,Orissa_semi_evergreen_forests                 ,0.8762,-0.14253571611580404
South_Western_Ghats_moist_deciduous_forests,0.1751596148405272,South_Western_Ghats_moist_deciduous_forests,Sundarbans_freshwater_swamp_forests           ,0.8615,-0.14253571611580404
South_Western_Ghats_moist_deciduous_forests,0.1751596148405272,South_Western_Ghats_moist_deciduous_forests,Himalayan_subtropical_pine_forests            ,0.9556,-0.14253571611580404
Rann_of_Kutch_seasonal_salt_marsh,0.0199357659907504,Rann_of_Kutch_seasonal_salt_marsh,Brahmaputra_Valley_semi_evergreen_forests     ,0.8938,-0.14253571611580404
Rann_of_Kutch_seasonal_salt_marsh,0.0199357659907504,Rann_of_Kutch_seasonal_salt_marsh,Western_Himalayan_broadleaf_forests           ,0.8427,-0.14253571611580404
Rann_of_Kutch_seasonal_salt_marsh,0.0199357659907504,Rann_of_Kutch_seasonal_salt_marsh,Northeast_Himalayan_subalpine_conifer_forests ,0.855,-0.14253571611580404
Rann_of_Kutch_seasonal_salt_marsh,0.0199357659907504,Rann_of_Kutch_seasonal_salt_marsh,South_Western_Ghats_montane_rain_forests      ,0.8224,-0.14253571611580404
Rann_of_Kutch_seasonal_salt_marsh,0.0199357659907504,Rann_of_Kutch_seasonal_salt_marsh,Narmada_Valley_dry_deciduous_forests          ,0.9846,-0.14253571611580404
Rann_of_Kutch_seasonal_salt_marsh,0.0199357659907504,Rann_of_Kutch_seasonal_salt_marsh,Mizoram_Manipur_Kachin_rain_forests           ,0.9144,-0.14253571611580404
Rann_of_Kutch_seasonal_salt_marsh,0.0199357659907504,Rann_of_Kutch_seasonal_salt_marsh,Khathiar_Gir_dry_deciduous_forests            ,0.9902,-0.14253571611580404
Rann_of_Kutch_seasonal_salt_marsh,0.0199357659907504,Rann_of_Kutch_seasonal_salt_marsh,Aravalli_west_thorn_scrub_forests             ,0.987,-0.14253571611580404
Rann_of_Kutch_seasonal_salt_marsh,0.0199357659907504,Rann_of_Kutch_seasonal_salt_marsh,Maldives_Lakshadweep_Chagos_Archipelago_tropical_moist_forests,0.5494,-0.14253571611580404
Rann_of_Kutch_seasonal_salt_marsh,0.0199357659907504,Rann_of_Kutch_seasonal_salt_marsh,East_Deccan_moist_deciduous_forests           ,0.9728,-0.14253571611580404
Rann_of_Kutch_seasonal_salt_marsh,0.0199357659907504,Rann_of_Kutch_seasonal_salt_marsh,East_Deccan_dry_evergreen_forests             ,0.9134,-0.14253571611580404
Rann_of_Kutch_seasonal_salt_marsh,0.0199357659907504,Rann_of_Kutch_seasonal_salt_marsh,Central_Deccan_Plateau_dry_deciduous_forests  ,0.9752,-0.14253571611580404
Rann_of_Kutch_seasonal_salt_marsh,0.0199357659907504,Rann_of_Kutch_seasonal_salt_marsh,Eastern_Himalayan_broadleaf_forests           ,0.889,-0.14253571611580404
Rann_of_Kutch_seasonal_salt_marsh,0.0199357659907504,Rann_of_Kutch_seasonal_salt_marsh,Central_Tibetan_Plateau_alpine_steppe         ,0.8041,-0.14253571611580404
Rann_of_Kutch_seasonal_salt_marsh,0.0199357659907504,Rann_of_Kutch_seasonal_salt_marsh,Terai_Duar_savanna_and_grasslands             ,0.9479,-0.14253571611580404
Rann_of_Kutch_seasonal_salt_marsh,0.0199357659907504,Rann_of_Kutch_seasonal_salt_marsh,Nicobar_Islands_rain_forests                  ,0.5841,-0.14253571611580404
Rann_of_Kutch_seasonal_salt_marsh,0.0199357659907504,Rann_of_Kutch_seasonal_salt_marsh,Eastern_Himalayan_alpine_shrub_and_meadows    ,0.8768,-0.14253571611580404
Rann_of_Kutch_seasonal_salt_marsh,0.0199357659907504,Rann_of_Kutch_seasonal_salt_marsh,North_Western_Ghats_montane_rain_forests      ,0.8968,-0.14253571611580404
Rann_of_Kutch_seasonal_salt_marsh,0.0199357659907504,Rann_of_Kutch_seasonal_salt_marsh,Chhota_Nagpur_dry_deciduous_forests           ,0.9814,-0.14253571611580404
Rann_of_Kutch_seasonal_salt_marsh,0.0199357659907504,Rann_of_Kutch_seasonal_salt_marsh,Rann_of_Kutch_seasonal_salt_marsh             ,1.0,-0.14253571611580404
Rann_of_Kutch_seasonal_salt_marsh,0.0199357659907504,Rann_of_Kutch_seasonal_salt_marsh,Northwestern_Himalayan_alpine_shrub_and_meadows,0.7554,-0.14253571611580404
Rann_of_Kutch_seasonal_salt_marsh,0.0199357659907504,Rann_of_Kutch_seasonal_salt_marsh,Upper_Gangetic_Plains_moist_deciduous_forests ,0.9843,-0.14253571611580404
Rann_of_Kutch_seasonal_salt_marsh,0.0199357659907504,Rann_of_Kutch_seasonal_salt_marsh,North_Deccan_dry_deciduous_forests            ,0.9769,-0.14253571611580404
Rann_of_Kutch_seasonal_salt_marsh,0.0199357659907504,Rann_of_Kutch_seasonal_salt_marsh,Northeast_India_Myanmar_pine_forests          ,0.8176,-0.14253571611580404
Rann_of_Kutch_seasonal_salt_marsh,0.0199357659907504,Rann_of_Kutch_seasonal_salt_marsh,Sundarbans_mangroves                          ,0.9154,-0.14253571611580404
Rann_of_Kutch_seasonal_salt_marsh,0.0199357659907504,Rann_of_Kutch_seasonal_salt_marsh,Karakoram_West_Tibetan_Plateau_alpine_steppe  ,0.7844,-0.14253571611580404
Rann_of_Kutch_seasonal_salt_marsh,0.0199357659907504,Rann_of_Kutch_seasonal_salt_marsh,Baluchistan_xeric_woodlands                   ,0.9199,-0.14253571611580404
Rann_of_Kutch_seasonal_salt_marsh,0.0199357659907504,Rann_of_Kutch_seasonal_salt_marsh,Indus_River_Delta_Arabian_Sea_mangroves       ,0.9661,-0.14253571611580404
Rann_of_Kutch_seasonal_salt_marsh,0.0199357659907504,Rann_of_Kutch_seasonal_salt_marsh,Meghalaya_subtropical_forests                 ,0.9195,-0.14253571611580404
Rann_of_Kutch_seasonal_salt_marsh,0.0199357659907504,Rann_of_Kutch_seasonal_salt_marsh,Chin_Hills_Arakan_Yoma_montane_forests        ,0.9075,-0.14253571611580404
Rann_of_Kutch_seasonal_salt_marsh,0.0199357659907504,Rann_of_Kutch_seasonal_salt_marsh,North_Western_Ghats_moist_deciduous_forests   ,0.9254,-0.14253571611580404
Rann_of_Kutch_seasonal_salt_marsh,0.0199357659907504,Rann_of_Kutch_seasonal_salt_marsh,Northern_Triangle_temperate_forests           ,0.7936,-0.14253571611580404
Rann_of_Kutch_seasonal_salt_marsh,0.0199357659907504,Rann_of_Kutch_seasonal_salt_marsh,Malabar_Coast_moist_forests                   ,0.8038,-0.14253571611580404
Rann_of_Kutch_seasonal_salt_marsh,0.0199357659907504,Rann_of_Kutch_seasonal_salt_marsh,Andaman_Islands_rain_forests                  ,0.6561,-0.14253571611580404
Rann_of_Kutch_seasonal_salt_marsh,0.0199357659907504,Rann_of_Kutch_seasonal_salt_marsh,Western_Himalayan_alpine_shrub_and_meadows    ,0.7782,-0.14253571611580404
Rann_of_Kutch_seasonal_salt_marsh,0.0199357659907504,Rann_of_Kutch_seasonal_salt_marsh,Eastern_Himalayan_subalpine_conifer_forests   ,0.8853,-0.14253571611580404
Rann_of_Kutch_seasonal_salt_marsh,0.0199357659907504,Rann_of_Kutch_seasonal_salt_marsh,Deccan_thorn_scrub_forests                    ,0.9452,-0.14253571611580404
Rann_of_Kutch_seasonal_salt_marsh,0.0199357659907504,Rann_of_Kutch_seasonal_salt_marsh,Western_Himalayan_subalpine_conifer_forests   ,0.8581,-0.14253571611580404
Rann_of_Kutch_seasonal_salt_marsh,0.0199357659907504,Rann_of_Kutch_seasonal_salt_marsh,Lower_Gangetic_Plains_moist_deciduous_forests ,0.9647,-0.14253571611580404
Rann_of_Kutch_seasonal_salt_marsh,0.0199357659907504,Rann_of_Kutch_seasonal_salt_marsh,South_Western_Ghats_moist_deciduous_forests   ,0.8478,-0.14253571611580404
Rann_of_Kutch_seasonal_salt_marsh,0.0199357659907504,Rann_of_Kutch_seasonal_salt_marsh,Thar_desert                                   ,0.9808,-0.14253571611580404
Rann_of_Kutch_seasonal_salt_marsh,0.0199357659907504,Rann_of_Kutch_seasonal_salt_marsh,Godavari_Krishna_mangroves                    ,0.9373,-0.14253571611580404
Rann_of_Kutch_seasonal_salt_marsh,0.0199357659907504,Rann_of_Kutch_seasonal_salt_marsh,North_Tibetan_Plateau_Kunlun_Mountains_alpine_desert,0.8257,-0.14253571611580404
Rann_of_Kutch_seasonal_salt_marsh,0.0199357659907504,Rann_of_Kutch_seasonal_salt_marsh,Himalayan_subtropical_broadleaf_forests       ,0.9273,-0.14253571611580404
Rann_of_Kutch_seasonal_salt_marsh,0.0199357659907504,Rann_of_Kutch_seasonal_salt_marsh,South_Deccan_Plateau_dry_deciduous_forests    ,0.9291,-0.14253571611580404
Rann_of_Kutch_seasonal_salt_marsh,0.0199357659907504,Rann_of_Kutch_seasonal_salt_marsh,Orissa_semi_evergreen_forests                 ,0.9607,-0.14253571611580404
Rann_of_Kutch_seasonal_salt_marsh,0.0199357659907504,Rann_of_Kutch_seasonal_salt_marsh,Sundarbans_freshwater_swamp_forests           ,0.9506,-0.14253571611580404
Rann_of_Kutch_seasonal_salt_marsh,0.0199357659907504,Rann_of_Kutch_seasonal_salt_marsh,Himalayan_subtropical_pine_forests            ,0.8901,-0.14253571611580404
South_Deccan_Plateau_dry_deciduous_forests,0.0879366579876847,South_Deccan_Plateau_dry_deciduous_forests,Brahmaputra_Valley_semi_evergreen_forests     ,0.8795,-0.14253571611580404
South_Deccan_Plateau_dry_deciduous_forests,0.0879366579876847,South_Deccan_Plateau_dry_deciduous_forests,Western_Himalayan_broadleaf_forests           ,0.9291,-0.14253571611580404
South_Deccan_Plateau_dry_deciduous_forests,0.0879366579876847,South_Deccan_Plateau_dry_deciduous_forests,Northeast_Himalayan_subalpine_conifer_forests ,0.8796,-0.14253571611580404
South_Deccan_Plateau_dry_deciduous_forests,0.0879366579876847,South_Deccan_Plateau_dry_deciduous_forests,South_Western_Ghats_montane_rain_forests      ,0.9262,-0.14253571611580404
South_Deccan_Plateau_dry_deciduous_forests,0.0879366579876847,South_Deccan_Plateau_dry_deciduous_forests,Narmada_Valley_dry_deciduous_forests          ,0.9417,-0.14253571611580404
South_Deccan_Plateau_dry_deciduous_forests,0.0879366579876847,South_Deccan_Plateau_dry_deciduous_forests,Mizoram_Manipur_Kachin_rain_forests           ,0.9302,-0.14253571611580404
South_Deccan_Plateau_dry_deciduous_forests,0.0879366579876847,South_Deccan_Plateau_dry_deciduous_forests,Khathiar_Gir_dry_deciduous_forests            ,0.946,-0.14253571611580404
South_Deccan_Plateau_dry_deciduous_forests,0.0879366579876847,South_Deccan_Plateau_dry_deciduous_forests,Aravalli_west_thorn_scrub_forests             ,0.9498,-0.14253571611580404
South_Deccan_Plateau_dry_deciduous_forests,0.0879366579876847,South_Deccan_Plateau_dry_deciduous_forests,Maldives_Lakshadweep_Chagos_Archipelago_tropical_moist_forests,0.7271,-0.14253571611580404
South_Deccan_Plateau_dry_deciduous_forests,0.0879366579876847,South_Deccan_Plateau_dry_deciduous_forests,East_Deccan_moist_deciduous_forests           ,0.9681,-0.14253571611580404
South_Deccan_Plateau_dry_deciduous_forests,0.0879366579876847,South_Deccan_Plateau_dry_deciduous_forests,East_Deccan_dry_evergreen_forests             ,0.9705,-0.14253571611580404
South_Deccan_Plateau_dry_deciduous_forests,0.0879366579876847,South_Deccan_Plateau_dry_deciduous_forests,Central_Deccan_Plateau_dry_deciduous_forests  ,0.9725,-0.14253571611580404
South_Deccan_Plateau_dry_deciduous_forests,0.0879366579876847,South_Deccan_Plateau_dry_deciduous_forests,Eastern_Himalayan_broadleaf_forests           ,0.932,-0.14253571611580404
South_Deccan_Plateau_dry_deciduous_forests,0.0879366579876847,South_Deccan_Plateau_dry_deciduous_forests,Central_Tibetan_Plateau_alpine_steppe         ,0.8157,-0.14253571611580404
South_Deccan_Plateau_dry_deciduous_forests,0.0879366579876847,South_Deccan_Plateau_dry_deciduous_forests,Terai_Duar_savanna_and_grasslands             ,0.911,-0.14253571611580404
South_Deccan_Plateau_dry_deciduous_forests,0.0879366579876847,South_Deccan_Plateau_dry_deciduous_forests,Nicobar_Islands_rain_forests                  ,0.7597,-0.14253571611580404
South_Deccan_Plateau_dry_deciduous_forests,0.0879366579876847,South_Deccan_Plateau_dry_deciduous_forests,Eastern_Himalayan_alpine_shrub_and_meadows    ,0.8994,-0.14253571611580404
South_Deccan_Plateau_dry_deciduous_forests,0.0879366579876847,South_Deccan_Plateau_dry_deciduous_forests,North_Western_Ghats_montane_rain_forests      ,0.9085,-0.14253571611580404
South_Deccan_Plateau_dry_deciduous_forests,0.0879366579876847,South_Deccan_Plateau_dry_deciduous_forests,Chhota_Nagpur_dry_deciduous_forests           ,0.9599,-0.14253571611580404
South_Deccan_Plateau_dry_deciduous_forests,0.0879366579876847,South_Deccan_Plateau_dry_deciduous_forests,Rann_of_Kutch_seasonal_salt_marsh             ,0.9291,-0.14253571611580404
South_Deccan_Plateau_dry_deciduous_forests,0.0879366579876847,South_Deccan_Plateau_dry_deciduous_forests,Northwestern_Himalayan_alpine_shrub_and_meadows,0.8374,-0.14253571611580404
South_Deccan_Plateau_dry_deciduous_forests,0.0879366579876847,South_Deccan_Plateau_dry_deciduous_forests,Upper_Gangetic_Plains_moist_deciduous_forests ,0.9511,-0.14253571611580404
South_Deccan_Plateau_dry_deciduous_forests,0.0879366579876847,South_Deccan_Plateau_dry_deciduous_forests,North_Deccan_dry_deciduous_forests            ,0.9408,-0.14253571611580404
South_Deccan_Plateau_dry_deciduous_forests,0.0879366579876847,South_Deccan_Plateau_dry_deciduous_forests,Northeast_India_Myanmar_pine_forests          ,0.8319,-0.14253571611580404
South_Deccan_Plateau_dry_deciduous_forests,0.0879366579876847,South_Deccan_Plateau_dry_deciduous_forests,Sundarbans_mangroves                          ,0.8932,-0.14253571611580404
South_Deccan_Plateau_dry_deciduous_forests,0.0879366579876847,South_Deccan_Plateau_dry_deciduous_forests,Karakoram_West_Tibetan_Plateau_alpine_steppe  ,0.8359,-0.14253571611580404
South_Deccan_Plateau_dry_deciduous_forests,0.0879366579876847,South_Deccan_Plateau_dry_deciduous_forests,Baluchistan_xeric_woodlands                   ,0.9503,-0.14253571611580404
South_Deccan_Plateau_dry_deciduous_forests,0.0879366579876847,South_Deccan_Plateau_dry_deciduous_forests,Indus_River_Delta_Arabian_Sea_mangroves       ,0.9539,-0.14253571611580404
South_Deccan_Plateau_dry_deciduous_forests,0.0879366579876847,South_Deccan_Plateau_dry_deciduous_forests,Meghalaya_subtropical_forests                 ,0.9303,-0.14253571611580404
South_Deccan_Plateau_dry_deciduous_forests,0.0879366579876847,South_Deccan_Plateau_dry_deciduous_forests,Chin_Hills_Arakan_Yoma_montane_forests        ,0.9147,-0.14253571611580404
South_Deccan_Plateau_dry_deciduous_forests,0.0879366579876847,South_Deccan_Plateau_dry_deciduous_forests,North_Western_Ghats_moist_deciduous_forests   ,0.9367,-0.14253571611580404
South_Deccan_Plateau_dry_deciduous_forests,0.0879366579876847,South_Deccan_Plateau_dry_deciduous_forests,Northern_Triangle_temperate_forests           ,0.8301,-0.14253571611580404
South_Deccan_Plateau_dry_deciduous_forests,0.0879366579876847,South_Deccan_Plateau_dry_deciduous_forests,Malabar_Coast_moist_forests                   ,0.8832,-0.14253571611580404
South_Deccan_Plateau_dry_deciduous_forests,0.0879366579876847,South_Deccan_Plateau_dry_deciduous_forests,Andaman_Islands_rain_forests                  ,0.7913,-0.14253571611580404
South_Deccan_Plateau_dry_deciduous_forests,0.0879366579876847,South_Deccan_Plateau_dry_deciduous_forests,Western_Himalayan_alpine_shrub_and_meadows    ,0.8525,-0.14253571611580404
South_Deccan_Plateau_dry_deciduous_forests,0.0879366579876847,South_Deccan_Plateau_dry_deciduous_forests,Eastern_Himalayan_subalpine_conifer_forests   ,0.915,-0.14253571611580404
South_Deccan_Plateau_dry_deciduous_forests,0.0879366579876847,South_Deccan_Plateau_dry_deciduous_forests,Deccan_thorn_scrub_forests                    ,0.9864,-0.14253571611580404
South_Deccan_Plateau_dry_deciduous_forests,0.0879366579876847,South_Deccan_Plateau_dry_deciduous_forests,Western_Himalayan_subalpine_conifer_forests   ,0.9348,-0.14253571611580404
South_Deccan_Plateau_dry_deciduous_forests,0.0879366579876847,South_Deccan_Plateau_dry_deciduous_forests,Lower_Gangetic_Plains_moist_deciduous_forests ,0.9387,-0.14253571611580404
South_Deccan_Plateau_dry_deciduous_forests,0.0879366579876847,South_Deccan_Plateau_dry_deciduous_forests,South_Western_Ghats_moist_deciduous_forests   ,0.9592,-0.14253571611580404
South_Deccan_Plateau_dry_deciduous_forests,0.0879366579876847,South_Deccan_Plateau_dry_deciduous_forests,Thar_desert                                   ,0.9098,-0.14253571611580404
South_Deccan_Plateau_dry_deciduous_forests,0.0879366579876847,South_Deccan_Plateau_dry_deciduous_forests,Godavari_Krishna_mangroves                    ,0.956,-0.14253571611580404
South_Deccan_Plateau_dry_deciduous_forests,0.0879366579876847,South_Deccan_Plateau_dry_deciduous_forests,North_Tibetan_Plateau_Kunlun_Mountains_alpine_desert,0.8357,-0.14253571611580404
South_Deccan_Plateau_dry_deciduous_forests,0.0879366579876847,South_Deccan_Plateau_dry_deciduous_forests,Himalayan_subtropical_broadleaf_forests       ,0.9266,-0.14253571611580404
South_Deccan_Plateau_dry_deciduous_forests,0.0879366579876847,South_Deccan_Plateau_dry_deciduous_forests,South_Deccan_Plateau_dry_deciduous_forests    ,1.0,-0.14253571611580404
South_Deccan_Plateau_dry_deciduous_forests,0.0879366579876847,South_Deccan_Plateau_dry_deciduous_forests,Orissa_semi_evergreen_forests                 ,0.9399,-0.14253571611580404
South_Deccan_Plateau_dry_deciduous_forests,0.0879366579876847,South_Deccan_Plateau_dry_deciduous_forests,Sundarbans_freshwater_swamp_forests           ,0.918,-0.14253571611580404
South_Deccan_Plateau_dry_deciduous_forests,0.0879366579876847,South_Deccan_Plateau_dry_deciduous_forests,Himalayan_subtropical_pine_forests            ,0.9464,-0.14253571611580404
Sundarbans_freshwater_swamp_forests,0.0054032676832097,Sundarbans_freshwater_swamp_forests,Brahmaputra_Valley_semi_evergreen_forests     ,0.9691,-0.14253571611580404
Sundarbans_freshwater_swamp_forests,0.0054032676832097,Sundarbans_freshwater_swamp_forests,Western_Himalayan_broadleaf_forests           ,0.8905,-0.14253571611580404
Sundarbans_freshwater_swamp_forests,0.0054032676832097,Sundarbans_freshwater_swamp_forests,Northeast_Himalayan_subalpine_conifer_forests ,0.8558,-0.14253571611580404
Sundarbans_freshwater_swamp_forests,0.0054032676832097,Sundarbans_freshwater_swamp_forests,South_Western_Ghats_montane_rain_forests      ,0.8497,-0.14253571611580404
Sundarbans_freshwater_swamp_forests,0.0054032676832097,Sundarbans_freshwater_swamp_forests,Narmada_Valley_dry_deciduous_forests          ,0.9419,-0.14253571611580404
Sundarbans_freshwater_swamp_forests,0.0054032676832097,Sundarbans_freshwater_swamp_forests,Mizoram_Manipur_Kachin_rain_forests           ,0.9547,-0.14253571611580404
Sundarbans_freshwater_swamp_forests,0.0054032676832097,Sundarbans_freshwater_swamp_forests,Khathiar_Gir_dry_deciduous_forests            ,0.9474,-0.14253571611580404
Sundarbans_freshwater_swamp_forests,0.0054032676832097,Sundarbans_freshwater_swamp_forests,Aravalli_west_thorn_scrub_forests             ,0.9586,-0.14253571611580404
Sundarbans_freshwater_swamp_forests,0.0054032676832097,Sundarbans_freshwater_swamp_forests,Maldives_Lakshadweep_Chagos_Archipelago_tropical_moist_forests,0.5866,-0.14253571611580404
Sundarbans_freshwater_swamp_forests,0.0054032676832097,Sundarbans_freshwater_swamp_forests,East_Deccan_moist_deciduous_forests           ,0.958,-0.14253571611580404
Sundarbans_freshwater_swamp_forests,0.0054032676832097,Sundarbans_freshwater_swamp_forests,East_Deccan_dry_evergreen_forests             ,0.8957,-0.14253571611580404
Sundarbans_freshwater_swamp_forests,0.0054032676832097,Sundarbans_freshwater_swamp_forests,Central_Deccan_Plateau_dry_deciduous_forests  ,0.9576,-0.14253571611580404
Sundarbans_freshwater_swamp_forests,0.0054032676832097,Sundarbans_freshwater_swamp_forests,Eastern_Himalayan_broadleaf_forests           ,0.9327,-0.14253571611580404
Sundarbans_freshwater_swamp_forests,0.0054032676832097,Sundarbans_freshwater_swamp_forests,Central_Tibetan_Plateau_alpine_steppe         ,0.787,-0.14253571611580404
Sundarbans_freshwater_swamp_forests,0.0054032676832097,Sundarbans_freshwater_swamp_forests,Terai_Duar_savanna_and_grasslands             ,0.967,-0.14253571611580404
Sundarbans_freshwater_swamp_forests,0.0054032676832097,Sundarbans_freshwater_swamp_forests,Nicobar_Islands_rain_forests                  ,0.6366,-0.14253571611580404
Sundarbans_freshwater_swamp_forests,0.0054032676832097,Sundarbans_freshwater_swamp_forests,Eastern_Himalayan_alpine_shrub_and_meadows    ,0.8816,-0.14253571611580404
Sundarbans_freshwater_swamp_forests,0.0054032676832097,Sundarbans_freshwater_swamp_forests,North_Western_Ghats_montane_rain_forests      ,0.8838,-0.14253571611580404
Sundarbans_freshwater_swamp_forests,0.0054032676832097,Sundarbans_freshwater_swamp_forests,Chhota_Nagpur_dry_deciduous_forests           ,0.9675,-0.14253571611580404
Sundarbans_freshwater_swamp_forests,0.0054032676832097,Sundarbans_freshwater_swamp_forests,Rann_of_Kutch_seasonal_salt_marsh             ,0.9506,-0.14253571611580404
Sundarbans_freshwater_swamp_forests,0.0054032676832097,Sundarbans_freshwater_swamp_forests,Northwestern_Himalayan_alpine_shrub_and_meadows,0.8027,-0.14253571611580404
Sundarbans_freshwater_swamp_forests,0.0054032676832097,Sundarbans_freshwater_swamp_forests,Upper_Gangetic_Plains_moist_deciduous_forests ,0.9498,-0.14253571611580404
Sundarbans_freshwater_swamp_forests,0.0054032676832097,Sundarbans_freshwater_swamp_forests,North_Deccan_dry_deciduous_forests            ,0.9722,-0.14253571611580404
Sundarbans_freshwater_swamp_forests,0.0054032676832097,Sundarbans_freshwater_swamp_forests,Northeast_India_Myanmar_pine_forests          ,0.8816,-0.14253571611580404
Sundarbans_freshwater_swamp_forests,0.0054032676832097,Sundarbans_freshwater_swamp_forests,Sundarbans_mangroves                          ,0.9856,-0.14253571611580404
Sundarbans_freshwater_swamp_forests,0.0054032676832097,Sundarbans_freshwater_swamp_forests,Karakoram_West_Tibetan_Plateau_alpine_steppe  ,0.7988,-0.14253571611580404
Sundarbans_freshwater_swamp_forests,0.0054032676832097,Sundarbans_freshwater_swamp_forests,Baluchistan_xeric_woodlands                   ,0.918,-0.14253571611580404
Sundarbans_freshwater_swamp_forests,0.0054032676832097,Sundarbans_freshwater_swamp_forests,Indus_River_Delta_Arabian_Sea_mangroves       ,0.9102,-0.14253571611580404
Sundarbans_freshwater_swamp_forests,0.0054032676832097,Sundarbans_freshwater_swamp_forests,Meghalaya_subtropical_forests                 ,0.9686,-0.14253571611580404
Sundarbans_freshwater_swamp_forests,0.0054032676832097,Sundarbans_freshwater_swamp_forests,Chin_Hills_Arakan_Yoma_montane_forests        ,0.9251,-0.14253571611580404
Sundarbans_freshwater_swamp_forests,0.0054032676832097,Sundarbans_freshwater_swamp_forests,North_Western_Ghats_moist_deciduous_forests   ,0.9068,-0.14253571611580404
Sundarbans_freshwater_swamp_forests,0.0054032676832097,Sundarbans_freshwater_swamp_forests,Northern_Triangle_temperate_forests           ,0.878,-0.14253571611580404
Sundarbans_freshwater_swamp_forests,0.0054032676832097,Sundarbans_freshwater_swamp_forests,Malabar_Coast_moist_forests                   ,0.8154,-0.14253571611580404
Sundarbans_freshwater_swamp_forests,0.0054032676832097,Sundarbans_freshwater_swamp_forests,Andaman_Islands_rain_forests                  ,0.7131,-0.14253571611580404
Sundarbans_freshwater_swamp_forests,0.0054032676832097,Sundarbans_freshwater_swamp_forests,Western_Himalayan_alpine_shrub_and_meadows    ,0.8176,-0.14253571611580404
Sundarbans_freshwater_swamp_forests,0.0054032676832097,Sundarbans_freshwater_swamp_forests,Eastern_Himalayan_subalpine_conifer_forests   ,0.9048,-0.14253571611580404
Sundarbans_freshwater_swamp_forests,0.0054032676832097,Sundarbans_freshwater_swamp_forests,Deccan_thorn_scrub_forests                    ,0.9177,-0.14253571611580404
Sundarbans_freshwater_swamp_forests,0.0054032676832097,Sundarbans_freshwater_swamp_forests,Western_Himalayan_subalpine_conifer_forests   ,0.898,-0.14253571611580404
Sundarbans_freshwater_swamp_forests,0.0054032676832097,Sundarbans_freshwater_swamp_forests,Lower_Gangetic_Plains_moist_deciduous_forests ,0.9807,-0.14253571611580404
Sundarbans_freshwater_swamp_forests,0.0054032676832097,Sundarbans_freshwater_swamp_forests,South_Western_Ghats_moist_deciduous_forests   ,0.8615,-0.14253571611580404
Sundarbans_freshwater_swamp_forests,0.0054032676832097,Sundarbans_freshwater_swamp_forests,Thar_desert                                   ,0.9354,-0.14253571611580404
Sundarbans_freshwater_swamp_forests,0.0054032676832097,Sundarbans_freshwater_swamp_forests,Godavari_Krishna_mangroves                    ,0.9124,-0.14253571611580404
Sundarbans_freshwater_swamp_forests,0.0054032676832097,Sundarbans_freshwater_swamp_forests,North_Tibetan_Plateau_Kunlun_Mountains_alpine_desert,0.8,-0.14253571611580404
Sundarbans_freshwater_swamp_forests,0.0054032676832097,Sundarbans_freshwater_swamp_forests,Himalayan_subtropical_broadleaf_forests       ,0.9519,-0.14253571611580404
Sundarbans_freshwater_swamp_forests,0.0054032676832097,Sundarbans_freshwater_swamp_forests,South_Deccan_Plateau_dry_deciduous_forests    ,0.918,-0.14253571611580404
Sundarbans_freshwater_swamp_forests,0.0054032676832097,Sundarbans_freshwater_swamp_forests,Orissa_semi_evergreen_forests                 ,0.9687,-0.14253571611580404
Sundarbans_freshwater_swamp_forests,0.0054032676832097,Sundarbans_freshwater_swamp_forests,Sundarbans_freshwater_swamp_forests           ,1.0,-0.14253571611580404
Sundarbans_freshwater_swamp_forests,0.0054032676832097,Sundarbans_freshwater_swamp_forests,Himalayan_subtropical_pine_forests            ,0.9281,-0.14253571611580404
Terai_Duar_savanna_and_grasslands,0.0311805101861159,Terai_Duar_savanna_and_grasslands,Brahmaputra_Valley_semi_evergreen_forests     ,0.9665,-0.14253571611580404
Terai_Duar_savanna_and_grasslands,0.0311805101861159,Terai_Duar_savanna_and_grasslands,Western_Himalayan_broadleaf_forests           ,0.8978,-0.14253571611580404
Terai_Duar_savanna_and_grasslands,0.0311805101861159,Terai_Duar_savanna_and_grasslands,Northeast_Himalayan_subalpine_conifer_forests ,0.8645,-0.14253571611580404
Terai_Duar_savanna_and_grasslands,0.0311805101861159,Terai_Duar_savanna_and_grasslands,South_Western_Ghats_montane_rain_forests      ,0.8615,-0.14253571611580404
Terai_Duar_savanna_and_grasslands,0.0311805101861159,Terai_Duar_savanna_and_grasslands,Narmada_Valley_dry_deciduous_forests          ,0.9447,-0.14253571611580404
Terai_Duar_savanna_and_grasslands,0.0311805101861159,Terai_Duar_savanna_and_grasslands,Mizoram_Manipur_Kachin_rain_forests           ,0.9768,-0.14253571611580404
Terai_Duar_savanna_and_grasslands,0.0311805101861159,Terai_Duar_savanna_and_grasslands,Khathiar_Gir_dry_deciduous_forests            ,0.9501,-0.14253571611580404
Terai_Duar_savanna_and_grasslands,0.0311805101861159,Terai_Duar_savanna_and_grasslands,Aravalli_west_thorn_scrub_forests             ,0.9657,-0.14253571611580404
Terai_Duar_savanna_and_grasslands,0.0311805101861159,Terai_Duar_savanna_and_grasslands,Maldives_Lakshadweep_Chagos_Archipelago_tropical_moist_forests,0.5941,-0.14253571611580404
Terai_Duar_savanna_and_grasslands,0.0311805101861159,Terai_Duar_savanna_and_grasslands,East_Deccan_moist_deciduous_forests           ,0.9668,-0.14253571611580404
Terai_Duar_savanna_and_grasslands,0.0311805101861159,Terai_Duar_savanna_and_grasslands,East_Deccan_dry_evergreen_forests             ,0.9047,-0.14253571611580404
Terai_Duar_savanna_and_grasslands,0.0311805101861159,Terai_Duar_savanna_and_grasslands,Central_Deccan_Plateau_dry_deciduous_forests  ,0.9428,-0.14253571611580404
Terai_Duar_savanna_and_grasslands,0.0311805101861159,Terai_Duar_savanna_and_grasslands,Eastern_Himalayan_broadleaf_forests           ,0.9551,-0.14253571611580404
Terai_Duar_savanna_and_grasslands,0.0311805101861159,Terai_Duar_savanna_and_grasslands,Central_Tibetan_Plateau_alpine_steppe         ,0.7914,-0.14253571611580404
Terai_Duar_savanna_and_grasslands,0.0311805101861159,Terai_Duar_savanna_and_grasslands,Terai_Duar_savanna_and_grasslands             ,1.0,-0.14253571611580404
Terai_Duar_savanna_and_grasslands,0.0311805101861159,Terai_Duar_savanna_and_grasslands,Nicobar_Islands_rain_forests                  ,0.6516,-0.14253571611580404
Terai_Duar_savanna_and_grasslands,0.0311805101861159,Terai_Duar_savanna_and_grasslands,Eastern_Himalayan_alpine_shrub_and_meadows    ,0.8784,-0.14253571611580404
Terai_Duar_savanna_and_grasslands,0.0311805101861159,Terai_Duar_savanna_and_grasslands,North_Western_Ghats_montane_rain_forests      ,0.9082,-0.14253571611580404
Terai_Duar_savanna_and_grasslands,0.0311805101861159,Terai_Duar_savanna_and_grasslands,Chhota_Nagpur_dry_deciduous_forests           ,0.9715,-0.14253571611580404
Terai_Duar_savanna_and_grasslands,0.0311805101861159,Terai_Duar_savanna_and_grasslands,Rann_of_Kutch_seasonal_salt_marsh             ,0.9479,-0.14253571611580404
Terai_Duar_savanna_and_grasslands,0.0311805101861159,Terai_Duar_savanna_and_grasslands,Northwestern_Himalayan_alpine_shrub_and_meadows,0.7835,-0.14253571611580404
Terai_Duar_savanna_and_grasslands,0.0311805101861159,Terai_Duar_savanna_and_grasslands,Upper_Gangetic_Plains_moist_deciduous_forests ,0.9704,-0.14253571611580404
Terai_Duar_savanna_and_grasslands,0.0311805101861159,Terai_Duar_savanna_and_grasslands,North_Deccan_dry_deciduous_forests            ,0.9766,-0.14253571611580404
Terai_Duar_savanna_and_grasslands,0.0311805101861159,Terai_Duar_savanna_and_grasslands,Northeast_India_Myanmar_pine_forests          ,0.9044,-0.14253571611580404
Terai_Duar_savanna_and_grasslands,0.0311805101861159,Terai_Duar_savanna_and_grasslands,Sundarbans_mangroves                          ,0.9583,-0.14253571611580404
Terai_Duar_savanna_and_grasslands,0.0311805101861159,Terai_Duar_savanna_and_grasslands,Karakoram_West_Tibetan_Plateau_alpine_steppe  ,0.7733,-0.14253571611580404
Terai_Duar_savanna_and_grasslands,0.0311805101861159,Terai_Duar_savanna_and_grasslands,Baluchistan_xeric_woodlands                   ,0.8909,-0.14253571611580404
Terai_Duar_savanna_and_grasslands,0.0311805101861159,Terai_Duar_savanna_and_grasslands,Indus_River_Delta_Arabian_Sea_mangroves       ,0.9234,-0.14253571611580404
Terai_Duar_savanna_and_grasslands,0.0311805101861159,Terai_Duar_savanna_and_grasslands,Meghalaya_subtropical_forests                 ,0.9674,-0.14253571611580404
Terai_Duar_savanna_and_grasslands,0.0311805101861159,Terai_Duar_savanna_and_grasslands,Chin_Hills_Arakan_Yoma_montane_forests        ,0.9526,-0.14253571611580404
Terai_Duar_savanna_and_grasslands,0.0311805101861159,Terai_Duar_savanna_and_grasslands,North_Western_Ghats_moist_deciduous_forests   ,0.9374,-0.14253571611580404
Terai_Duar_savanna_and_grasslands,0.0311805101861159,Terai_Duar_savanna_and_grasslands,Northern_Triangle_temperate_forests           ,0.8809,-0.14253571611580404
Terai_Duar_savanna_and_grasslands,0.0311805101861159,Terai_Duar_savanna_and_grasslands,Malabar_Coast_moist_forests                   ,0.8456,-0.14253571611580404
Terai_Duar_savanna_and_grasslands,0.0311805101861159,Terai_Duar_savanna_and_grasslands,Andaman_Islands_rain_forests                  ,0.7504,-0.14253571611580404
Terai_Duar_savanna_and_grasslands,0.0311805101861159,Terai_Duar_savanna_and_grasslands,Western_Himalayan_alpine_shrub_and_meadows    ,0.808,-0.14253571611580404
Terai_Duar_savanna_and_grasslands,0.0311805101861159,Terai_Duar_savanna_and_grasslands,Eastern_Himalayan_subalpine_conifer_forests   ,0.9167,-0.14253571611580404
Terai_Duar_savanna_and_grasslands,0.0311805101861159,Terai_Duar_savanna_and_grasslands,Deccan_thorn_scrub_forests                    ,0.9193,-0.14253571611580404
Terai_Duar_savanna_and_grasslands,0.0311805101861159,Terai_Duar_savanna_and_grasslands,Western_Himalayan_subalpine_conifer_forests   ,0.9022,-0.14253571611580404
Terai_Duar_savanna_and_grasslands,0.0311805101861159,Terai_Duar_savanna_and_grasslands,Lower_Gangetic_Plains_moist_deciduous_forests ,0.986,-0.14253571611580404
Terai_Duar_savanna_and_grasslands,0.0311805101861159,Terai_Duar_savanna_and_grasslands,South_Western_Ghats_moist_deciduous_forests   ,0.8675,-0.14253571611580404
Terai_Duar_savanna_and_grasslands,0.0311805101861159,Terai_Duar_savanna_and_grasslands,Thar_desert                                   ,0.956,-0.14253571611580404
Terai_Duar_savanna_and_grasslands,0.0311805101861159,Terai_Duar_savanna_and_grasslands,Godavari_Krishna_mangroves                    ,0.9302,-0.14253571611580404
Terai_Duar_savanna_and_grasslands,0.0311805101861159,Terai_Duar_savanna_and_grasslands,North_Tibetan_Plateau_Kunlun_Mountains_alpine_desert,0.7983,-0.14253571611580404
Terai_Duar_savanna_and_grasslands,0.0311805101861159,Terai_Duar_savanna_and_grasslands,Himalayan_subtropical_broadleaf_forests       ,0.9843,-0.14253571611580404
Terai_Duar_savanna_and_grasslands,0.0311805101861159,Terai_Duar_savanna_and_grasslands,South_Deccan_Plateau_dry_deciduous_forests    ,0.911,-0.14253571611580404
Terai_Duar_savanna_and_grasslands,0.0311805101861159,Terai_Duar_savanna_and_grasslands,Orissa_semi_evergreen_forests                 ,0.9715,-0.14253571611580404
Terai_Duar_savanna_and_grasslands,0.0311805101861159,Terai_Duar_savanna_and_grasslands,Sundarbans_freshwater_swamp_forests           ,0.967,-0.14253571611580404
Terai_Duar_savanna_and_grasslands,0.0311805101861159,Terai_Duar_savanna_and_grasslands,Himalayan_subtropical_pine_forests            ,0.9489,-0.14253571611580404
Thar_desert,0.0731332435612455,Thar_desert,Brahmaputra_Valley_semi_evergreen_forests     ,0.8951,-0.14253571611580404
Thar_desert,0.0731332435612455,Thar_desert,Western_Himalayan_broadleaf_forests           ,0.8306,-0.14253571611580404
Thar_desert,0.0731332435612455,Thar_desert,Northeast_Himalayan_subalpine_conifer_forests ,0.8395,-0.14253571611580404
Thar_desert,0.0731332435612455,Thar_desert,South_Western_Ghats_montane_rain_forests      ,0.7881,-0.14253571611580404
Thar_desert,0.0731332435612455,Thar_desert,Narmada_Valley_dry_deciduous_forests          ,0.9616,-0.14253571611580404
Thar_desert,0.0731332435612455,Thar_desert,Mizoram_Manipur_Kachin_rain_forests           ,0.9144,-0.14253571611580404
Thar_desert,0.0731332435612455,Thar_desert,Khathiar_Gir_dry_deciduous_forests            ,0.9711,-0.14253571611580404
Thar_desert,0.0731332435612455,Thar_desert,Aravalli_west_thorn_scrub_forests             ,0.984,-0.14253571611580404
Thar_desert,0.0731332435612455,Thar_desert,Maldives_Lakshadweep_Chagos_Archipelago_tropical_moist_forests,0.5387,-0.14253571611580404
Thar_desert,0.0731332435612455,Thar_desert,East_Deccan_moist_deciduous_forests           ,0.9693,-0.14253571611580404
Thar_desert,0.0731332435612455,Thar_desert,East_Deccan_dry_evergreen_forests             ,0.9078,-0.14253571611580404
Thar_desert,0.0731332435612455,Thar_desert,Central_Deccan_Plateau_dry_deciduous_forests  ,0.9507,-0.14253571611580404
Thar_desert,0.0731332435612455,Thar_desert,Eastern_Himalayan_broadleaf_forests           ,0.8776,-0.14253571611580404
Thar_desert,0.0731332435612455,Thar_desert,Central_Tibetan_Plateau_alpine_steppe         ,0.7857,-0.14253571611580404
Thar_desert,0.0731332435612455,Thar_desert,Terai_Duar_savanna_and_grasslands             ,0.956,-0.14253571611580404
Thar_desert,0.0731332435612455,Thar_desert,Nicobar_Islands_rain_forests                  ,0.5676,-0.14253571611580404
Thar_desert,0.0731332435612455,Thar_desert,Eastern_Himalayan_alpine_shrub_and_meadows    ,0.8597,-0.14253571611580404
Thar_desert,0.0731332435612455,Thar_desert,North_Western_Ghats_montane_rain_forests      ,0.8682,-0.14253571611580404
Thar_desert,0.0731332435612455,Thar_desert,Chhota_Nagpur_dry_deciduous_forests           ,0.9773,-0.14253571611580404
Thar_desert,0.0731332435612455,Thar_desert,Rann_of_Kutch_seasonal_salt_marsh             ,0.9808,-0.14253571611580404
Thar_desert,0.0731332435612455,Thar_desert,Northwestern_Himalayan_alpine_shrub_and_meadows,0.7532,-0.14253571611580404
Thar_desert,0.0731332435612455,Thar_desert,Upper_Gangetic_Plains_moist_deciduous_forests ,0.9738,-0.14253571611580404
Thar_desert,0.0731332435612455,Thar_desert,North_Deccan_dry_deciduous_forests            ,0.985,-0.14253571611580404
Thar_desert,0.0731332435612455,Thar_desert,Northeast_India_Myanmar_pine_forests          ,0.8114,-0.14253571611580404
Thar_desert,0.0731332435612455,Thar_desert,Sundarbans_mangroves                          ,0.9069,-0.14253571611580404
Thar_desert,0.0731332435612455,Thar_desert,Karakoram_West_Tibetan_Plateau_alpine_steppe  ,0.762,-0.14253571611580404
Thar_desert,0.0731332435612455,Thar_desert,Baluchistan_xeric_woodlands                   ,0.8919,-0.14253571611580404
Thar_desert,0.0731332435612455,Thar_desert,Indus_River_Delta_Arabian_Sea_mangroves       ,0.941,-0.14253571611580404
Thar_desert,0.0731332435612455,Thar_desert,Meghalaya_subtropical_forests                 ,0.9063,-0.14253571611580404
Thar_desert,0.0731332435612455,Thar_desert,Chin_Hills_Arakan_Yoma_montane_forests        ,0.9008,-0.14253571611580404
Thar_desert,0.0731332435612455,Thar_desert,North_Western_Ghats_moist_deciduous_forests   ,0.9052,-0.14253571611580404
Thar_desert,0.0731332435612455,Thar_desert,Northern_Triangle_temperate_forests           ,0.7755,-0.14253571611580404
Thar_desert,0.0731332435612455,Thar_desert,Malabar_Coast_moist_forests                   ,0.773,-0.14253571611580404
Thar_desert,0.0731332435612455,Thar_desert,Andaman_Islands_rain_forests                  ,0.6406,-0.14253571611580404
Thar_desert,0.0731332435612455,Thar_desert,Western_Himalayan_alpine_shrub_and_meadows    ,0.7553,-0.14253571611580404
Thar_desert,0.0731332435612455,Thar_desert,Eastern_Himalayan_subalpine_conifer_forests   ,0.8697,-0.14253571611580404
Thar_desert,0.0731332435612455,Thar_desert,Deccan_thorn_scrub_forests                    ,0.9208,-0.14253571611580404
Thar_desert,0.0731332435612455,Thar_desert,Western_Himalayan_subalpine_conifer_forests   ,0.8498,-0.14253571611580404
Thar_desert,0.0731332435612455,Thar_desert,Lower_Gangetic_Plains_moist_deciduous_forests ,0.9536,-0.14253571611580404
Thar_desert,0.0731332435612455,Thar_desert,South_Western_Ghats_moist_deciduous_forests   ,0.8162,-0.14253571611580404
Thar_desert,0.0731332435612455,Thar_desert,Thar_desert                                   ,1.0,-0.14253571611580404
Thar_desert,0.0731332435612455,Thar_desert,Godavari_Krishna_mangroves                    ,0.9441,-0.14253571611580404
Thar_desert,0.0731332435612455,Thar_desert,North_Tibetan_Plateau_Kunlun_Mountains_alpine_desert,0.8042,-0.14253571611580404
Thar_desert,0.0731332435612455,Thar_desert,Himalayan_subtropical_broadleaf_forests       ,0.9304,-0.14253571611580404
Thar_desert,0.0731332435612455,Thar_desert,South_Deccan_Plateau_dry_deciduous_forests    ,0.9098,-0.14253571611580404
Thar_desert,0.0731332435612455,Thar_desert,Orissa_semi_evergreen_forests                 ,0.9706,-0.14253571611580404
Thar_desert,0.0731332435612455,Thar_desert,Sundarbans_freshwater_swamp_forests           ,0.9354,-0.14253571611580404
Thar_desert,0.0731332435612455,Thar_desert,Himalayan_subtropical_pine_forests            ,0.879,-0.14253571611580404
Indus_River_Delta_Arabian_Sea_mangroves,0.0180168836267463,Indus_River_Delta_Arabian_Sea_mangroves,Brahmaputra_Valley_semi_evergreen_forests     ,0.8511,-0.14253571611580404
Indus_River_Delta_Arabian_Sea_mangroves,0.0180168836267463,Indus_River_Delta_Arabian_Sea_mangroves,Western_Himalayan_broadleaf_forests           ,0.8612,-0.14253571611580404
Indus_River_Delta_Arabian_Sea_mangroves,0.0180168836267463,Indus_River_Delta_Arabian_Sea_mangroves,Northeast_Himalayan_subalpine_conifer_forests ,0.831,-0.14253571611580404
Indus_River_Delta_Arabian_Sea_mangroves,0.0180168836267463,Indus_River_Delta_Arabian_Sea_mangroves,South_Western_Ghats_montane_rain_forests      ,0.8914,-0.14253571611580404
Indus_River_Delta_Arabian_Sea_mangroves,0.0180168836267463,Indus_River_Delta_Arabian_Sea_mangroves,Narmada_Valley_dry_deciduous_forests          ,0.9507,-0.14253571611580404
Indus_River_Delta_Arabian_Sea_mangroves,0.0180168836267463,Indus_River_Delta_Arabian_Sea_mangroves,Mizoram_Manipur_Kachin_rain_forests           ,0.9081,-0.14253571611580404
Indus_River_Delta_Arabian_Sea_mangroves,0.0180168836267463,Indus_River_Delta_Arabian_Sea_mangroves,Khathiar_Gir_dry_deciduous_forests            ,0.9554,-0.14253571611580404
Indus_River_Delta_Arabian_Sea_mangroves,0.0180168836267463,Indus_River_Delta_Arabian_Sea_mangroves,Aravalli_west_thorn_scrub_forests             ,0.9732,-0.14253571611580404
Indus_River_Delta_Arabian_Sea_mangroves,0.0180168836267463,Indus_River_Delta_Arabian_Sea_mangroves,Maldives_Lakshadweep_Chagos_Archipelago_tropical_moist_forests,0.6257,-0.14253571611580404
Indus_River_Delta_Arabian_Sea_mangroves,0.0180168836267463,Indus_River_Delta_Arabian_Sea_mangroves,East_Deccan_moist_deciduous_forests           ,0.9615,-0.14253571611580404
Indus_River_Delta_Arabian_Sea_mangroves,0.0180168836267463,Indus_River_Delta_Arabian_Sea_mangroves,East_Deccan_dry_evergreen_forests             ,0.9408,-0.14253571611580404
Indus_River_Delta_Arabian_Sea_mangroves,0.0180168836267463,Indus_River_Delta_Arabian_Sea_mangroves,Central_Deccan_Plateau_dry_deciduous_forests  ,0.9659,-0.14253571611580404
Indus_River_Delta_Arabian_Sea_mangroves,0.0180168836267463,Indus_River_Delta_Arabian_Sea_mangroves,Eastern_Himalayan_broadleaf_forests           ,0.9003,-0.14253571611580404
Indus_River_Delta_Arabian_Sea_mangroves,0.0180168836267463,Indus_River_Delta_Arabian_Sea_mangroves,Central_Tibetan_Plateau_alpine_steppe         ,0.768,-0.14253571611580404
Indus_River_Delta_Arabian_Sea_mangroves,0.0180168836267463,Indus_River_Delta_Arabian_Sea_mangroves,Terai_Duar_savanna_and_grasslands             ,0.9234,-0.14253571611580404
Indus_River_Delta_Arabian_Sea_mangroves,0.0180168836267463,Indus_River_Delta_Arabian_Sea_mangroves,Nicobar_Islands_rain_forests                  ,0.7015,-0.14253571611580404
Indus_River_Delta_Arabian_Sea_mangroves,0.0180168836267463,Indus_River_Delta_Arabian_Sea_mangroves,Eastern_Himalayan_alpine_shrub_and_meadows    ,0.8407,-0.14253571611580404
Indus_River_Delta_Arabian_Sea_mangroves,0.0180168836267463,Indus_River_Delta_Arabian_Sea_mangroves,North_Western_Ghats_montane_rain_forests      ,0.9227,-0.14253571611580404
Indus_River_Delta_Arabian_Sea_mangroves,0.0180168836267463,Indus_River_Delta_Arabian_Sea_mangroves,Chhota_Nagpur_dry_deciduous_forests           ,0.9539,-0.14253571611580404
Indus_River_Delta_Arabian_Sea_mangroves,0.0180168836267463,Indus_River_Delta_Arabian_Sea_mangroves,Rann_of_Kutch_seasonal_salt_marsh             ,0.9661,-0.14253571611580404
Indus_River_Delta_Arabian_Sea_mangroves,0.0180168836267463,Indus_River_Delta_Arabian_Sea_mangroves,Northwestern_Himalayan_alpine_shrub_and_meadows,0.7272,-0.14253571611580404
Indus_River_Delta_Arabian_Sea_mangroves,0.0180168836267463,Indus_River_Delta_Arabian_Sea_mangroves,Upper_Gangetic_Plains_moist_deciduous_forests ,0.9633,-0.14253571611580404
Indus_River_Delta_Arabian_Sea_mangroves,0.0180168836267463,Indus_River_Delta_Arabian_Sea_mangroves,North_Deccan_dry_deciduous_forests            ,0.9396,-0.14253571611580404
Indus_River_Delta_Arabian_Sea_mangroves,0.0180168836267463,Indus_River_Delta_Arabian_Sea_mangroves,Northeast_India_Myanmar_pine_forests          ,0.8012,-0.14253571611580404
Indus_River_Delta_Arabian_Sea_mangroves,0.0180168836267463,Indus_River_Delta_Arabian_Sea_mangroves,Sundarbans_mangroves                          ,0.865,-0.14253571611580404
Indus_River_Delta_Arabian_Sea_mangroves,0.0180168836267463,Indus_River_Delta_Arabian_Sea_mangroves,Karakoram_West_Tibetan_Plateau_alpine_steppe  ,0.7451,-0.14253571611580404
Indus_River_Delta_Arabian_Sea_mangroves,0.0180168836267463,Indus_River_Delta_Arabian_Sea_mangroves,Baluchistan_xeric_woodlands                   ,0.9016,-0.14253571611580404
Indus_River_Delta_Arabian_Sea_mangroves,0.0180168836267463,Indus_River_Delta_Arabian_Sea_mangroves,Indus_River_Delta_Arabian_Sea_mangroves       ,1.0,-0.14253571611580404
Indus_River_Delta_Arabian_Sea_mangroves,0.0180168836267463,Indus_River_Delta_Arabian_Sea_mangroves,Meghalaya_subtropical_forests                 ,0.8972,-0.14253571611580404
Indus_River_Delta_Arabian_Sea_mangroves,0.0180168836267463,Indus_River_Delta_Arabian_Sea_mangroves,Chin_Hills_Arakan_Yoma_montane_forests        ,0.9095,-0.14253571611580404
Indus_River_Delta_Arabian_Sea_mangroves,0.0180168836267463,Indus_River_Delta_Arabian_Sea_mangroves,North_Western_Ghats_moist_deciduous_forests   ,0.9499,-0.14253571611580404
Indus_River_Delta_Arabian_Sea_mangroves,0.0180168836267463,Indus_River_Delta_Arabian_Sea_mangroves,Northern_Triangle_temperate_forests           ,0.7747,-0.14253571611580404
Indus_River_Delta_Arabian_Sea_mangroves,0.0180168836267463,Indus_River_Delta_Arabian_Sea_mangroves,Malabar_Coast_moist_forests                   ,0.8828,-0.14253571611580404
Indus_River_Delta_Arabian_Sea_mangroves,0.0180168836267463,Indus_River_Delta_Arabian_Sea_mangroves,Andaman_Islands_rain_forests                  ,0.7584,-0.14253571611580404
Indus_River_Delta_Arabian_Sea_mangroves,0.0180168836267463,Indus_River_Delta_Arabian_Sea_mangroves,Western_Himalayan_alpine_shrub_and_meadows    ,0.7637,-0.14253571611580404
Indus_River_Delta_Arabian_Sea_mangroves,0.0180168836267463,Indus_River_Delta_Arabian_Sea_mangroves,Eastern_Himalayan_subalpine_conifer_forests   ,0.8749,-0.14253571611580404
Indus_River_Delta_Arabian_Sea_mangroves,0.0180168836267463,Indus_River_Delta_Arabian_Sea_mangroves,Deccan_thorn_scrub_forests                    ,0.9788,-0.14253571611580404
Indus_River_Delta_Arabian_Sea_mangroves,0.0180168836267463,Indus_River_Delta_Arabian_Sea_mangroves,Western_Himalayan_subalpine_conifer_forests   ,0.8662,-0.14253571611580404
Indus_River_Delta_Arabian_Sea_mangroves,0.0180168836267463,Indus_River_Delta_Arabian_Sea_mangroves,Lower_Gangetic_Plains_moist_deciduous_forests ,0.9545,-0.14253571611580404
Indus_River_Delta_Arabian_Sea_mangroves,0.0180168836267463,Indus_River_Delta_Arabian_Sea_mangroves,South_Western_Ghats_moist_deciduous_forests   ,0.9166,-0.14253571611580404
Indus_River_Delta_Arabian_Sea_mangroves,0.0180168836267463,Indus_River_Delta_Arabian_Sea_mangroves,Thar_desert                                   ,0.941,-0.14253571611580404
Indus_River_Delta_Arabian_Sea_mangroves,0.0180168836267463,Indus_River_Delta_Arabian_Sea_mangroves,Godavari_Krishna_mangroves                    ,0.9417,-0.14253571611580404
Indus_River_Delta_Arabian_Sea_mangroves,0.0180168836267463,Indus_River_Delta_Arabian_Sea_mangroves,North_Tibetan_Plateau_Kunlun_Mountains_alpine_desert,0.7861,-0.14253571611580404
Indus_River_Delta_Arabian_Sea_mangroves,0.0180168836267463,Indus_River_Delta_Arabian_Sea_mangroves,Himalayan_subtropical_broadleaf_forests       ,0.9148,-0.14253571611580404
Indus_River_Delta_Arabian_Sea_mangroves,0.0180168836267463,Indus_River_Delta_Arabian_Sea_mangroves,South_Deccan_Plateau_dry_deciduous_forests    ,0.9539,-0.14253571611580404
Indus_River_Delta_Arabian_Sea_mangroves,0.0180168836267463,Indus_River_Delta_Arabian_Sea_mangroves,Orissa_semi_evergreen_forests                 ,0.939,-0.14253571611580404
Indus_River_Delta_Arabian_Sea_mangroves,0.0180168836267463,Indus_River_Delta_Arabian_Sea_mangroves,Sundarbans_freshwater_swamp_forests           ,0.9102,-0.14253571611580404
Indus_River_Delta_Arabian_Sea_mangroves,0.0180168836267463,Indus_River_Delta_Arabian_Sea_mangroves,Himalayan_subtropical_pine_forests            ,0.9142,-0.14253571611580404
Upper_Gangetic_Plains_moist_deciduous_forests,0.0039187691368595,Upper_Gangetic_Plains_moist_deciduous_forests,Brahmaputra_Valley_semi_evergreen_forests     ,0.9217,-0.14253571611580404
Upper_Gangetic_Plains_moist_deciduous_forests,0.0039187691368595,Upper_Gangetic_Plains_moist_deciduous_forests,Western_Himalayan_broadleaf_forests           ,0.8883,-0.14253571611580404
Upper_Gangetic_Plains_moist_deciduous_forests,0.0039187691368595,Upper_Gangetic_Plains_moist_deciduous_forests,Northeast_Himalayan_subalpine_conifer_forests ,0.8709,-0.14253571611580404
Upper_Gangetic_Plains_moist_deciduous_forests,0.0039187691368595,Upper_Gangetic_Plains_moist_deciduous_forests,South_Western_Ghats_montane_rain_forests      ,0.8636,-0.14253571611580404
Upper_Gangetic_Plains_moist_deciduous_forests,0.0039187691368595,Upper_Gangetic_Plains_moist_deciduous_forests,Narmada_Valley_dry_deciduous_forests          ,0.985,-0.14253571611580404
Upper_Gangetic_Plains_moist_deciduous_forests,0.0039187691368595,Upper_Gangetic_Plains_moist_deciduous_forests,Mizoram_Manipur_Kachin_rain_forests           ,0.9544,-0.14253571611580404
Upper_Gangetic_Plains_moist_deciduous_forests,0.0039187691368595,Upper_Gangetic_Plains_moist_deciduous_forests,Khathiar_Gir_dry_deciduous_forests            ,0.989,-0.14253571611580404
Upper_Gangetic_Plains_moist_deciduous_forests,0.0039187691368595,Upper_Gangetic_Plains_moist_deciduous_forests,Aravalli_west_thorn_scrub_forests             ,0.9833,-0.14253571611580404
Upper_Gangetic_Plains_moist_deciduous_forests,0.0039187691368595,Upper_Gangetic_Plains_moist_deciduous_forests,Maldives_Lakshadweep_Chagos_Archipelago_tropical_moist_forests,0.6329,-0.14253571611580404
Upper_Gangetic_Plains_moist_deciduous_forests,0.0039187691368595,Upper_Gangetic_Plains_moist_deciduous_forests,East_Deccan_moist_deciduous_forests           ,0.9878,-0.14253571611580404
Upper_Gangetic_Plains_moist_deciduous_forests,0.0039187691368595,Upper_Gangetic_Plains_moist_deciduous_forests,East_Deccan_dry_evergreen_forests             ,0.9521,-0.14253571611580404
Upper_Gangetic_Plains_moist_deciduous_forests,0.0039187691368595,Upper_Gangetic_Plains_moist_deciduous_forests,Central_Deccan_Plateau_dry_deciduous_forests  ,0.98,-0.14253571611580404
Upper_Gangetic_Plains_moist_deciduous_forests,0.0039187691368595,Upper_Gangetic_Plains_moist_deciduous_forests,Eastern_Himalayan_broadleaf_forests           ,0.9327,-0.14253571611580404
Upper_Gangetic_Plains_moist_deciduous_forests,0.0039187691368595,Upper_Gangetic_Plains_moist_deciduous_forests,Central_Tibetan_Plateau_alpine_steppe         ,0.8044,-0.14253571611580404
Upper_Gangetic_Plains_moist_deciduous_forests,0.0039187691368595,Upper_Gangetic_Plains_moist_deciduous_forests,Terai_Duar_savanna_and_grasslands             ,0.9704,-0.14253571611580404
Upper_Gangetic_Plains_moist_deciduous_forests,0.0039187691368595,Upper_Gangetic_Plains_moist_deciduous_forests,Nicobar_Islands_rain_forests                  ,0.6611,-0.14253571611580404
Upper_Gangetic_Plains_moist_deciduous_forests,0.0039187691368595,Upper_Gangetic_Plains_moist_deciduous_forests,Eastern_Himalayan_alpine_shrub_and_meadows    ,0.8927,-0.14253571611580404
Upper_Gangetic_Plains_moist_deciduous_forests,0.0039187691368595,Upper_Gangetic_Plains_moist_deciduous_forests,North_Western_Ghats_montane_rain_forests      ,0.9156,-0.14253571611580404
Upper_Gangetic_Plains_moist_deciduous_forests,0.0039187691368595,Upper_Gangetic_Plains_moist_deciduous_forests,Chhota_Nagpur_dry_deciduous_forests           ,0.9906,-0.14253571611580404
Upper_Gangetic_Plains_moist_deciduous_forests,0.0039187691368595,Upper_Gangetic_Plains_moist_deciduous_forests,Rann_of_Kutch_seasonal_salt_marsh             ,0.9843,-0.14253571611580404
Upper_Gangetic_Plains_moist_deciduous_forests,0.0039187691368595,Upper_Gangetic_Plains_moist_deciduous_forests,Northwestern_Himalayan_alpine_shrub_and_meadows,0.7862,-0.14253571611580404
Upper_Gangetic_Plains_moist_deciduous_forests,0.0039187691368595,Upper_Gangetic_Plains_moist_deciduous_forests,Upper_Gangetic_Plains_moist_deciduous_forests ,1.0,-0.14253571611580404
Upper_Gangetic_Plains_moist_deciduous_forests,0.0039187691368595,Upper_Gangetic_Plains_moist_deciduous_forests,North_Deccan_dry_deciduous_forests            ,0.983,-0.14253571611580404
Upper_Gangetic_Plains_moist_deciduous_forests,0.0039187691368595,Upper_Gangetic_Plains_moist_deciduous_forests,Northeast_India_Myanmar_pine_forests          ,0.8525,-0.14253571611580404
Upper_Gangetic_Plains_moist_deciduous_forests,0.0039187691368595,Upper_Gangetic_Plains_moist_deciduous_forests,Sundarbans_mangroves                          ,0.9313,-0.14253571611580404
Upper_Gangetic_Plains_moist_deciduous_forests,0.0039187691368595,Upper_Gangetic_Plains_moist_deciduous_forests,Karakoram_West_Tibetan_Plateau_alpine_steppe  ,0.7925,-0.14253571611580404
Upper_Gangetic_Plains_moist_deciduous_forests,0.0039187691368595,Upper_Gangetic_Plains_moist_deciduous_forests,Baluchistan_xeric_woodlands                   ,0.9233,-0.14253571611580404
Upper_Gangetic_Plains_moist_deciduous_forests,0.0039187691368595,Upper_Gangetic_Plains_moist_deciduous_forests,Indus_River_Delta_Arabian_Sea_mangroves       ,0.9633,-0.14253571611580404
Upper_Gangetic_Plains_moist_deciduous_forests,0.0039187691368595,Upper_Gangetic_Plains_moist_deciduous_forests,Meghalaya_subtropical_forests                 ,0.9483,-0.14253571611580404
Upper_Gangetic_Plains_moist_deciduous_forests,0.0039187691368595,Upper_Gangetic_Plains_moist_deciduous_forests,Chin_Hills_Arakan_Yoma_montane_forests        ,0.9354,-0.14253571611580404
Upper_Gangetic_Plains_moist_deciduous_forests,0.0039187691368595,Upper_Gangetic_Plains_moist_deciduous_forests,North_Western_Ghats_moist_deciduous_forests   ,0.9496,-0.14253571611580404
Upper_Gangetic_Plains_moist_deciduous_forests,0.0039187691368595,Upper_Gangetic_Plains_moist_deciduous_forests,Northern_Triangle_temperate_forests           ,0.8349,-0.14253571611580404
Upper_Gangetic_Plains_moist_deciduous_forests,0.0039187691368595,Upper_Gangetic_Plains_moist_deciduous_forests,Malabar_Coast_moist_forests                   ,0.8507,-0.14253571611580404
Upper_Gangetic_Plains_moist_deciduous_forests,0.0039187691368595,Upper_Gangetic_Plains_moist_deciduous_forests,Andaman_Islands_rain_forests                  ,0.7361,-0.14253571611580404
Upper_Gangetic_Plains_moist_deciduous_forests,0.0039187691368595,Upper_Gangetic_Plains_moist_deciduous_forests,Western_Himalayan_alpine_shrub_and_meadows    ,0.8048,-0.14253571611580404
Upper_Gangetic_Plains_moist_deciduous_forests,0.0039187691368595,Upper_Gangetic_Plains_moist_deciduous_forests,Eastern_Himalayan_subalpine_conifer_forests   ,0.9091,-0.14253571611580404
Upper_Gangetic_Plains_moist_deciduous_forests,0.0039187691368595,Upper_Gangetic_Plains_moist_deciduous_forests,Deccan_thorn_scrub_forests                    ,0.9626,-0.14253571611580404
Upper_Gangetic_Plains_moist_deciduous_forests,0.0039187691368595,Upper_Gangetic_Plains_moist_deciduous_forests,Western_Himalayan_subalpine_conifer_forests   ,0.8975,-0.14253571611580404
Upper_Gangetic_Plains_moist_deciduous_forests,0.0039187691368595,Upper_Gangetic_Plains_moist_deciduous_forests,Lower_Gangetic_Plains_moist_deciduous_forests ,0.975,-0.14253571611580404
Upper_Gangetic_Plains_moist_deciduous_forests,0.0039187691368595,Upper_Gangetic_Plains_moist_deciduous_forests,South_Western_Ghats_moist_deciduous_forests   ,0.8887,-0.14253571611580404
Upper_Gangetic_Plains_moist_deciduous_forests,0.0039187691368595,Upper_Gangetic_Plains_moist_deciduous_forests,Thar_desert                                   ,0.9738,-0.14253571611580404
Upper_Gangetic_Plains_moist_deciduous_forests,0.0039187691368595,Upper_Gangetic_Plains_moist_deciduous_forests,Godavari_Krishna_mangroves                    ,0.9698,-0.14253571611580404
Upper_Gangetic_Plains_moist_deciduous_forests,0.0039187691368595,Upper_Gangetic_Plains_moist_deciduous_forests,North_Tibetan_Plateau_Kunlun_Mountains_alpine_desert,0.8225,-0.14253571611580404
Upper_Gangetic_Plains_moist_deciduous_forests,0.0039187691368595,Upper_Gangetic_Plains_moist_deciduous_forests,Himalayan_subtropical_broadleaf_forests       ,0.9577,-0.14253571611580404
Upper_Gangetic_Plains_moist_deciduous_forests,0.0039187691368595,Upper_Gangetic_Plains_moist_deciduous_forests,South_Deccan_Plateau_dry_deciduous_forests    ,0.9511,-0.14253571611580404
Upper_Gangetic_Plains_moist_deciduous_forests,0.0039187691368595,Upper_Gangetic_Plains_moist_deciduous_forests,Orissa_semi_evergreen_forests                 ,0.9767,-0.14253571611580404
Upper_Gangetic_Plains_moist_deciduous_forests,0.0039187691368595,Upper_Gangetic_Plains_moist_deciduous_forests,Sundarbans_freshwater_swamp_forests           ,0.9498,-0.14253571611580404
Upper_Gangetic_Plains_moist_deciduous_forests,0.0039187691368595,Upper_Gangetic_Plains_moist_deciduous_forests,Himalayan_subtropical_pine_forests            ,0.9355,-0.14253571611580404
Western_Himalayan_alpine_shrub_and_meadows,0.4293164824430951,Western_Himalayan_alpine_shrub_and_meadows,Brahmaputra_Valley_semi_evergreen_forests     ,0.8432,-0.14253571611580404
Western_Himalayan_alpine_shrub_and_meadows,0.4293164824430951,Western_Himalayan_alpine_shrub_and_meadows,Western_Himalayan_broadleaf_forests           ,0.9434,-0.14253571611580404
Western_Himalayan_alpine_shrub_and_meadows,0.4293164824430951,Western_Himalayan_alpine_shrub_and_meadows,Northeast_Himalayan_subalpine_conifer_forests ,0.9646,-0.14253571611580404
Western_Himalayan_alpine_shrub_and_meadows,0.4293164824430951,Western_Himalayan_alpine_shrub_and_meadows,South_Western_Ghats_montane_rain_forests      ,0.8435,-0.14253571611580404
Western_Himalayan_alpine_shrub_and_meadows,0.4293164824430951,Western_Himalayan_alpine_shrub_and_meadows,Narmada_Valley_dry_deciduous_forests          ,0.8286,-0.14253571611580404
Western_Himalayan_alpine_shrub_and_meadows,0.4293164824430951,Western_Himalayan_alpine_shrub_and_meadows,Mizoram_Manipur_Kachin_rain_forests           ,0.8604,-0.14253571611580404
Western_Himalayan_alpine_shrub_and_meadows,0.4293164824430951,Western_Himalayan_alpine_shrub_and_meadows,Khathiar_Gir_dry_deciduous_forests            ,0.8163,-0.14253571611580404
Western_Himalayan_alpine_shrub_and_meadows,0.4293164824430951,Western_Himalayan_alpine_shrub_and_meadows,Aravalli_west_thorn_scrub_forests             ,0.81,-0.14253571611580404
Western_Himalayan_alpine_shrub_and_meadows,0.4293164824430951,Western_Himalayan_alpine_shrub_and_meadows,Maldives_Lakshadweep_Chagos_Archipelago_tropical_moist_forests,0.4807,-0.14253571611580404
Western_Himalayan_alpine_shrub_and_meadows,0.4293164824430951,Western_Himalayan_alpine_shrub_and_meadows,East_Deccan_moist_deciduous_forests           ,0.8356,-0.14253571611580404
Western_Himalayan_alpine_shrub_and_meadows,0.4293164824430951,Western_Himalayan_alpine_shrub_and_meadows,East_Deccan_dry_evergreen_forests             ,0.7643,-0.14253571611580404
Western_Himalayan_alpine_shrub_and_meadows,0.4293164824430951,Western_Himalayan_alpine_shrub_and_meadows,Central_Deccan_Plateau_dry_deciduous_forests  ,0.8279,-0.14253571611580404
Western_Himalayan_alpine_shrub_and_meadows,0.4293164824430951,Western_Himalayan_alpine_shrub_and_meadows,Eastern_Himalayan_broadleaf_forests           ,0.9023,-0.14253571611580404
Western_Himalayan_alpine_shrub_and_meadows,0.4293164824430951,Western_Himalayan_alpine_shrub_and_meadows,Central_Tibetan_Plateau_alpine_steppe         ,0.9569,-0.14253571611580404
Western_Himalayan_alpine_shrub_and_meadows,0.4293164824430951,Western_Himalayan_alpine_shrub_and_meadows,Terai_Duar_savanna_and_grasslands             ,0.808,-0.14253571611580404
Western_Himalayan_alpine_shrub_and_meadows,0.4293164824430951,Western_Himalayan_alpine_shrub_and_meadows,Nicobar_Islands_rain_forests                  ,0.5645,-0.14253571611580404
Western_Himalayan_alpine_shrub_and_meadows,0.4293164824430951,Western_Himalayan_alpine_shrub_and_meadows,Eastern_Himalayan_alpine_shrub_and_meadows    ,0.9615,-0.14253571611580404
Western_Himalayan_alpine_shrub_and_meadows,0.4293164824430951,Western_Himalayan_alpine_shrub_and_meadows,North_Western_Ghats_montane_rain_forests      ,0.8145,-0.14253571611580404
Western_Himalayan_alpine_shrub_and_meadows,0.4293164824430951,Western_Himalayan_alpine_shrub_and_meadows,Chhota_Nagpur_dry_deciduous_forests           ,0.8394,-0.14253571611580404
Western_Himalayan_alpine_shrub_and_meadows,0.4293164824430951,Western_Himalayan_alpine_shrub_and_meadows,Rann_of_Kutch_seasonal_salt_marsh             ,0.7782,-0.14253571611580404
Western_Himalayan_alpine_shrub_and_meadows,0.4293164824430951,Western_Himalayan_alpine_shrub_and_meadows,Northwestern_Himalayan_alpine_shrub_and_meadows,0.9684,-0.14253571611580404
Western_Himalayan_alpine_shrub_and_meadows,0.4293164824430951,Western_Himalayan_alpine_shrub_and_meadows,Upper_Gangetic_Plains_moist_deciduous_forests ,0.8048,-0.14253571611580404
Western_Himalayan_alpine_shrub_and_meadows,0.4293164824430951,Western_Himalayan_alpine_shrub_and_meadows,North_Deccan_dry_deciduous_forests            ,0.8208,-0.14253571611580404
Western_Himalayan_alpine_shrub_and_meadows,0.4293164824430951,Western_Himalayan_alpine_shrub_and_meadows,Northeast_India_Myanmar_pine_forests          ,0.922,-0.14253571611580404
Western_Himalayan_alpine_shrub_and_meadows,0.4293164824430951,Western_Himalayan_alpine_shrub_and_meadows,Sundarbans_mangroves                          ,0.808,-0.14253571611580404
Western_Himalayan_alpine_shrub_and_meadows,0.4293164824430951,Western_Himalayan_alpine_shrub_and_meadows,Karakoram_West_Tibetan_Plateau_alpine_steppe  ,0.9741,-0.14253571611580404
Western_Himalayan_alpine_shrub_and_meadows,0.4293164824430951,Western_Himalayan_alpine_shrub_and_meadows,Baluchistan_xeric_woodlands                   ,0.9362,-0.14253571611580404
Western_Himalayan_alpine_shrub_and_meadows,0.4293164824430951,Western_Himalayan_alpine_shrub_and_meadows,Indus_River_Delta_Arabian_Sea_mangroves       ,0.7637,-0.14253571611580404
Western_Himalayan_alpine_shrub_and_meadows,0.4293164824430951,Western_Himalayan_alpine_shrub_and_meadows,Meghalaya_subtropical_forests                 ,0.8868,-0.14253571611580404
Western_Himalayan_alpine_shrub_and_meadows,0.4293164824430951,Western_Himalayan_alpine_shrub_and_meadows,Chin_Hills_Arakan_Yoma_montane_forests        ,0.8954,-0.14253571611580404
Western_Himalayan_alpine_shrub_and_meadows,0.4293164824430951,Western_Himalayan_alpine_shrub_and_meadows,North_Western_Ghats_moist_deciduous_forests   ,0.7969,-0.14253571611580404
Western_Himalayan_alpine_shrub_and_meadows,0.4293164824430951,Western_Himalayan_alpine_shrub_and_meadows,Northern_Triangle_temperate_forests           ,0.9377,-0.14253571611580404
Western_Himalayan_alpine_shrub_and_meadows,0.4293164824430951,Western_Himalayan_alpine_shrub_and_meadows,Malabar_Coast_moist_forests                   ,0.6955,-0.14253571611580404
Western_Himalayan_alpine_shrub_and_meadows,0.4293164824430951,Western_Himalayan_alpine_shrub_and_meadows,Andaman_Islands_rain_forests                  ,0.5961,-0.14253571611580404
Western_Himalayan_alpine_shrub_and_meadows,0.4293164824430951,Western_Himalayan_alpine_shrub_and_meadows,Western_Himalayan_alpine_shrub_and_meadows    ,1.0,-0.14253571611580404
Western_Himalayan_alpine_shrub_and_meadows,0.4293164824430951,Western_Himalayan_alpine_shrub_and_meadows,Eastern_Himalayan_subalpine_conifer_forests   ,0.9601,-0.14253571611580404
Western_Himalayan_alpine_shrub_and_meadows,0.4293164824430951,Western_Himalayan_alpine_shrub_and_meadows,Deccan_thorn_scrub_forests                    ,0.8066,-0.14253571611580404
Western_Himalayan_alpine_shrub_and_meadows,0.4293164824430951,Western_Himalayan_alpine_shrub_and_meadows,Western_Himalayan_subalpine_conifer_forests   ,0.9531,-0.14253571611580404
Western_Himalayan_alpine_shrub_and_meadows,0.4293164824430951,Western_Himalayan_alpine_shrub_and_meadows,Lower_Gangetic_Plains_moist_deciduous_forests ,0.8151,-0.14253571611580404
Western_Himalayan_alpine_shrub_and_meadows,0.4293164824430951,Western_Himalayan_alpine_shrub_and_meadows,South_Western_Ghats_moist_deciduous_forests   ,0.821,-0.14253571611580404
Western_Himalayan_alpine_shrub_and_meadows,0.4293164824430951,Western_Himalayan_alpine_shrub_and_meadows,Thar_desert                                   ,0.7553,-0.14253571611580404
Western_Himalayan_alpine_shrub_and_meadows,0.4293164824430951,Western_Himalayan_alpine_shrub_and_meadows,Godavari_Krishna_mangroves                    ,0.7533,-0.14253571611580404
Western_Himalayan_alpine_shrub_and_meadows,0.4293164824430951,Western_Himalayan_alpine_shrub_and_meadows,North_Tibetan_Plateau_Kunlun_Mountains_alpine_desert,0.949,-0.14253571611580404
Western_Himalayan_alpine_shrub_and_meadows,0.4293164824430951,Western_Himalayan_alpine_shrub_and_meadows,Himalayan_subtropical_broadleaf_forests       ,0.8865,-0.14253571611580404
Western_Himalayan_alpine_shrub_and_meadows,0.4293164824430951,Western_Himalayan_alpine_shrub_and_meadows,South_Deccan_Plateau_dry_deciduous_forests    ,0.8525,-0.14253571611580404
Western_Himalayan_alpine_shrub_and_meadows,0.4293164824430951,Western_Himalayan_alpine_shrub_and_meadows,Orissa_semi_evergreen_forests                 ,0.7848,-0.14253571611580404
Western_Himalayan_alpine_shrub_and_meadows,0.4293164824430951,Western_Himalayan_alpine_shrub_and_meadows,Sundarbans_freshwater_swamp_forests           ,0.8176,-0.14253571611580404
Western_Himalayan_alpine_shrub_and_meadows,0.4293164824430951,Western_Himalayan_alpine_shrub_and_meadows,Himalayan_subtropical_pine_forests            ,0.8823,-0.14253571611580404
Western_Himalayan_broadleaf_forests,0.1759260633151304,Western_Himalayan_broadleaf_forests,Brahmaputra_Valley_semi_evergreen_forests     ,0.9173,-0.14253571611580404
Western_Himalayan_broadleaf_forests,0.1759260633151304,Western_Himalayan_broadleaf_forests,Western_Himalayan_broadleaf_forests           ,1.0,-0.14253571611580404
Western_Himalayan_broadleaf_forests,0.1759260633151304,Western_Himalayan_broadleaf_forests,Northeast_Himalayan_subalpine_conifer_forests ,0.9139,-0.14253571611580404
Western_Himalayan_broadleaf_forests,0.1759260633151304,Western_Himalayan_broadleaf_forests,South_Western_Ghats_montane_rain_forests      ,0.9383,-0.14253571611580404
Western_Himalayan_broadleaf_forests,0.1759260633151304,Western_Himalayan_broadleaf_forests,Narmada_Valley_dry_deciduous_forests          ,0.8769,-0.14253571611580404
Western_Himalayan_broadleaf_forests,0.1759260633151304,Western_Himalayan_broadleaf_forests,Mizoram_Manipur_Kachin_rain_forests           ,0.9377,-0.14253571611580404
Western_Himalayan_broadleaf_forests,0.1759260633151304,Western_Himalayan_broadleaf_forests,Khathiar_Gir_dry_deciduous_forests            ,0.8695,-0.14253571611580404
Western_Himalayan_broadleaf_forests,0.1759260633151304,Western_Himalayan_broadleaf_forests,Aravalli_west_thorn_scrub_forests             ,0.8845,-0.14253571611580404
Western_Himalayan_broadleaf_forests,0.1759260633151304,Western_Himalayan_broadleaf_forests,Maldives_Lakshadweep_Chagos_Archipelago_tropical_moist_forests,0.6624,-0.14253571611580404
Western_Himalayan_broadleaf_forests,0.1759260633151304,Western_Himalayan_broadleaf_forests,East_Deccan_moist_deciduous_forests           ,0.9138,-0.14253571611580404
Western_Himalayan_broadleaf_forests,0.1759260633151304,Western_Himalayan_broadleaf_forests,East_Deccan_dry_evergreen_forests             ,0.8881,-0.14253571611580404
Western_Himalayan_broadleaf_forests,0.1759260633151304,Western_Himalayan_broadleaf_forests,Central_Deccan_Plateau_dry_deciduous_forests  ,0.8964,-0.14253571611580404
Western_Himalayan_broadleaf_forests,0.1759260633151304,Western_Himalayan_broadleaf_forests,Eastern_Himalayan_broadleaf_forests           ,0.9672,-0.14253571611580404
Western_Himalayan_broadleaf_forests,0.1759260633151304,Western_Himalayan_broadleaf_forests,Central_Tibetan_Plateau_alpine_steppe         ,0.86,-0.14253571611580404
Western_Himalayan_broadleaf_forests,0.1759260633151304,Western_Himalayan_broadleaf_forests,Terai_Duar_savanna_and_grasslands             ,0.8978,-0.14253571611580404
Western_Himalayan_broadleaf_forests,0.1759260633151304,Western_Himalayan_broadleaf_forests,Nicobar_Islands_rain_forests                  ,0.7719,-0.14253571611580404
Western_Himalayan_broadleaf_forests,0.1759260633151304,Western_Himalayan_broadleaf_forests,Eastern_Himalayan_alpine_shrub_and_meadows    ,0.9176,-0.14253571611580404
Western_Himalayan_broadleaf_forests,0.1759260633151304,Western_Himalayan_broadleaf_forests,North_Western_Ghats_montane_rain_forests      ,0.874,-0.14253571611580404
Western_Himalayan_broadleaf_forests,0.1759260633151304,Western_Himalayan_broadleaf_forests,Chhota_Nagpur_dry_deciduous_forests           ,0.9038,-0.14253571611580404
Western_Himalayan_broadleaf_forests,0.1759260633151304,Western_Himalayan_broadleaf_forests,Rann_of_Kutch_seasonal_salt_marsh             ,0.8427,-0.14253571611580404
Western_Himalayan_broadleaf_forests,0.1759260633151304,Western_Himalayan_broadleaf_forests,Northwestern_Himalayan_alpine_shrub_and_meadows,0.9319,-0.14253571611580404
Western_Himalayan_broadleaf_forests,0.1759260633151304,Western_Himalayan_broadleaf_forests,Upper_Gangetic_Plains_moist_deciduous_forests ,0.8883,-0.14253571611580404
Western_Himalayan_broadleaf_forests,0.1759260633151304,Western_Himalayan_broadleaf_forests,North_Deccan_dry_deciduous_forests            ,0.8893,-0.14253571611580404
Western_Himalayan_broadleaf_forests,0.1759260633151304,Western_Himalayan_broadleaf_forests,Northeast_India_Myanmar_pine_forests          ,0.925,-0.14253571611580404
Western_Himalayan_broadleaf_forests,0.1759260633151304,Western_Himalayan_broadleaf_forests,Sundarbans_mangroves                          ,0.8826,-0.14253571611580404
Western_Himalayan_broadleaf_forests,0.1759260633151304,Western_Himalayan_broadleaf_forests,Karakoram_West_Tibetan_Plateau_alpine_steppe  ,0.889,-0.14253571611580404
Western_Himalayan_broadleaf_forests,0.1759260633151304,Western_Himalayan_broadleaf_forests,Baluchistan_xeric_woodlands                   ,0.9269,-0.14253571611580404
Western_Himalayan_broadleaf_forests,0.1759260633151304,Western_Himalayan_broadleaf_forests,Indus_River_Delta_Arabian_Sea_mangroves       ,0.8612,-0.14253571611580404
Western_Himalayan_broadleaf_forests,0.1759260633151304,Western_Himalayan_broadleaf_forests,Meghalaya_subtropical_forests                 ,0.943,-0.14253571611580404
Western_Himalayan_broadleaf_forests,0.1759260633151304,Western_Himalayan_broadleaf_forests,Chin_Hills_Arakan_Yoma_montane_forests        ,0.9324,-0.14253571611580404
Western_Himalayan_broadleaf_forests,0.1759260633151304,Western_Himalayan_broadleaf_forests,North_Western_Ghats_moist_deciduous_forests   ,0.8839,-0.14253571611580404
Western_Himalayan_broadleaf_forests,0.1759260633151304,Western_Himalayan_broadleaf_forests,Northern_Triangle_temperate_forests           ,0.9371,-0.14253571611580404
Western_Himalayan_broadleaf_forests,0.1759260633151304,Western_Himalayan_broadleaf_forests,Malabar_Coast_moist_forests                   ,0.8385,-0.14253571611580404
Western_Himalayan_broadleaf_forests,0.1759260633151304,Western_Himalayan_broadleaf_forests,Andaman_Islands_rain_forests                  ,0.7867,-0.14253571611580404
Western_Himalayan_broadleaf_forests,0.1759260633151304,Western_Himalayan_broadleaf_forests,Western_Himalayan_alpine_shrub_and_meadows    ,0.9434,-0.14253571611580404
Western_Himalayan_broadleaf_forests,0.1759260633151304,Western_Himalayan_broadleaf_forests,Eastern_Himalayan_subalpine_conifer_forests   ,0.9512,-0.14253571611580404
Western_Himalayan_broadleaf_forests,0.1759260633151304,Western_Himalayan_broadleaf_forests,Deccan_thorn_scrub_forests                    ,0.9043,-0.14253571611580404
Western_Himalayan_broadleaf_forests,0.1759260633151304,Western_Himalayan_broadleaf_forests,Western_Himalayan_subalpine_conifer_forests   ,0.9955,-0.14253571611580404
Western_Himalayan_broadleaf_forests,0.1759260633151304,Western_Himalayan_broadleaf_forests,Lower_Gangetic_Plains_moist_deciduous_forests ,0.9086,-0.14253571611580404
Western_Himalayan_broadleaf_forests,0.1759260633151304,Western_Himalayan_broadleaf_forests,South_Western_Ghats_moist_deciduous_forests   ,0.9304,-0.14253571611580404
Western_Himalayan_broadleaf_forests,0.1759260633151304,Western_Himalayan_broadleaf_forests,Thar_desert                                   ,0.8306,-0.14253571611580404
Western_Himalayan_broadleaf_forests,0.1759260633151304,Western_Himalayan_broadleaf_forests,Godavari_Krishna_mangroves                    ,0.8683,-0.14253571611580404
Western_Himalayan_broadleaf_forests,0.1759260633151304,Western_Himalayan_broadleaf_forests,North_Tibetan_Plateau_Kunlun_Mountains_alpine_desert,0.8551,-0.14253571611580404
Western_Himalayan_broadleaf_forests,0.1759260633151304,Western_Himalayan_broadleaf_forests,Himalayan_subtropical_broadleaf_forests       ,0.9458,-0.14253571611580404
Western_Himalayan_broadleaf_forests,0.1759260633151304,Western_Himalayan_broadleaf_forests,South_Deccan_Plateau_dry_deciduous_forests    ,0.9291,-0.14253571611580404
Western_Himalayan_broadleaf_forests,0.1759260633151304,Western_Himalayan_broadleaf_forests,Orissa_semi_evergreen_forests                 ,0.889,-0.14253571611580404
Western_Himalayan_broadleaf_forests,0.1759260633151304,Western_Himalayan_broadleaf_forests,Sundarbans_freshwater_swamp_forests           ,0.8905,-0.14253571611580404
Western_Himalayan_broadleaf_forests,0.1759260633151304,Western_Himalayan_broadleaf_forests,Himalayan_subtropical_pine_forests            ,0.9775,-0.14253571611580404
Maldives_Lakshadweep_Chagos_Archipelago_tropical_moist_forests,0.0897317781281491,Maldives_Lakshadweep_Chagos_Archipelago_tropical_moist_forests,Brahmaputra_Valley_semi_evergreen_forests     ,0.5813,-0.14253571611580404
Maldives_Lakshadweep_Chagos_Archipelago_tropical_moist_forests,0.0897317781281491,Maldives_Lakshadweep_Chagos_Archipelago_tropical_moist_forests,Western_Himalayan_broadleaf_forests           ,0.6624,-0.14253571611580404
Maldives_Lakshadweep_Chagos_Archipelago_tropical_moist_forests,0.0897317781281491,Maldives_Lakshadweep_Chagos_Archipelago_tropical_moist_forests,Northeast_Himalayan_subalpine_conifer_forests ,0.4389,-0.14253571611580404
Maldives_Lakshadweep_Chagos_Archipelago_tropical_moist_forests,0.0897317781281491,Maldives_Lakshadweep_Chagos_Archipelago_tropical_moist_forests,South_Western_Ghats_montane_rain_forests      ,0.7562,-0.14253571611580404
Maldives_Lakshadweep_Chagos_Archipelago_tropical_moist_forests,0.0897317781281491,Maldives_Lakshadweep_Chagos_Archipelago_tropical_moist_forests,Narmada_Valley_dry_deciduous_forests          ,0.5588,-0.14253571611580404
Maldives_Lakshadweep_Chagos_Archipelago_tropical_moist_forests,0.0897317781281491,Maldives_Lakshadweep_Chagos_Archipelago_tropical_moist_forests,Mizoram_Manipur_Kachin_rain_forests           ,0.6541,-0.14253571611580404
Maldives_Lakshadweep_Chagos_Archipelago_tropical_moist_forests,0.0897317781281491,Maldives_Lakshadweep_Chagos_Archipelago_tropical_moist_forests,Khathiar_Gir_dry_deciduous_forests            ,0.5896,-0.14253571611580404
Maldives_Lakshadweep_Chagos_Archipelago_tropical_moist_forests,0.0897317781281491,Maldives_Lakshadweep_Chagos_Archipelago_tropical_moist_forests,Aravalli_west_thorn_scrub_forests             ,0.5657,-0.14253571611580404
Maldives_Lakshadweep_Chagos_Archipelago_tropical_moist_forests,0.0897317781281491,Maldives_Lakshadweep_Chagos_Archipelago_tropical_moist_forests,Maldives_Lakshadweep_Chagos_Archipelago_tropical_moist_forests,1.0,-0.14253571611580404
Maldives_Lakshadweep_Chagos_Archipelago_tropical_moist_forests,0.0897317781281491,Maldives_Lakshadweep_Chagos_Archipelago_tropical_moist_forests,East_Deccan_moist_deciduous_forests           ,0.654,-0.14253571611580404
Maldives_Lakshadweep_Chagos_Archipelago_tropical_moist_forests,0.0897317781281491,Maldives_Lakshadweep_Chagos_Archipelago_tropical_moist_forests,East_Deccan_dry_evergreen_forests             ,0.7706,-0.14253571611580404
Maldives_Lakshadweep_Chagos_Archipelago_tropical_moist_forests,0.0897317781281491,Maldives_Lakshadweep_Chagos_Archipelago_tropical_moist_forests,Central_Deccan_Plateau_dry_deciduous_forests  ,0.6443,-0.14253571611580404
Maldives_Lakshadweep_Chagos_Archipelago_tropical_moist_forests,0.0897317781281491,Maldives_Lakshadweep_Chagos_Archipelago_tropical_moist_forests,Eastern_Himalayan_broadleaf_forests           ,0.6548,-0.14253571611580404
Maldives_Lakshadweep_Chagos_Archipelago_tropical_moist_forests,0.0897317781281491,Maldives_Lakshadweep_Chagos_Archipelago_tropical_moist_forests,Central_Tibetan_Plateau_alpine_steppe         ,0.3377,-0.14253571611580404
Maldives_Lakshadweep_Chagos_Archipelago_tropical_moist_forests,0.0897317781281491,Maldives_Lakshadweep_Chagos_Archipelago_tropical_moist_forests,Terai_Duar_savanna_and_grasslands             ,0.5941,-0.14253571611580404
Maldives_Lakshadweep_Chagos_Archipelago_tropical_moist_forests,0.0897317781281491,Maldives_Lakshadweep_Chagos_Archipelago_tropical_moist_forests,Nicobar_Islands_rain_forests                  ,0.9015,-0.14253571611580404
Maldives_Lakshadweep_Chagos_Archipelago_tropical_moist_forests,0.0897317781281491,Maldives_Lakshadweep_Chagos_Archipelago_tropical_moist_forests,Eastern_Himalayan_alpine_shrub_and_meadows    ,0.5083,-0.14253571611580404
Maldives_Lakshadweep_Chagos_Archipelago_tropical_moist_forests,0.0897317781281491,Maldives_Lakshadweep_Chagos_Archipelago_tropical_moist_forests,North_Western_Ghats_montane_rain_forests      ,0.6316,-0.14253571611580404
Maldives_Lakshadweep_Chagos_Archipelago_tropical_moist_forests,0.0897317781281491,Maldives_Lakshadweep_Chagos_Archipelago_tropical_moist_forests,Chhota_Nagpur_dry_deciduous_forests           ,0.6191,-0.14253571611580404
Maldives_Lakshadweep_Chagos_Archipelago_tropical_moist_forests,0.0897317781281491,Maldives_Lakshadweep_Chagos_Archipelago_tropical_moist_forests,Rann_of_Kutch_seasonal_salt_marsh             ,0.5494,-0.14253571611580404
Maldives_Lakshadweep_Chagos_Archipelago_tropical_moist_forests,0.0897317781281491,Maldives_Lakshadweep_Chagos_Archipelago_tropical_moist_forests,Northwestern_Himalayan_alpine_shrub_and_meadows,0.4555,-0.14253571611580404
Maldives_Lakshadweep_Chagos_Archipelago_tropical_moist_forests,0.0897317781281491,Maldives_Lakshadweep_Chagos_Archipelago_tropical_moist_forests,Upper_Gangetic_Plains_moist_deciduous_forests ,0.6329,-0.14253571611580404
Maldives_Lakshadweep_Chagos_Archipelago_tropical_moist_forests,0.0897317781281491,Maldives_Lakshadweep_Chagos_Archipelago_tropical_moist_forests,North_Deccan_dry_deciduous_forests            ,0.5888,-0.14253571611580404
Maldives_Lakshadweep_Chagos_Archipelago_tropical_moist_forests,0.0897317781281491,Maldives_Lakshadweep_Chagos_Archipelago_tropical_moist_forests,Northeast_India_Myanmar_pine_forests          ,0.4528,-0.14253571611580404
Maldives_Lakshadweep_Chagos_Archipelago_tropical_moist_forests,0.0897317781281491,Maldives_Lakshadweep_Chagos_Archipelago_tropical_moist_forests,Sundarbans_mangroves                          ,0.6407,-0.14253571611580404
Maldives_Lakshadweep_Chagos_Archipelago_tropical_moist_forests,0.0897317781281491,Maldives_Lakshadweep_Chagos_Archipelago_tropical_moist_forests,Karakoram_West_Tibetan_Plateau_alpine_steppe  ,0.3997,-0.14253571611580404
Maldives_Lakshadweep_Chagos_Archipelago_tropical_moist_forests,0.0897317781281491,Maldives_Lakshadweep_Chagos_Archipelago_tropical_moist_forests,Baluchistan_xeric_woodlands                   ,0.5591,-0.14253571611580404
Maldives_Lakshadweep_Chagos_Archipelago_tropical_moist_forests,0.0897317781281491,Maldives_Lakshadweep_Chagos_Archipelago_tropical_moist_forests,Indus_River_Delta_Arabian_Sea_mangroves       ,0.6257,-0.14253571611580404
Maldives_Lakshadweep_Chagos_Archipelago_tropical_moist_forests,0.0897317781281491,Maldives_Lakshadweep_Chagos_Archipelago_tropical_moist_forests,Meghalaya_subtropical_forests                 ,0.6147,-0.14253571611580404
Maldives_Lakshadweep_Chagos_Archipelago_tropical_moist_forests,0.0897317781281491,Maldives_Lakshadweep_Chagos_Archipelago_tropical_moist_forests,Chin_Hills_Arakan_Yoma_montane_forests        ,0.5502,-0.14253571611580404
Maldives_Lakshadweep_Chagos_Archipelago_tropical_moist_forests,0.0897317781281491,Maldives_Lakshadweep_Chagos_Archipelago_tropical_moist_forests,North_Western_Ghats_moist_deciduous_forests   ,0.6853,-0.14253571611580404
Maldives_Lakshadweep_Chagos_Archipelago_tropical_moist_forests,0.0897317781281491,Maldives_Lakshadweep_Chagos_Archipelago_tropical_moist_forests,Northern_Triangle_temperate_forests           ,0.5111,-0.14253571611580404
Maldives_Lakshadweep_Chagos_Archipelago_tropical_moist_forests,0.0897317781281491,Maldives_Lakshadweep_Chagos_Archipelago_tropical_moist_forests,Malabar_Coast_moist_forests                   ,0.8255,-0.14253571611580404
Maldives_Lakshadweep_Chagos_Archipelago_tropical_moist_forests,0.0897317781281491,Maldives_Lakshadweep_Chagos_Archipelago_tropical_moist_forests,Andaman_Islands_rain_forests                  ,0.9079,-0.14253571611580404
Maldives_Lakshadweep_Chagos_Archipelago_tropical_moist_forests,0.0897317781281491,Maldives_Lakshadweep_Chagos_Archipelago_tropical_moist_forests,Western_Himalayan_alpine_shrub_and_meadows    ,0.4807,-0.14253571611580404
Maldives_Lakshadweep_Chagos_Archipelago_tropical_moist_forests,0.0897317781281491,Maldives_Lakshadweep_Chagos_Archipelago_tropical_moist_forests,Eastern_Himalayan_subalpine_conifer_forests   ,0.5157,-0.14253571611580404
Maldives_Lakshadweep_Chagos_Archipelago_tropical_moist_forests,0.0897317781281491,Maldives_Lakshadweep_Chagos_Archipelago_tropical_moist_forests,Deccan_thorn_scrub_forests                    ,0.7119,-0.14253571611580404
Maldives_Lakshadweep_Chagos_Archipelago_tropical_moist_forests,0.0897317781281491,Maldives_Lakshadweep_Chagos_Archipelago_tropical_moist_forests,Western_Himalayan_subalpine_conifer_forests   ,0.6322,-0.14253571611580404
Maldives_Lakshadweep_Chagos_Archipelago_tropical_moist_forests,0.0897317781281491,Maldives_Lakshadweep_Chagos_Archipelago_tropical_moist_forests,Lower_Gangetic_Plains_moist_deciduous_forests ,0.6287,-0.14253571611580404
Maldives_Lakshadweep_Chagos_Archipelago_tropical_moist_forests,0.0897317781281491,Maldives_Lakshadweep_Chagos_Archipelago_tropical_moist_forests,South_Western_Ghats_moist_deciduous_forests   ,0.8095,-0.14253571611580404
Maldives_Lakshadweep_Chagos_Archipelago_tropical_moist_forests,0.0897317781281491,Maldives_Lakshadweep_Chagos_Archipelago_tropical_moist_forests,Thar_desert                                   ,0.5387,-0.14253571611580404
Maldives_Lakshadweep_Chagos_Archipelago_tropical_moist_forests,0.0897317781281491,Maldives_Lakshadweep_Chagos_Archipelago_tropical_moist_forests,Godavari_Krishna_mangroves                    ,0.7269,-0.14253571611580404
Maldives_Lakshadweep_Chagos_Archipelago_tropical_moist_forests,0.0897317781281491,Maldives_Lakshadweep_Chagos_Archipelago_tropical_moist_forests,North_Tibetan_Plateau_Kunlun_Mountains_alpine_desert,0.3697,-0.14253571611580404
Maldives_Lakshadweep_Chagos_Archipelago_tropical_moist_forests,0.0897317781281491,Maldives_Lakshadweep_Chagos_Archipelago_tropical_moist_forests,Himalayan_subtropical_broadleaf_forests       ,0.5945,-0.14253571611580404
Maldives_Lakshadweep_Chagos_Archipelago_tropical_moist_forests,0.0897317781281491,Maldives_Lakshadweep_Chagos_Archipelago_tropical_moist_forests,South_Deccan_Plateau_dry_deciduous_forests    ,0.7271,-0.14253571611580404
Maldives_Lakshadweep_Chagos_Archipelago_tropical_moist_forests,0.0897317781281491,Maldives_Lakshadweep_Chagos_Archipelago_tropical_moist_forests,Orissa_semi_evergreen_forests                 ,0.6427,-0.14253571611580404
Maldives_Lakshadweep_Chagos_Archipelago_tropical_moist_forests,0.0897317781281491,Maldives_Lakshadweep_Chagos_Archipelago_tropical_moist_forests,Sundarbans_freshwater_swamp_forests           ,0.5866,-0.14253571611580404
Maldives_Lakshadweep_Chagos_Archipelago_tropical_moist_forests,0.0897317781281491,Maldives_Lakshadweep_Chagos_Archipelago_tropical_moist_forests,Himalayan_subtropical_pine_forests            ,0.7137,-0.14253571611580404
Western_Himalayan_subalpine_conifer_forests,0.2005306762491175,Western_Himalayan_subalpine_conifer_forests,Brahmaputra_Valley_semi_evergreen_forests     ,0.9194,-0.14253571611580404
Western_Himalayan_subalpine_conifer_forests,0.2005306762491175,Western_Himalayan_subalpine_conifer_forests,Western_Himalayan_broadleaf_forests           ,0.9955,-0.14253571611580404
Western_Himalayan_subalpine_conifer_forests,0.2005306762491175,Western_Himalayan_subalpine_conifer_forests,Northeast_Himalayan_subalpine_conifer_forests ,0.9309,-0.14253571611580404
Western_Himalayan_subalpine_conifer_forests,0.2005306762491175,Western_Himalayan_subalpine_conifer_forests,South_Western_Ghats_montane_rain_forests      ,0.9169,-0.14253571611580404
Western_Himalayan_subalpine_conifer_forests,0.2005306762491175,Western_Himalayan_subalpine_conifer_forests,Narmada_Valley_dry_deciduous_forests          ,0.8911,-0.14253571611580404
Western_Himalayan_subalpine_conifer_forests,0.2005306762491175,Western_Himalayan_subalpine_conifer_forests,Mizoram_Manipur_Kachin_rain_forests           ,0.9371,-0.14253571611580404
Western_Himalayan_subalpine_conifer_forests,0.2005306762491175,Western_Himalayan_subalpine_conifer_forests,Khathiar_Gir_dry_deciduous_forests            ,0.8832,-0.14253571611580404
Western_Himalayan_subalpine_conifer_forests,0.2005306762491175,Western_Himalayan_subalpine_conifer_forests,Aravalli_west_thorn_scrub_forests             ,0.8977,-0.14253571611580404
Western_Himalayan_subalpine_conifer_forests,0.2005306762491175,Western_Himalayan_subalpine_conifer_forests,Maldives_Lakshadweep_Chagos_Archipelago_tropical_moist_forests,0.6322,-0.14253571611580404
Western_Himalayan_subalpine_conifer_forests,0.2005306762491175,Western_Himalayan_subalpine_conifer_forests,East_Deccan_moist_deciduous_forests           ,0.9238,-0.14253571611580404
Western_Himalayan_subalpine_conifer_forests,0.2005306762491175,Western_Himalayan_subalpine_conifer_forests,East_Deccan_dry_evergreen_forests             ,0.8918,-0.14253571611580404
Western_Himalayan_subalpine_conifer_forests,0.2005306762491175,Western_Himalayan_subalpine_conifer_forests,Central_Deccan_Plateau_dry_deciduous_forests  ,0.908,-0.14253571611580404
Western_Himalayan_subalpine_conifer_forests,0.2005306762491175,Western_Himalayan_subalpine_conifer_forests,Eastern_Himalayan_broadleaf_forests           ,0.964,-0.14253571611580404
Western_Himalayan_subalpine_conifer_forests,0.2005306762491175,Western_Himalayan_subalpine_conifer_forests,Central_Tibetan_Plateau_alpine_steppe         ,0.8818,-0.14253571611580404
Western_Himalayan_subalpine_conifer_forests,0.2005306762491175,Western_Himalayan_subalpine_conifer_forests,Terai_Duar_savanna_and_grasslands             ,0.9022,-0.14253571611580404
Western_Himalayan_subalpine_conifer_forests,0.2005306762491175,Western_Himalayan_subalpine_conifer_forests,Nicobar_Islands_rain_forests                  ,0.736,-0.14253571611580404
Western_Himalayan_subalpine_conifer_forests,0.2005306762491175,Western_Himalayan_subalpine_conifer_forests,Eastern_Himalayan_alpine_shrub_and_meadows    ,0.9363,-0.14253571611580404
Western_Himalayan_subalpine_conifer_forests,0.2005306762491175,Western_Himalayan_subalpine_conifer_forests,North_Western_Ghats_montane_rain_forests      ,0.8665,-0.14253571611580404
Western_Himalayan_subalpine_conifer_forests,0.2005306762491175,Western_Himalayan_subalpine_conifer_forests,Chhota_Nagpur_dry_deciduous_forests           ,0.9163,-0.14253571611580404
Western_Himalayan_subalpine_conifer_forests,0.2005306762491175,Western_Himalayan_subalpine_conifer_forests,Rann_of_Kutch_seasonal_salt_marsh             ,0.8581,-0.14253571611580404
Western_Himalayan_subalpine_conifer_forests,0.2005306762491175,Western_Himalayan_subalpine_conifer_forests,Northwestern_Himalayan_alpine_shrub_and_meadows,0.9506,-0.14253571611580404
Western_Himalayan_subalpine_conifer_forests,0.2005306762491175,Western_Himalayan_subalpine_conifer_forests,Upper_Gangetic_Plains_moist_deciduous_forests ,0.8975,-0.14253571611580404
Western_Himalayan_subalpine_conifer_forests,0.2005306762491175,Western_Himalayan_subalpine_conifer_forests,North_Deccan_dry_deciduous_forests            ,0.9032,-0.14253571611580404
Western_Himalayan_subalpine_conifer_forests,0.2005306762491175,Western_Himalayan_subalpine_conifer_forests,Northeast_India_Myanmar_pine_forests          ,0.9252,-0.14253571611580404
Western_Himalayan_subalpine_conifer_forests,0.2005306762491175,Western_Himalayan_subalpine_conifer_forests,Sundarbans_mangroves                          ,0.8866,-0.14253571611580404
Western_Himalayan_subalpine_conifer_forests,0.2005306762491175,Western_Himalayan_subalpine_conifer_forests,Karakoram_West_Tibetan_Plateau_alpine_steppe  ,0.9144,-0.14253571611580404
Western_Himalayan_subalpine_conifer_forests,0.2005306762491175,Western_Himalayan_subalpine_conifer_forests,Baluchistan_xeric_woodlands                   ,0.9477,-0.14253571611580404
Western_Himalayan_subalpine_conifer_forests,0.2005306762491175,Western_Himalayan_subalpine_conifer_forests,Indus_River_Delta_Arabian_Sea_mangroves       ,0.8662,-0.14253571611580404
Western_Himalayan_subalpine_conifer_forests,0.2005306762491175,Western_Himalayan_subalpine_conifer_forests,Meghalaya_subtropical_forests                 ,0.9452,-0.14253571611580404
Western_Himalayan_subalpine_conifer_forests,0.2005306762491175,Western_Himalayan_subalpine_conifer_forests,Chin_Hills_Arakan_Yoma_montane_forests        ,0.9373,-0.14253571611580404
Western_Himalayan_subalpine_conifer_forests,0.2005306762491175,Western_Himalayan_subalpine_conifer_forests,North_Western_Ghats_moist_deciduous_forests   ,0.8791,-0.14253571611580404
Western_Himalayan_subalpine_conifer_forests,0.2005306762491175,Western_Himalayan_subalpine_conifer_forests,Northern_Triangle_temperate_forests           ,0.9351,-0.14253571611580404
Western_Himalayan_subalpine_conifer_forests,0.2005306762491175,Western_Himalayan_subalpine_conifer_forests,Malabar_Coast_moist_forests                   ,0.8143,-0.14253571611580404
Western_Himalayan_subalpine_conifer_forests,0.2005306762491175,Western_Himalayan_subalpine_conifer_forests,Andaman_Islands_rain_forests                  ,0.7528,-0.14253571611580404
Western_Himalayan_subalpine_conifer_forests,0.2005306762491175,Western_Himalayan_subalpine_conifer_forests,Western_Himalayan_alpine_shrub_and_meadows    ,0.9531,-0.14253571611580404
Western_Himalayan_subalpine_conifer_forests,0.2005306762491175,Western_Himalayan_subalpine_conifer_forests,Eastern_Himalayan_subalpine_conifer_forests   ,0.9615,-0.14253571611580404
Western_Himalayan_subalpine_conifer_forests,0.2005306762491175,Western_Himalayan_subalpine_conifer_forests,Deccan_thorn_scrub_forests                    ,0.9081,-0.14253571611580404
Western_Himalayan_subalpine_conifer_forests,0.2005306762491175,Western_Himalayan_subalpine_conifer_forests,Western_Himalayan_subalpine_conifer_forests   ,1.0,-0.14253571611580404
Western_Himalayan_subalpine_conifer_forests,0.2005306762491175,Western_Himalayan_subalpine_conifer_forests,Lower_Gangetic_Plains_moist_deciduous_forests ,0.9108,-0.14253571611580404
Western_Himalayan_subalpine_conifer_forests,0.2005306762491175,Western_Himalayan_subalpine_conifer_forests,South_Western_Ghats_moist_deciduous_forests   ,0.9142,-0.14253571611580404
Western_Himalayan_subalpine_conifer_forests,0.2005306762491175,Western_Himalayan_subalpine_conifer_forests,Thar_desert                                   ,0.8498,-0.14253571611580404
Western_Himalayan_subalpine_conifer_forests,0.2005306762491175,Western_Himalayan_subalpine_conifer_forests,Godavari_Krishna_mangroves                    ,0.8784,-0.14253571611580404
Western_Himalayan_subalpine_conifer_forests,0.2005306762491175,Western_Himalayan_subalpine_conifer_forests,North_Tibetan_Plateau_Kunlun_Mountains_alpine_desert,0.8795,-0.14253571611580404
Western_Himalayan_subalpine_conifer_forests,0.2005306762491175,Western_Himalayan_subalpine_conifer_forests,Himalayan_subtropical_broadleaf_forests       ,0.9484,-0.14253571611580404
Western_Himalayan_subalpine_conifer_forests,0.2005306762491175,Western_Himalayan_subalpine_conifer_forests,South_Deccan_Plateau_dry_deciduous_forests    ,0.9348,-0.14253571611580404
Western_Himalayan_subalpine_conifer_forests,0.2005306762491175,Western_Himalayan_subalpine_conifer_forests,Orissa_semi_evergreen_forests                 ,0.8998,-0.14253571611580404
Western_Himalayan_subalpine_conifer_forests,0.2005306762491175,Western_Himalayan_subalpine_conifer_forests,Sundarbans_freshwater_swamp_forests           ,0.898,-0.14253571611580404
Western_Himalayan_subalpine_conifer_forests,0.2005306762491175,Western_Himalayan_subalpine_conifer_forests,Himalayan_subtropical_pine_forests            ,0.9679,-0.14253571611580404
Eastern_Himalayan_broadleaf_forests,0.5262005311272263,Eastern_Himalayan_broadleaf_forests,Brahmaputra_Valley_semi_evergreen_forests     ,0.9562,-0.14253571611580404
Eastern_Himalayan_broadleaf_forests,0.5262005311272263,Eastern_Himalayan_broadleaf_forests,Western_Himalayan_broadleaf_forests           ,0.9672,-0.14253571611580404
Eastern_Himalayan_broadleaf_forests,0.5262005311272263,Eastern_Himalayan_broadleaf_forests,Northeast_Himalayan_subalpine_conifer_forests ,0.9219,-0.14253571611580404
Eastern_Himalayan_broadleaf_forests,0.5262005311272263,Eastern_Himalayan_broadleaf_forests,South_Western_Ghats_montane_rain_forests      ,0.9378,-0.14253571611580404
Eastern_Himalayan_broadleaf_forests,0.5262005311272263,Eastern_Himalayan_broadleaf_forests,Narmada_Valley_dry_deciduous_forests          ,0.917,-0.14253571611580404
Eastern_Himalayan_broadleaf_forests,0.5262005311272263,Eastern_Himalayan_broadleaf_forests,Mizoram_Manipur_Kachin_rain_forests           ,0.9868,-0.14253571611580404
Eastern_Himalayan_broadleaf_forests,0.5262005311272263,Eastern_Himalayan_broadleaf_forests,Khathiar_Gir_dry_deciduous_forests            ,0.9113,-0.14253571611580404
Eastern_Himalayan_broadleaf_forests,0.5262005311272263,Eastern_Himalayan_broadleaf_forests,Aravalli_west_thorn_scrub_forests             ,0.9216,-0.14253571611580404
Eastern_Himalayan_broadleaf_forests,0.5262005311272263,Eastern_Himalayan_broadleaf_forests,Maldives_Lakshadweep_Chagos_Archipelago_tropical_moist_forests,0.6548,-0.14253571611580404
Eastern_Himalayan_broadleaf_forests,0.5262005311272263,Eastern_Himalayan_broadleaf_forests,East_Deccan_moist_deciduous_forests           ,0.9455,-0.14253571611580404
Eastern_Himalayan_broadleaf_forests,0.5262005311272263,Eastern_Himalayan_broadleaf_forests,East_Deccan_dry_evergreen_forests             ,0.9068,-0.14253571611580404
Eastern_Himalayan_broadleaf_forests,0.5262005311272263,Eastern_Himalayan_broadleaf_forests,Central_Deccan_Plateau_dry_deciduous_forests  ,0.9296,-0.14253571611580404
Eastern_Himalayan_broadleaf_forests,0.5262005311272263,Eastern_Himalayan_broadleaf_forests,Eastern_Himalayan_broadleaf_forests           ,1.0,-0.14253571611580404
Eastern_Himalayan_broadleaf_forests,0.5262005311272263,Eastern_Himalayan_broadleaf_forests,Central_Tibetan_Plateau_alpine_steppe         ,0.8523,-0.14253571611580404
Eastern_Himalayan_broadleaf_forests,0.5262005311272263,Eastern_Himalayan_broadleaf_forests,Terai_Duar_savanna_and_grasslands             ,0.9551,-0.14253571611580404
Eastern_Himalayan_broadleaf_forests,0.5262005311272263,Eastern_Himalayan_broadleaf_forests,Nicobar_Islands_rain_forests                  ,0.7353,-0.14253571611580404
Eastern_Himalayan_broadleaf_forests,0.5262005311272263,Eastern_Himalayan_broadleaf_forests,Eastern_Himalayan_alpine_shrub_and_meadows    ,0.9246,-0.14253571611580404
Eastern_Himalayan_broadleaf_forests,0.5262005311272263,Eastern_Himalayan_broadleaf_forests,North_Western_Ghats_montane_rain_forests      ,0.9343,-0.14253571611580404
Eastern_Himalayan_broadleaf_forests,0.5262005311272263,Eastern_Himalayan_broadleaf_forests,Chhota_Nagpur_dry_deciduous_forests           ,0.9387,-0.14253571611580404
Eastern_Himalayan_broadleaf_forests,0.5262005311272263,Eastern_Himalayan_broadleaf_forests,Rann_of_Kutch_seasonal_salt_marsh             ,0.889,-0.14253571611580404
Eastern_Himalayan_broadleaf_forests,0.5262005311272263,Eastern_Himalayan_broadleaf_forests,Northwestern_Himalayan_alpine_shrub_and_meadows,0.872,-0.14253571611580404
Eastern_Himalayan_broadleaf_forests,0.5262005311272263,Eastern_Himalayan_broadleaf_forests,Upper_Gangetic_Plains_moist_deciduous_forests ,0.9327,-0.14253571611580404
Eastern_Himalayan_broadleaf_forests,0.5262005311272263,Eastern_Himalayan_broadleaf_forests,North_Deccan_dry_deciduous_forests            ,0.9313,-0.14253571611580404
Eastern_Himalayan_broadleaf_forests,0.5262005311272263,Eastern_Himalayan_broadleaf_forests,Northeast_India_Myanmar_pine_forests          ,0.9526,-0.14253571611580404
Eastern_Himalayan_broadleaf_forests,0.5262005311272263,Eastern_Himalayan_broadleaf_forests,Sundarbans_mangroves                          ,0.9332,-0.14253571611580404
Eastern_Himalayan_broadleaf_forests,0.5262005311272263,Eastern_Himalayan_broadleaf_forests,Karakoram_West_Tibetan_Plateau_alpine_steppe  ,0.8524,-0.14253571611580404
Eastern_Himalayan_broadleaf_forests,0.5262005311272263,Eastern_Himalayan_broadleaf_forests,Baluchistan_xeric_woodlands                   ,0.9239,-0.14253571611580404
Eastern_Himalayan_broadleaf_forests,0.5262005311272263,Eastern_Himalayan_broadleaf_forests,Indus_River_Delta_Arabian_Sea_mangroves       ,0.9003,-0.14253571611580404
Eastern_Himalayan_broadleaf_forests,0.5262005311272263,Eastern_Himalayan_broadleaf_forests,Meghalaya_subtropical_forests                 ,0.9829,-0.14253571611580404
Eastern_Himalayan_broadleaf_forests,0.5262005311272263,Eastern_Himalayan_broadleaf_forests,Chin_Hills_Arakan_Yoma_montane_forests        ,0.9786,-0.14253571611580404
Eastern_Himalayan_broadleaf_forests,0.5262005311272263,Eastern_Himalayan_broadleaf_forests,North_Western_Ghats_moist_deciduous_forests   ,0.9436,-0.14253571611580404
Eastern_Himalayan_broadleaf_forests,0.5262005311272263,Eastern_Himalayan_broadleaf_forests,Northern_Triangle_temperate_forests           ,0.9566,-0.14253571611580404
Eastern_Himalayan_broadleaf_forests,0.5262005311272263,Eastern_Himalayan_broadleaf_forests,Malabar_Coast_moist_forests                   ,0.8874,-0.14253571611580404
Eastern_Himalayan_broadleaf_forests,0.5262005311272263,Eastern_Himalayan_broadleaf_forests,Andaman_Islands_rain_forests                  ,0.8129,-0.14253571611580404
Eastern_Himalayan_broadleaf_forests,0.5262005311272263,Eastern_Himalayan_broadleaf_forests,Western_Himalayan_alpine_shrub_and_meadows    ,0.9023,-0.14253571611580404
Eastern_Himalayan_broadleaf_forests,0.5262005311272263,Eastern_Himalayan_broadleaf_forests,Eastern_Himalayan_subalpine_conifer_forests   ,0.9674,-0.14253571611580404
Eastern_Himalayan_broadleaf_forests,0.5262005311272263,Eastern_Himalayan_broadleaf_forests,Deccan_thorn_scrub_forests                    ,0.9262,-0.14253571611580404
Eastern_Himalayan_broadleaf_forests,0.5262005311272263,Eastern_Himalayan_broadleaf_forests,Western_Himalayan_subalpine_conifer_forests   ,0.964,-0.14253571611580404
Eastern_Himalayan_broadleaf_forests,0.5262005311272263,Eastern_Himalayan_broadleaf_forests,Lower_Gangetic_Plains_moist_deciduous_forests ,0.9558,-0.14253571611580404
Eastern_Himalayan_broadleaf_forests,0.5262005311272263,Eastern_Himalayan_broadleaf_forests,South_Western_Ghats_moist_deciduous_forests   ,0.9277,-0.14253571611580404
Eastern_Himalayan_broadleaf_forests,0.5262005311272263,Eastern_Himalayan_broadleaf_forests,Thar_desert                                   ,0.8776,-0.14253571611580404
Eastern_Himalayan_broadleaf_forests,0.5262005311272263,Eastern_Himalayan_broadleaf_forests,Godavari_Krishna_mangroves                    ,0.9054,-0.14253571611580404
Eastern_Himalayan_broadleaf_forests,0.5262005311272263,Eastern_Himalayan_broadleaf_forests,North_Tibetan_Plateau_Kunlun_Mountains_alpine_desert,0.851,-0.14253571611580404
Eastern_Himalayan_broadleaf_forests,0.5262005311272263,Eastern_Himalayan_broadleaf_forests,Himalayan_subtropical_broadleaf_forests       ,0.9859,-0.14253571611580404
Eastern_Himalayan_broadleaf_forests,0.5262005311272263,Eastern_Himalayan_broadleaf_forests,South_Deccan_Plateau_dry_deciduous_forests    ,0.932,-0.14253571611580404
Eastern_Himalayan_broadleaf_forests,0.5262005311272263,Eastern_Himalayan_broadleaf_forests,Orissa_semi_evergreen_forests                 ,0.9254,-0.14253571611580404
Eastern_Himalayan_broadleaf_forests,0.5262005311272263,Eastern_Himalayan_broadleaf_forests,Sundarbans_freshwater_swamp_forests           ,0.9327,-0.14253571611580404
Eastern_Himalayan_broadleaf_forests,0.5262005311272263,Eastern_Himalayan_broadleaf_forests,Himalayan_subtropical_pine_forests            ,0.9872,-0.14253571611580404
Chin_Hills_Arakan_Yoma_montane_forests,0.4788295680799644,Chin_Hills_Arakan_Yoma_montane_forests,Brahmaputra_Valley_semi_evergreen_forests     ,0.9412,-0.14253571611580404
Chin_Hills_Arakan_Yoma_montane_forests,0.4788295680799644,Chin_Hills_Arakan_Yoma_montane_forests,Western_Himalayan_broadleaf_forests           ,0.9324,-0.14253571611580404
Chin_Hills_Arakan_Yoma_montane_forests,0.4788295680799644,Chin_Hills_Arakan_Yoma_montane_forests,Northeast_Himalayan_subalpine_conifer_forests ,0.9402,-0.14253571611580404
Chin_Hills_Arakan_Yoma_montane_forests,0.4788295680799644,Chin_Hills_Arakan_Yoma_montane_forests,South_Western_Ghats_montane_rain_forests      ,0.8955,-0.14253571611580404
Chin_Hills_Arakan_Yoma_montane_forests,0.4788295680799644,Chin_Hills_Arakan_Yoma_montane_forests,Narmada_Valley_dry_deciduous_forests          ,0.9239,-0.14253571611580404
Chin_Hills_Arakan_Yoma_montane_forests,0.4788295680799644,Chin_Hills_Arakan_Yoma_montane_forests,Mizoram_Manipur_Kachin_rain_forests           ,0.9787,-0.14253571611580404
Chin_Hills_Arakan_Yoma_montane_forests,0.4788295680799644,Chin_Hills_Arakan_Yoma_montane_forests,Khathiar_Gir_dry_deciduous_forests            ,0.9169,-0.14253571611580404
Chin_Hills_Arakan_Yoma_montane_forests,0.4788295680799644,Chin_Hills_Arakan_Yoma_montane_forests,Aravalli_west_thorn_scrub_forests             ,0.9316,-0.14253571611580404
Chin_Hills_Arakan_Yoma_montane_forests,0.4788295680799644,Chin_Hills_Arakan_Yoma_montane_forests,Maldives_Lakshadweep_Chagos_Archipelago_tropical_moist_forests,0.5502,-0.14253571611580404
Chin_Hills_Arakan_Yoma_montane_forests,0.4788295680799644,Chin_Hills_Arakan_Yoma_montane_forests,East_Deccan_moist_deciduous_forests           ,0.9359,-0.14253571611580404
Chin_Hills_Arakan_Yoma_montane_forests,0.4788295680799644,Chin_Hills_Arakan_Yoma_montane_forests,East_Deccan_dry_evergreen_forests             ,0.8844,-0.14253571611580404
Chin_Hills_Arakan_Yoma_montane_forests,0.4788295680799644,Chin_Hills_Arakan_Yoma_montane_forests,Central_Deccan_Plateau_dry_deciduous_forests  ,0.9217,-0.14253571611580404
Chin_Hills_Arakan_Yoma_montane_forests,0.4788295680799644,Chin_Hills_Arakan_Yoma_montane_forests,Eastern_Himalayan_broadleaf_forests           ,0.9786,-0.14253571611580404
Chin_Hills_Arakan_Yoma_montane_forests,0.4788295680799644,Chin_Hills_Arakan_Yoma_montane_forests,Central_Tibetan_Plateau_alpine_steppe         ,0.8866,-0.14253571611580404
Chin_Hills_Arakan_Yoma_montane_forests,0.4788295680799644,Chin_Hills_Arakan_Yoma_montane_forests,Terai_Duar_savanna_and_grasslands             ,0.9526,-0.14253571611580404
Chin_Hills_Arakan_Yoma_montane_forests,0.4788295680799644,Chin_Hills_Arakan_Yoma_montane_forests,Nicobar_Islands_rain_forests                  ,0.6403,-0.14253571611580404
Chin_Hills_Arakan_Yoma_montane_forests,0.4788295680799644,Chin_Hills_Arakan_Yoma_montane_forests,Eastern_Himalayan_alpine_shrub_and_meadows    ,0.9294,-0.14253571611580404
Chin_Hills_Arakan_Yoma_montane_forests,0.4788295680799644,Chin_Hills_Arakan_Yoma_montane_forests,North_Western_Ghats_montane_rain_forests      ,0.9244,-0.14253571611580404
Chin_Hills_Arakan_Yoma_montane_forests,0.4788295680799644,Chin_Hills_Arakan_Yoma_montane_forests,Chhota_Nagpur_dry_deciduous_forests           ,0.9414,-0.14253571611580404
Chin_Hills_Arakan_Yoma_montane_forests,0.4788295680799644,Chin_Hills_Arakan_Yoma_montane_forests,Rann_of_Kutch_seasonal_salt_marsh             ,0.9075,-0.14253571611580404
Chin_Hills_Arakan_Yoma_montane_forests,0.4788295680799644,Chin_Hills_Arakan_Yoma_montane_forests,Northwestern_Himalayan_alpine_shrub_and_meadows,0.8641,-0.14253571611580404
Chin_Hills_Arakan_Yoma_montane_forests,0.4788295680799644,Chin_Hills_Arakan_Yoma_montane_forests,Upper_Gangetic_Plains_moist_deciduous_forests ,0.9354,-0.14253571611580404
Chin_Hills_Arakan_Yoma_montane_forests,0.4788295680799644,Chin_Hills_Arakan_Yoma_montane_forests,North_Deccan_dry_deciduous_forests            ,0.9364,-0.14253571611580404
Chin_Hills_Arakan_Yoma_montane_forests,0.4788295680799644,Chin_Hills_Arakan_Yoma_montane_forests,Northeast_India_Myanmar_pine_forests          ,0.9645,-0.14253571611580404
Chin_Hills_Arakan_Yoma_montane_forests,0.4788295680799644,Chin_Hills_Arakan_Yoma_montane_forests,Sundarbans_mangroves                          ,0.9132,-0.14253571611580404
Chin_Hills_Arakan_Yoma_montane_forests,0.4788295680799644,Chin_Hills_Arakan_Yoma_montane_forests,Karakoram_West_Tibetan_Plateau_alpine_steppe  ,0.8692,-0.14253571611580404
Chin_Hills_Arakan_Yoma_montane_forests,0.4788295680799644,Chin_Hills_Arakan_Yoma_montane_forests,Baluchistan_xeric_woodlands                   ,0.9294,-0.14253571611580404
Chin_Hills_Arakan_Yoma_montane_forests,0.4788295680799644,Chin_Hills_Arakan_Yoma_montane_forests,Indus_River_Delta_Arabian_Sea_mangroves       ,0.9095,-0.14253571611580404
Chin_Hills_Arakan_Yoma_montane_forests,0.4788295680799644,Chin_Hills_Arakan_Yoma_montane_forests,Meghalaya_subtropical_forests                 ,0.9694,-0.14253571611580404
Chin_Hills_Arakan_Yoma_montane_forests,0.4788295680799644,Chin_Hills_Arakan_Yoma_montane_forests,Chin_Hills_Arakan_Yoma_montane_forests        ,1.0,-0.14253571611580404
Chin_Hills_Arakan_Yoma_montane_forests,0.4788295680799644,Chin_Hills_Arakan_Yoma_montane_forests,North_Western_Ghats_moist_deciduous_forests   ,0.9232,-0.14253571611580404
Chin_Hills_Arakan_Yoma_montane_forests,0.4788295680799644,Chin_Hills_Arakan_Yoma_montane_forests,Northern_Triangle_temperate_forests           ,0.9415,-0.14253571611580404
Chin_Hills_Arakan_Yoma_montane_forests,0.4788295680799644,Chin_Hills_Arakan_Yoma_montane_forests,Malabar_Coast_moist_forests                   ,0.8339,-0.14253571611580404
Chin_Hills_Arakan_Yoma_montane_forests,0.4788295680799644,Chin_Hills_Arakan_Yoma_montane_forests,Andaman_Islands_rain_forests                  ,0.731,-0.14253571611580404
Chin_Hills_Arakan_Yoma_montane_forests,0.4788295680799644,Chin_Hills_Arakan_Yoma_montane_forests,Western_Himalayan_alpine_shrub_and_meadows    ,0.8954,-0.14253571611580404
Chin_Hills_Arakan_Yoma_montane_forests,0.4788295680799644,Chin_Hills_Arakan_Yoma_montane_forests,Eastern_Himalayan_subalpine_conifer_forests   ,0.9718,-0.14253571611580404
Chin_Hills_Arakan_Yoma_montane_forests,0.4788295680799644,Chin_Hills_Arakan_Yoma_montane_forests,Deccan_thorn_scrub_forests                    ,0.9096,-0.14253571611580404
Chin_Hills_Arakan_Yoma_montane_forests,0.4788295680799644,Chin_Hills_Arakan_Yoma_montane_forests,Western_Himalayan_subalpine_conifer_forests   ,0.9373,-0.14253571611580404
Chin_Hills_Arakan_Yoma_montane_forests,0.4788295680799644,Chin_Hills_Arakan_Yoma_montane_forests,Lower_Gangetic_Plains_moist_deciduous_forests ,0.9495,-0.14253571611580404
Chin_Hills_Arakan_Yoma_montane_forests,0.4788295680799644,Chin_Hills_Arakan_Yoma_montane_forests,South_Western_Ghats_moist_deciduous_forests   ,0.8835,-0.14253571611580404
Chin_Hills_Arakan_Yoma_montane_forests,0.4788295680799644,Chin_Hills_Arakan_Yoma_montane_forests,Thar_desert                                   ,0.9008,-0.14253571611580404
Chin_Hills_Arakan_Yoma_montane_forests,0.4788295680799644,Chin_Hills_Arakan_Yoma_montane_forests,Godavari_Krishna_mangroves                    ,0.8994,-0.14253571611580404
Chin_Hills_Arakan_Yoma_montane_forests,0.4788295680799644,Chin_Hills_Arakan_Yoma_montane_forests,North_Tibetan_Plateau_Kunlun_Mountains_alpine_desert,0.8851,-0.14253571611580404
Chin_Hills_Arakan_Yoma_montane_forests,0.4788295680799644,Chin_Hills_Arakan_Yoma_montane_forests,Himalayan_subtropical_broadleaf_forests       ,0.9824,-0.14253571611580404
Chin_Hills_Arakan_Yoma_montane_forests,0.4788295680799644,Chin_Hills_Arakan_Yoma_montane_forests,South_Deccan_Plateau_dry_deciduous_forests    ,0.9147,-0.14253571611580404
Chin_Hills_Arakan_Yoma_montane_forests,0.4788295680799644,Chin_Hills_Arakan_Yoma_montane_forests,Orissa_semi_evergreen_forests                 ,0.9252,-0.14253571611580404
Chin_Hills_Arakan_Yoma_montane_forests,0.4788295680799644,Chin_Hills_Arakan_Yoma_montane_forests,Sundarbans_freshwater_swamp_forests           ,0.9251,-0.14253571611580404
Chin_Hills_Arakan_Yoma_montane_forests,0.4788295680799644,Chin_Hills_Arakan_Yoma_montane_forests,Himalayan_subtropical_pine_forests            ,0.9527,-0.14253571611580404
Central_Deccan_Plateau_dry_deciduous_forests,0.1090754298065847,Central_Deccan_Plateau_dry_deciduous_forests,Brahmaputra_Valley_semi_evergreen_forests     ,0.9032,-0.14253571611580404
Central_Deccan_Plateau_dry_deciduous_forests,0.1090754298065847,Central_Deccan_Plateau_dry_deciduous_forests,Western_Himalayan_broadleaf_forests           ,0.8964,-0.14253571611580404
Central_Deccan_Plateau_dry_deciduous_forests,0.1090754298065847,Central_Deccan_Plateau_dry_deciduous_forests,Northeast_Himalayan_subalpine_conifer_forests ,0.8842,-0.14253571611580404
Central_Deccan_Plateau_dry_deciduous_forests,0.1090754298065847,Central_Deccan_Plateau_dry_deciduous_forests,South_Western_Ghats_montane_rain_forests      ,0.8808,-0.14253571611580404
Central_Deccan_Plateau_dry_deciduous_forests,0.1090754298065847,Central_Deccan_Plateau_dry_deciduous_forests,Narmada_Valley_dry_deciduous_forests          ,0.982,-0.14253571611580404
Central_Deccan_Plateau_dry_deciduous_forests,0.1090754298065847,Central_Deccan_Plateau_dry_deciduous_forests,Mizoram_Manipur_Kachin_rain_forests           ,0.9386,-0.14253571611580404
Central_Deccan_Plateau_dry_deciduous_forests,0.1090754298065847,Central_Deccan_Plateau_dry_deciduous_forests,Khathiar_Gir_dry_deciduous_forests            ,0.986,-0.14253571611580404
Central_Deccan_Plateau_dry_deciduous_forests,0.1090754298065847,Central_Deccan_Plateau_dry_deciduous_forests,Aravalli_west_thorn_scrub_forests             ,0.9804,-0.14253571611580404
Central_Deccan_Plateau_dry_deciduous_forests,0.1090754298065847,Central_Deccan_Plateau_dry_deciduous_forests,Maldives_Lakshadweep_Chagos_Archipelago_tropical_moist_forests,0.6443,-0.14253571611580404
Central_Deccan_Plateau_dry_deciduous_forests,0.1090754298065847,Central_Deccan_Plateau_dry_deciduous_forests,East_Deccan_moist_deciduous_forests           ,0.9907,-0.14253571611580404
Central_Deccan_Plateau_dry_deciduous_forests,0.1090754298065847,Central_Deccan_Plateau_dry_deciduous_forests,East_Deccan_dry_evergreen_forests             ,0.9519,-0.14253571611580404
Central_Deccan_Plateau_dry_deciduous_forests,0.1090754298065847,Central_Deccan_Plateau_dry_deciduous_forests,Central_Deccan_Plateau_dry_deciduous_forests  ,1.0,-0.14253571611580404
Central_Deccan_Plateau_dry_deciduous_forests,0.1090754298065847,Central_Deccan_Plateau_dry_deciduous_forests,Eastern_Himalayan_broadleaf_forests           ,0.9296,-0.14253571611580404
Central_Deccan_Plateau_dry_deciduous_forests,0.1090754298065847,Central_Deccan_Plateau_dry_deciduous_forests,Central_Tibetan_Plateau_alpine_steppe         ,0.8191,-0.14253571611580404
Central_Deccan_Plateau_dry_deciduous_forests,0.1090754298065847,Central_Deccan_Plateau_dry_deciduous_forests,Terai_Duar_savanna_and_grasslands             ,0.9428,-0.14253571611580404
Central_Deccan_Plateau_dry_deciduous_forests,0.1090754298065847,Central_Deccan_Plateau_dry_deciduous_forests,Nicobar_Islands_rain_forests                  ,0.6674,-0.14253571611580404
Central_Deccan_Plateau_dry_deciduous_forests,0.1090754298065847,Central_Deccan_Plateau_dry_deciduous_forests,Eastern_Himalayan_alpine_shrub_and_meadows    ,0.9129,-0.14253571611580404
Central_Deccan_Plateau_dry_deciduous_forests,0.1090754298065847,Central_Deccan_Plateau_dry_deciduous_forests,North_Western_Ghats_montane_rain_forests      ,0.9254,-0.14253571611580404
Central_Deccan_Plateau_dry_deciduous_forests,0.1090754298065847,Central_Deccan_Plateau_dry_deciduous_forests,Chhota_Nagpur_dry_deciduous_forests           ,0.987,-0.14253571611580404
Central_Deccan_Plateau_dry_deciduous_forests,0.1090754298065847,Central_Deccan_Plateau_dry_deciduous_forests,Rann_of_Kutch_seasonal_salt_marsh             ,0.9752,-0.14253571611580404
Central_Deccan_Plateau_dry_deciduous_forests,0.1090754298065847,Central_Deccan_Plateau_dry_deciduous_forests,Northwestern_Himalayan_alpine_shrub_and_meadows,0.8091,-0.14253571611580404
Central_Deccan_Plateau_dry_deciduous_forests,0.1090754298065847,Central_Deccan_Plateau_dry_deciduous_forests,Upper_Gangetic_Plains_moist_deciduous_forests ,0.98,-0.14253571611580404
Central_Deccan_Plateau_dry_deciduous_forests,0.1090754298065847,Central_Deccan_Plateau_dry_deciduous_forests,North_Deccan_dry_deciduous_forests            ,0.976,-0.14253571611580404
Central_Deccan_Plateau_dry_deciduous_forests,0.1090754298065847,Central_Deccan_Plateau_dry_deciduous_forests,Northeast_India_Myanmar_pine_forests          ,0.8343,-0.14253571611580404
Central_Deccan_Plateau_dry_deciduous_forests,0.1090754298065847,Central_Deccan_Plateau_dry_deciduous_forests,Sundarbans_mangroves                          ,0.9317,-0.14253571611580404
Central_Deccan_Plateau_dry_deciduous_forests,0.1090754298065847,Central_Deccan_Plateau_dry_deciduous_forests,Karakoram_West_Tibetan_Plateau_alpine_steppe  ,0.8239,-0.14253571611580404
Central_Deccan_Plateau_dry_deciduous_forests,0.1090754298065847,Central_Deccan_Plateau_dry_deciduous_forests,Baluchistan_xeric_woodlands                   ,0.9547,-0.14253571611580404
Central_Deccan_Plateau_dry_deciduous_forests,0.1090754298065847,Central_Deccan_Plateau_dry_deciduous_forests,Indus_River_Delta_Arabian_Sea_mangroves       ,0.9659,-0.14253571611580404
Central_Deccan_Plateau_dry_deciduous_forests,0.1090754298065847,Central_Deccan_Plateau_dry_deciduous_forests,Meghalaya_subtropical_forests                 ,0.9463,-0.14253571611580404
Central_Deccan_Plateau_dry_deciduous_forests,0.1090754298065847,Central_Deccan_Plateau_dry_deciduous_forests,Chin_Hills_Arakan_Yoma_montane_forests        ,0.9217,-0.14253571611580404
Central_Deccan_Plateau_dry_deciduous_forests,0.1090754298065847,Central_Deccan_Plateau_dry_deciduous_forests,North_Western_Ghats_moist_deciduous_forests   ,0.9551,-0.14253571611580404
Central_Deccan_Plateau_dry_deciduous_forests,0.1090754298065847,Central_Deccan_Plateau_dry_deciduous_forests,Northern_Triangle_temperate_forests           ,0.8338,-0.14253571611580404
Central_Deccan_Plateau_dry_deciduous_forests,0.1090754298065847,Central_Deccan_Plateau_dry_deciduous_forests,Malabar_Coast_moist_forests                   ,0.8597,-0.14253571611580404
Central_Deccan_Plateau_dry_deciduous_forests,0.1090754298065847,Central_Deccan_Plateau_dry_deciduous_forests,Andaman_Islands_rain_forests                  ,0.7351,-0.14253571611580404
Central_Deccan_Plateau_dry_deciduous_forests,0.1090754298065847,Central_Deccan_Plateau_dry_deciduous_forests,Western_Himalayan_alpine_shrub_and_meadows    ,0.8279,-0.14253571611580404
Central_Deccan_Plateau_dry_deciduous_forests,0.1090754298065847,Central_Deccan_Plateau_dry_deciduous_forests,Eastern_Himalayan_subalpine_conifer_forests   ,0.9179,-0.14253571611580404
Central_Deccan_Plateau_dry_deciduous_forests,0.1090754298065847,Central_Deccan_Plateau_dry_deciduous_forests,Deccan_thorn_scrub_forests                    ,0.9825,-0.14253571611580404
Central_Deccan_Plateau_dry_deciduous_forests,0.1090754298065847,Central_Deccan_Plateau_dry_deciduous_forests,Western_Himalayan_subalpine_conifer_forests   ,0.908,-0.14253571611580404
Central_Deccan_Plateau_dry_deciduous_forests,0.1090754298065847,Central_Deccan_Plateau_dry_deciduous_forests,Lower_Gangetic_Plains_moist_deciduous_forests ,0.9668,-0.14253571611580404
Central_Deccan_Plateau_dry_deciduous_forests,0.1090754298065847,Central_Deccan_Plateau_dry_deciduous_forests,South_Western_Ghats_moist_deciduous_forests   ,0.9088,-0.14253571611580404
Central_Deccan_Plateau_dry_deciduous_forests,0.1090754298065847,Central_Deccan_Plateau_dry_deciduous_forests,Thar_desert                                   ,0.9507,-0.14253571611580404
Central_Deccan_Plateau_dry_deciduous_forests,0.1090754298065847,Central_Deccan_Plateau_dry_deciduous_forests,Godavari_Krishna_mangroves                    ,0.9576,-0.14253571611580404
Central_Deccan_Plateau_dry_deciduous_forests,0.1090754298065847,Central_Deccan_Plateau_dry_deciduous_forests,North_Tibetan_Plateau_Kunlun_Mountains_alpine_desert,0.8398,-0.14253571611580404
Central_Deccan_Plateau_dry_deciduous_forests,0.1090754298065847,Central_Deccan_Plateau_dry_deciduous_forests,Himalayan_subtropical_broadleaf_forests       ,0.94,-0.14253571611580404
Central_Deccan_Plateau_dry_deciduous_forests,0.1090754298065847,Central_Deccan_Plateau_dry_deciduous_forests,South_Deccan_Plateau_dry_deciduous_forests    ,0.9725,-0.14253571611580404
Central_Deccan_Plateau_dry_deciduous_forests,0.1090754298065847,Central_Deccan_Plateau_dry_deciduous_forests,Orissa_semi_evergreen_forests                 ,0.9635,-0.14253571611580404
Central_Deccan_Plateau_dry_deciduous_forests,0.1090754298065847,Central_Deccan_Plateau_dry_deciduous_forests,Sundarbans_freshwater_swamp_forests           ,0.9576,-0.14253571611580404
Central_Deccan_Plateau_dry_deciduous_forests,0.1090754298065847,Central_Deccan_Plateau_dry_deciduous_forests,Himalayan_subtropical_pine_forests            ,0.9322,-0.14253571611580404
Eastern_Himalayan_alpine_shrub_and_meadows,0.6671659600874399,Eastern_Himalayan_alpine_shrub_and_meadows,Brahmaputra_Valley_semi_evergreen_forests     ,0.8767,-0.14253571611580404
Eastern_Himalayan_alpine_shrub_and_meadows,0.6671659600874399,Eastern_Himalayan_alpine_shrub_and_meadows,Western_Himalayan_broadleaf_forests           ,0.9176,-0.14253571611580404
Eastern_Himalayan_alpine_shrub_and_meadows,0.6671659600874399,Eastern_Himalayan_alpine_shrub_and_meadows,Northeast_Himalayan_subalpine_conifer_forests ,0.9867,-0.14253571611580404
Eastern_Himalayan_alpine_shrub_and_meadows,0.6671659600874399,Eastern_Himalayan_alpine_shrub_and_meadows,South_Western_Ghats_montane_rain_forests      ,0.8313,-0.14253571611580404
Eastern_Himalayan_alpine_shrub_and_meadows,0.6671659600874399,Eastern_Himalayan_alpine_shrub_and_meadows,Narmada_Valley_dry_deciduous_forests          ,0.9157,-0.14253571611580404
Eastern_Himalayan_alpine_shrub_and_meadows,0.6671659600874399,Eastern_Himalayan_alpine_shrub_and_meadows,Mizoram_Manipur_Kachin_rain_forests           ,0.9072,-0.14253571611580404
Eastern_Himalayan_alpine_shrub_and_meadows,0.6671659600874399,Eastern_Himalayan_alpine_shrub_and_meadows,Khathiar_Gir_dry_deciduous_forests            ,0.9135,-0.14253571611580404
Eastern_Himalayan_alpine_shrub_and_meadows,0.6671659600874399,Eastern_Himalayan_alpine_shrub_and_meadows,Aravalli_west_thorn_scrub_forests             ,0.8924,-0.14253571611580404
Eastern_Himalayan_alpine_shrub_and_meadows,0.6671659600874399,Eastern_Himalayan_alpine_shrub_and_meadows,Maldives_Lakshadweep_Chagos_Archipelago_tropical_moist_forests,0.5083,-0.14253571611580404
Eastern_Himalayan_alpine_shrub_and_meadows,0.6671659600874399,Eastern_Himalayan_alpine_shrub_and_meadows,East_Deccan_moist_deciduous_forests           ,0.916,-0.14253571611580404
Eastern_Himalayan_alpine_shrub_and_meadows,0.6671659600874399,Eastern_Himalayan_alpine_shrub_and_meadows,East_Deccan_dry_evergreen_forests             ,0.8302,-0.14253571611580404
Eastern_Himalayan_alpine_shrub_and_meadows,0.6671659600874399,Eastern_Himalayan_alpine_shrub_and_meadows,Central_Deccan_Plateau_dry_deciduous_forests  ,0.9129,-0.14253571611580404
Eastern_Himalayan_alpine_shrub_and_meadows,0.6671659600874399,Eastern_Himalayan_alpine_shrub_and_meadows,Eastern_Himalayan_broadleaf_forests           ,0.9246,-0.14253571611580404
Eastern_Himalayan_alpine_shrub_and_meadows,0.6671659600874399,Eastern_Himalayan_alpine_shrub_and_meadows,Central_Tibetan_Plateau_alpine_steppe         ,0.9658,-0.14253571611580404
Eastern_Himalayan_alpine_shrub_and_meadows,0.6671659600874399,Eastern_Himalayan_alpine_shrub_and_meadows,Terai_Duar_savanna_and_grasslands             ,0.8784,-0.14253571611580404
Eastern_Himalayan_alpine_shrub_and_meadows,0.6671659600874399,Eastern_Himalayan_alpine_shrub_and_meadows,Nicobar_Islands_rain_forests                  ,0.5232,-0.14253571611580404
Eastern_Himalayan_alpine_shrub_and_meadows,0.6671659600874399,Eastern_Himalayan_alpine_shrub_and_meadows,Eastern_Himalayan_alpine_shrub_and_meadows    ,1.0,-0.14253571611580404
Eastern_Himalayan_alpine_shrub_and_meadows,0.6671659600874399,Eastern_Himalayan_alpine_shrub_and_meadows,North_Western_Ghats_montane_rain_forests      ,0.8761,-0.14253571611580404
Eastern_Himalayan_alpine_shrub_and_meadows,0.6671659600874399,Eastern_Himalayan_alpine_shrub_and_meadows,Chhota_Nagpur_dry_deciduous_forests           ,0.9209,-0.14253571611580404
Eastern_Himalayan_alpine_shrub_and_meadows,0.6671659600874399,Eastern_Himalayan_alpine_shrub_and_meadows,Rann_of_Kutch_seasonal_salt_marsh             ,0.8768,-0.14253571611580404
Eastern_Himalayan_alpine_shrub_and_meadows,0.6671659600874399,Eastern_Himalayan_alpine_shrub_and_meadows,Northwestern_Himalayan_alpine_shrub_and_meadows,0.9273,-0.14253571611580404
Eastern_Himalayan_alpine_shrub_and_meadows,0.6671659600874399,Eastern_Himalayan_alpine_shrub_and_meadows,Upper_Gangetic_Plains_moist_deciduous_forests ,0.8927,-0.14253571611580404
Eastern_Himalayan_alpine_shrub_and_meadows,0.6671659600874399,Eastern_Himalayan_alpine_shrub_and_meadows,North_Deccan_dry_deciduous_forests            ,0.9076,-0.14253571611580404
Eastern_Himalayan_alpine_shrub_and_meadows,0.6671659600874399,Eastern_Himalayan_alpine_shrub_and_meadows,Northeast_India_Myanmar_pine_forests          ,0.9126,-0.14253571611580404
Eastern_Himalayan_alpine_shrub_and_meadows,0.6671659600874399,Eastern_Himalayan_alpine_shrub_and_meadows,Sundarbans_mangroves                          ,0.8745,-0.14253571611580404
Eastern_Himalayan_alpine_shrub_and_meadows,0.6671659600874399,Eastern_Himalayan_alpine_shrub_and_meadows,Karakoram_West_Tibetan_Plateau_alpine_steppe  ,0.9627,-0.14253571611580404
Eastern_Himalayan_alpine_shrub_and_meadows,0.6671659600874399,Eastern_Himalayan_alpine_shrub_and_meadows,Baluchistan_xeric_woodlands                   ,0.9727,-0.14253571611580404
Eastern_Himalayan_alpine_shrub_and_meadows,0.6671659600874399,Eastern_Himalayan_alpine_shrub_and_meadows,Indus_River_Delta_Arabian_Sea_mangroves       ,0.8407,-0.14253571611580404
Eastern_Himalayan_alpine_shrub_and_meadows,0.6671659600874399,Eastern_Himalayan_alpine_shrub_and_meadows,Meghalaya_subtropical_forests                 ,0.9273,-0.14253571611580404
Eastern_Himalayan_alpine_shrub_and_meadows,0.6671659600874399,Eastern_Himalayan_alpine_shrub_and_meadows,Chin_Hills_Arakan_Yoma_montane_forests        ,0.9294,-0.14253571611580404
Eastern_Himalayan_alpine_shrub_and_meadows,0.6671659600874399,Eastern_Himalayan_alpine_shrub_and_meadows,North_Western_Ghats_moist_deciduous_forests   ,0.8756,-0.14253571611580404
Eastern_Himalayan_alpine_shrub_and_meadows,0.6671659600874399,Eastern_Himalayan_alpine_shrub_and_meadows,Northern_Triangle_temperate_forests           ,0.9217,-0.14253571611580404
Eastern_Himalayan_alpine_shrub_and_meadows,0.6671659600874399,Eastern_Himalayan_alpine_shrub_and_meadows,Malabar_Coast_moist_forests                   ,0.7378,-0.14253571611580404
Eastern_Himalayan_alpine_shrub_and_meadows,0.6671659600874399,Eastern_Himalayan_alpine_shrub_and_meadows,Andaman_Islands_rain_forests                  ,0.604,-0.14253571611580404
Eastern_Himalayan_alpine_shrub_and_meadows,0.6671659600874399,Eastern_Himalayan_alpine_shrub_and_meadows,Western_Himalayan_alpine_shrub_and_meadows    ,0.9615,-0.14253571611580404
Eastern_Himalayan_alpine_shrub_and_meadows,0.6671659600874399,Eastern_Himalayan_alpine_shrub_and_meadows,Eastern_Himalayan_subalpine_conifer_forests   ,0.9802,-0.14253571611580404
Eastern_Himalayan_alpine_shrub_and_meadows,0.6671659600874399,Eastern_Himalayan_alpine_shrub_and_meadows,Deccan_thorn_scrub_forests                    ,0.8738,-0.14253571611580404
Eastern_Himalayan_alpine_shrub_and_meadows,0.6671659600874399,Eastern_Himalayan_alpine_shrub_and_meadows,Western_Himalayan_subalpine_conifer_forests   ,0.9363,-0.14253571611580404
Eastern_Himalayan_alpine_shrub_and_meadows,0.6671659600874399,Eastern_Himalayan_alpine_shrub_and_meadows,Lower_Gangetic_Plains_moist_deciduous_forests ,0.8805,-0.14253571611580404
Eastern_Himalayan_alpine_shrub_and_meadows,0.6671659600874399,Eastern_Himalayan_alpine_shrub_and_meadows,South_Western_Ghats_moist_deciduous_forests   ,0.8286,-0.14253571611580404
Eastern_Himalayan_alpine_shrub_and_meadows,0.6671659600874399,Eastern_Himalayan_alpine_shrub_and_meadows,Thar_desert                                   ,0.8597,-0.14253571611580404
Eastern_Himalayan_alpine_shrub_and_meadows,0.6671659600874399,Eastern_Himalayan_alpine_shrub_and_meadows,Godavari_Krishna_mangroves                    ,0.8437,-0.14253571611580404
Eastern_Himalayan_alpine_shrub_and_meadows,0.6671659600874399,Eastern_Himalayan_alpine_shrub_and_meadows,North_Tibetan_Plateau_Kunlun_Mountains_alpine_desert,0.972,-0.14253571611580404
Eastern_Himalayan_alpine_shrub_and_meadows,0.6671659600874399,Eastern_Himalayan_alpine_shrub_and_meadows,Himalayan_subtropical_broadleaf_forests       ,0.9285,-0.14253571611580404
Eastern_Himalayan_alpine_shrub_and_meadows,0.6671659600874399,Eastern_Himalayan_alpine_shrub_and_meadows,South_Deccan_Plateau_dry_deciduous_forests    ,0.8994,-0.14253571611580404
Eastern_Himalayan_alpine_shrub_and_meadows,0.6671659600874399,Eastern_Himalayan_alpine_shrub_and_meadows,Orissa_semi_evergreen_forests                 ,0.8607,-0.14253571611580404
Eastern_Himalayan_alpine_shrub_and_meadows,0.6671659600874399,Eastern_Himalayan_alpine_shrub_and_meadows,Sundarbans_freshwater_swamp_forests           ,0.8816,-0.14253571611580404
Eastern_Himalayan_alpine_shrub_and_meadows,0.6671659600874399,Eastern_Himalayan_alpine_shrub_and_meadows,Himalayan_subtropical_pine_forests            ,0.8936,-0.14253571611580404
Deccan_thorn_scrub_forests,0.0703437906510614,Deccan_thorn_scrub_forests,Brahmaputra_Valley_semi_evergreen_forests     ,0.866,-0.14253571611580404
Deccan_thorn_scrub_forests,0.0703437906510614,Deccan_thorn_scrub_forests,Western_Himalayan_broadleaf_forests           ,0.9043,-0.14253571611580404
Deccan_thorn_scrub_forests,0.0703437906510614,Deccan_thorn_scrub_forests,Northeast_Himalayan_subalpine_conifer_forests ,0.8537,-0.14253571611580404
Deccan_thorn_scrub_forests,0.0703437906510614,Deccan_thorn_scrub_forests,South_Western_Ghats_montane_rain_forests      ,0.9198,-0.14253571611580404
Deccan_thorn_scrub_forests,0.0703437906510614,Deccan_thorn_scrub_forests,Narmada_Valley_dry_deciduous_forests          ,0.9506,-0.14253571611580404
Deccan_thorn_scrub_forests,0.0703437906510614,Deccan_thorn_scrub_forests,Mizoram_Manipur_Kachin_rain_forests           ,0.9248,-0.14253571611580404
Deccan_thorn_scrub_forests,0.0703437906510614,Deccan_thorn_scrub_forests,Khathiar_Gir_dry_deciduous_forests            ,0.9547,-0.14253571611580404
Deccan_thorn_scrub_forests,0.0703437906510614,Deccan_thorn_scrub_forests,Aravalli_west_thorn_scrub_forests             ,0.9618,-0.14253571611580404
Deccan_thorn_scrub_forests,0.0703437906510614,Deccan_thorn_scrub_forests,Maldives_Lakshadweep_Chagos_Archipelago_tropical_moist_forests,0.7119,-0.14253571611580404
Deccan_thorn_scrub_forests,0.0703437906510614,Deccan_thorn_scrub_forests,East_Deccan_moist_deciduous_forests           ,0.9763,-0.14253571611580404
Deccan_thorn_scrub_forests,0.0703437906510614,Deccan_thorn_scrub_forests,East_Deccan_dry_evergreen_forests             ,0.9733,-0.14253571611580404
Deccan_thorn_scrub_forests,0.0703437906510614,Deccan_thorn_scrub_forests,Central_Deccan_Plateau_dry_deciduous_forests  ,0.9825,-0.14253571611580404
Deccan_thorn_scrub_forests,0.0703437906510614,Deccan_thorn_scrub_forests,Eastern_Himalayan_broadleaf_forests           ,0.9262,-0.14253571611580404
Deccan_thorn_scrub_forests,0.0703437906510614,Deccan_thorn_scrub_forests,Central_Tibetan_Plateau_alpine_steppe         ,0.7791,-0.14253571611580404
Deccan_thorn_scrub_forests,0.0703437906510614,Deccan_thorn_scrub_forests,Terai_Duar_savanna_and_grasslands             ,0.9193,-0.14253571611580404
Deccan_thorn_scrub_forests,0.0703437906510614,Deccan_thorn_scrub_forests,Nicobar_Islands_rain_forests                  ,0.759,-0.14253571611580404
Deccan_thorn_scrub_forests,0.0703437906510614,Deccan_thorn_scrub_forests,Eastern_Himalayan_alpine_shrub_and_meadows    ,0.8738,-0.14253571611580404
Deccan_thorn_scrub_forests,0.0703437906510614,Deccan_thorn_scrub_forests,North_Western_Ghats_montane_rain_forests      ,0.9225,-0.14253571611580404
Deccan_thorn_scrub_forests,0.0703437906510614,Deccan_thorn_scrub_forests,Chhota_Nagpur_dry_deciduous_forests           ,0.9622,-0.14253571611580404
Deccan_thorn_scrub_forests,0.0703437906510614,Deccan_thorn_scrub_forests,Rann_of_Kutch_seasonal_salt_marsh             ,0.9452,-0.14253571611580404
Deccan_thorn_scrub_forests,0.0703437906510614,Deccan_thorn_scrub_forests,Northwestern_Himalayan_alpine_shrub_and_meadows,0.7833,-0.14253571611580404
Deccan_thorn_scrub_forests,0.0703437906510614,Deccan_thorn_scrub_forests,Upper_Gangetic_Plains_moist_deciduous_forests ,0.9626,-0.14253571611580404
Deccan_thorn_scrub_forests,0.0703437906510614,Deccan_thorn_scrub_forests,North_Deccan_dry_deciduous_forests            ,0.9436,-0.14253571611580404
Deccan_thorn_scrub_forests,0.0703437906510614,Deccan_thorn_scrub_forests,Northeast_India_Myanmar_pine_forests          ,0.8092,-0.14253571611580404
Deccan_thorn_scrub_forests,0.0703437906510614,Deccan_thorn_scrub_forests,Sundarbans_mangroves                          ,0.8844,-0.14253571611580404
Deccan_thorn_scrub_forests,0.0703437906510614,Deccan_thorn_scrub_forests,Karakoram_West_Tibetan_Plateau_alpine_steppe  ,0.7847,-0.14253571611580404
Deccan_thorn_scrub_forests,0.0703437906510614,Deccan_thorn_scrub_forests,Baluchistan_xeric_woodlands                   ,0.9275,-0.14253571611580404
Deccan_thorn_scrub_forests,0.0703437906510614,Deccan_thorn_scrub_forests,Indus_River_Delta_Arabian_Sea_mangroves       ,0.9788,-0.14253571611580404
Deccan_thorn_scrub_forests,0.0703437906510614,Deccan_thorn_scrub_forests,Meghalaya_subtropical_forests                 ,0.9201,-0.14253571611580404
Deccan_thorn_scrub_forests,0.0703437906510614,Deccan_thorn_scrub_forests,Chin_Hills_Arakan_Yoma_montane_forests        ,0.9096,-0.14253571611580404
Deccan_thorn_scrub_forests,0.0703437906510614,Deccan_thorn_scrub_forests,North_Western_Ghats_moist_deciduous_forests   ,0.9575,-0.14253571611580404
Deccan_thorn_scrub_forests,0.0703437906510614,Deccan_thorn_scrub_forests,Northern_Triangle_temperate_forests           ,0.8023,-0.14253571611580404
Deccan_thorn_scrub_forests,0.0703437906510614,Deccan_thorn_scrub_forests,Malabar_Coast_moist_forests                   ,0.9042,-0.14253571611580404
Deccan_thorn_scrub_forests,0.0703437906510614,Deccan_thorn_scrub_forests,Andaman_Islands_rain_forests                  ,0.8064,-0.14253571611580404
Deccan_thorn_scrub_forests,0.0703437906510614,Deccan_thorn_scrub_forests,Western_Himalayan_alpine_shrub_and_meadows    ,0.8066,-0.14253571611580404
Deccan_thorn_scrub_forests,0.0703437906510614,Deccan_thorn_scrub_forests,Eastern_Himalayan_subalpine_conifer_forests   ,0.8967,-0.14253571611580404
Deccan_thorn_scrub_forests,0.0703437906510614,Deccan_thorn_scrub_forests,Deccan_thorn_scrub_forests                    ,1.0,-0.14253571611580404
Deccan_thorn_scrub_forests,0.0703437906510614,Deccan_thorn_scrub_forests,Western_Himalayan_subalpine_conifer_forests   ,0.9081,-0.14253571611580404
Deccan_thorn_scrub_forests,0.0703437906510614,Deccan_thorn_scrub_forests,Lower_Gangetic_Plains_moist_deciduous_forests ,0.9517,-0.14253571611580404
Deccan_thorn_scrub_forests,0.0703437906510614,Deccan_thorn_scrub_forests,South_Western_Ghats_moist_deciduous_forests   ,0.9516,-0.14253571611580404
Deccan_thorn_scrub_forests,0.0703437906510614,Deccan_thorn_scrub_forests,Thar_desert                                   ,0.9208,-0.14253571611580404
Deccan_thorn_scrub_forests,0.0703437906510614,Deccan_thorn_scrub_forests,Godavari_Krishna_mangroves                    ,0.9624,-0.14253571611580404
Deccan_thorn_scrub_forests,0.0703437906510614,Deccan_thorn_scrub_forests,North_Tibetan_Plateau_Kunlun_Mountains_alpine_desert,0.7982,-0.14253571611580404
Deccan_thorn_scrub_forests,0.0703437906510614,Deccan_thorn_scrub_forests,Himalayan_subtropical_broadleaf_forests       ,0.9233,-0.14253571611580404
Deccan_thorn_scrub_forests,0.0703437906510614,Deccan_thorn_scrub_forests,South_Deccan_Plateau_dry_deciduous_forests    ,0.9864,-0.14253571611580404
Deccan_thorn_scrub_forests,0.0703437906510614,Deccan_thorn_scrub_forests,Orissa_semi_evergreen_forests                 ,0.9458,-0.14253571611580404
Deccan_thorn_scrub_forests,0.0703437906510614,Deccan_thorn_scrub_forests,Sundarbans_freshwater_swamp_forests           ,0.9177,-0.14253571611580404
Deccan_thorn_scrub_forests,0.0703437906510614,Deccan_thorn_scrub_forests,Himalayan_subtropical_pine_forests            ,0.9426,-0.14253571611580404
Central_Tibetan_Plateau_alpine_steppe,0.575045664992713,Central_Tibetan_Plateau_alpine_steppe,Brahmaputra_Valley_semi_evergreen_forests     ,0.7927,-0.14253571611580404
Central_Tibetan_Plateau_alpine_steppe,0.575045664992713,Central_Tibetan_Plateau_alpine_steppe,Western_Himalayan_broadleaf_forests           ,0.86,-0.14253571611580404
Central_Tibetan_Plateau_alpine_steppe,0.575045664992713,Central_Tibetan_Plateau_alpine_steppe,Northeast_Himalayan_subalpine_conifer_forests ,0.9835,-0.14253571611580404
Central_Tibetan_Plateau_alpine_steppe,0.575045664992713,Central_Tibetan_Plateau_alpine_steppe,South_Western_Ghats_montane_rain_forests      ,0.7599,-0.14253571611580404
Central_Tibetan_Plateau_alpine_steppe,0.575045664992713,Central_Tibetan_Plateau_alpine_steppe,Narmada_Valley_dry_deciduous_forests          ,0.8468,-0.14253571611580404
Central_Tibetan_Plateau_alpine_steppe,0.575045664992713,Central_Tibetan_Plateau_alpine_steppe,Mizoram_Manipur_Kachin_rain_forests           ,0.8214,-0.14253571611580404
Central_Tibetan_Plateau_alpine_steppe,0.575045664992713,Central_Tibetan_Plateau_alpine_steppe,Khathiar_Gir_dry_deciduous_forests            ,0.8343,-0.14253571611580404
Central_Tibetan_Plateau_alpine_steppe,0.575045664992713,Central_Tibetan_Plateau_alpine_steppe,Aravalli_west_thorn_scrub_forests             ,0.8212,-0.14253571611580404
Central_Tibetan_Plateau_alpine_steppe,0.575045664992713,Central_Tibetan_Plateau_alpine_steppe,Maldives_Lakshadweep_Chagos_Archipelago_tropical_moist_forests,0.3377,-0.14253571611580404
Central_Tibetan_Plateau_alpine_steppe,0.575045664992713,Central_Tibetan_Plateau_alpine_steppe,East_Deccan_moist_deciduous_forests           ,0.8219,-0.14253571611580404
Central_Tibetan_Plateau_alpine_steppe,0.575045664992713,Central_Tibetan_Plateau_alpine_steppe,East_Deccan_dry_evergreen_forests             ,0.7129,-0.14253571611580404
Central_Tibetan_Plateau_alpine_steppe,0.575045664992713,Central_Tibetan_Plateau_alpine_steppe,Central_Deccan_Plateau_dry_deciduous_forests  ,0.8191,-0.14253571611580404
Central_Tibetan_Plateau_alpine_steppe,0.575045664992713,Central_Tibetan_Plateau_alpine_steppe,Eastern_Himalayan_broadleaf_forests           ,0.8523,-0.14253571611580404
Central_Tibetan_Plateau_alpine_steppe,0.575045664992713,Central_Tibetan_Plateau_alpine_steppe,Central_Tibetan_Plateau_alpine_steppe         ,1.0,-0.14253571611580404
Central_Tibetan_Plateau_alpine_steppe,0.575045664992713,Central_Tibetan_Plateau_alpine_steppe,Terai_Duar_savanna_and_grasslands             ,0.7914,-0.14253571611580404
Central_Tibetan_Plateau_alpine_steppe,0.575045664992713,Central_Tibetan_Plateau_alpine_steppe,Nicobar_Islands_rain_forests                  ,0.3886,-0.14253571611580404
Central_Tibetan_Plateau_alpine_steppe,0.575045664992713,Central_Tibetan_Plateau_alpine_steppe,Eastern_Himalayan_alpine_shrub_and_meadows    ,0.9658,-0.14253571611580404
Central_Tibetan_Plateau_alpine_steppe,0.575045664992713,Central_Tibetan_Plateau_alpine_steppe,North_Western_Ghats_montane_rain_forests      ,0.811,-0.14253571611580404
Central_Tibetan_Plateau_alpine_steppe,0.575045664992713,Central_Tibetan_Plateau_alpine_steppe,Chhota_Nagpur_dry_deciduous_forests           ,0.8345,-0.14253571611580404
Central_Tibetan_Plateau_alpine_steppe,0.575045664992713,Central_Tibetan_Plateau_alpine_steppe,Rann_of_Kutch_seasonal_salt_marsh             ,0.8041,-0.14253571611580404
Central_Tibetan_Plateau_alpine_steppe,0.575045664992713,Central_Tibetan_Plateau_alpine_steppe,Northwestern_Himalayan_alpine_shrub_and_meadows,0.9199,-0.14253571611580404
Central_Tibetan_Plateau_alpine_steppe,0.575045664992713,Central_Tibetan_Plateau_alpine_steppe,Upper_Gangetic_Plains_moist_deciduous_forests ,0.8044,-0.14253571611580404
Central_Tibetan_Plateau_alpine_steppe,0.575045664992713,Central_Tibetan_Plateau_alpine_steppe,North_Deccan_dry_deciduous_forests            ,0.8224,-0.14253571611580404
Central_Tibetan_Plateau_alpine_steppe,0.575045664992713,Central_Tibetan_Plateau_alpine_steppe,Northeast_India_Myanmar_pine_forests          ,0.8955,-0.14253571611580404
Central_Tibetan_Plateau_alpine_steppe,0.575045664992713,Central_Tibetan_Plateau_alpine_steppe,Sundarbans_mangroves                          ,0.7635,-0.14253571611580404
Central_Tibetan_Plateau_alpine_steppe,0.575045664992713,Central_Tibetan_Plateau_alpine_steppe,Karakoram_West_Tibetan_Plateau_alpine_steppe  ,0.9748,-0.14253571611580404
Central_Tibetan_Plateau_alpine_steppe,0.575045664992713,Central_Tibetan_Plateau_alpine_steppe,Baluchistan_xeric_woodlands                   ,0.9213,-0.14253571611580404
Central_Tibetan_Plateau_alpine_steppe,0.575045664992713,Central_Tibetan_Plateau_alpine_steppe,Indus_River_Delta_Arabian_Sea_mangroves       ,0.768,-0.14253571611580404
Central_Tibetan_Plateau_alpine_steppe,0.575045664992713,Central_Tibetan_Plateau_alpine_steppe,Meghalaya_subtropical_forests                 ,0.8526,-0.14253571611580404
Central_Tibetan_Plateau_alpine_steppe,0.575045664992713,Central_Tibetan_Plateau_alpine_steppe,Chin_Hills_Arakan_Yoma_montane_forests        ,0.8866,-0.14253571611580404
Central_Tibetan_Plateau_alpine_steppe,0.575045664992713,Central_Tibetan_Plateau_alpine_steppe,North_Western_Ghats_moist_deciduous_forests   ,0.7869,-0.14253571611580404
Central_Tibetan_Plateau_alpine_steppe,0.575045664992713,Central_Tibetan_Plateau_alpine_steppe,Northern_Triangle_temperate_forests           ,0.8819,-0.14253571611580404
Central_Tibetan_Plateau_alpine_steppe,0.575045664992713,Central_Tibetan_Plateau_alpine_steppe,Malabar_Coast_moist_forests                   ,0.62,-0.14253571611580404
Central_Tibetan_Plateau_alpine_steppe,0.575045664992713,Central_Tibetan_Plateau_alpine_steppe,Andaman_Islands_rain_forests                  ,0.4522,-0.14253571611580404
Central_Tibetan_Plateau_alpine_steppe,0.575045664992713,Central_Tibetan_Plateau_alpine_steppe,Western_Himalayan_alpine_shrub_and_meadows    ,0.9569,-0.14253571611580404
Central_Tibetan_Plateau_alpine_steppe,0.575045664992713,Central_Tibetan_Plateau_alpine_steppe,Eastern_Himalayan_subalpine_conifer_forests   ,0.9526,-0.14253571611580404
Central_Tibetan_Plateau_alpine_steppe,0.575045664992713,Central_Tibetan_Plateau_alpine_steppe,Deccan_thorn_scrub_forests                    ,0.7791,-0.14253571611580404
Central_Tibetan_Plateau_alpine_steppe,0.575045664992713,Central_Tibetan_Plateau_alpine_steppe,Western_Himalayan_subalpine_conifer_forests   ,0.8818,-0.14253571611580404
Central_Tibetan_Plateau_alpine_steppe,0.575045664992713,Central_Tibetan_Plateau_alpine_steppe,Lower_Gangetic_Plains_moist_deciduous_forests ,0.7902,-0.14253571611580404
Central_Tibetan_Plateau_alpine_steppe,0.575045664992713,Central_Tibetan_Plateau_alpine_steppe,South_Western_Ghats_moist_deciduous_forests   ,0.7376,-0.14253571611580404
Central_Tibetan_Plateau_alpine_steppe,0.575045664992713,Central_Tibetan_Plateau_alpine_steppe,Thar_desert                                   ,0.7857,-0.14253571611580404
Central_Tibetan_Plateau_alpine_steppe,0.575045664992713,Central_Tibetan_Plateau_alpine_steppe,Godavari_Krishna_mangroves                    ,0.7297,-0.14253571611580404
Central_Tibetan_Plateau_alpine_steppe,0.575045664992713,Central_Tibetan_Plateau_alpine_steppe,North_Tibetan_Plateau_Kunlun_Mountains_alpine_desert,0.9965,-0.14253571611580404
Central_Tibetan_Plateau_alpine_steppe,0.575045664992713,Central_Tibetan_Plateau_alpine_steppe,Himalayan_subtropical_broadleaf_forests       ,0.8652,-0.14253571611580404
Central_Tibetan_Plateau_alpine_steppe,0.575045664992713,Central_Tibetan_Plateau_alpine_steppe,South_Deccan_Plateau_dry_deciduous_forests    ,0.8157,-0.14253571611580404
Central_Tibetan_Plateau_alpine_steppe,0.575045664992713,Central_Tibetan_Plateau_alpine_steppe,Orissa_semi_evergreen_forests                 ,0.7579,-0.14253571611580404
Central_Tibetan_Plateau_alpine_steppe,0.575045664992713,Central_Tibetan_Plateau_alpine_steppe,Sundarbans_freshwater_swamp_forests           ,0.787,-0.14253571611580404
Central_Tibetan_Plateau_alpine_steppe,0.575045664992713,Central_Tibetan_Plateau_alpine_steppe,Himalayan_subtropical_pine_forests            ,0.8105,-0.14253571611580404
East_Deccan_dry_evergreen_forests,0.1602757261456031,East_Deccan_dry_evergreen_forests,Brahmaputra_Valley_semi_evergreen_forests     ,0.8677,-0.14253571611580404
East_Deccan_dry_evergreen_forests,0.1602757261456031,East_Deccan_dry_evergreen_forests,Western_Himalayan_broadleaf_forests           ,0.8881,-0.14253571611580404
East_Deccan_dry_evergreen_forests,0.1602757261456031,East_Deccan_dry_evergreen_forests,Northeast_Himalayan_subalpine_conifer_forests ,0.8012,-0.14253571611580404
East_Deccan_dry_evergreen_forests,0.1602757261456031,East_Deccan_dry_evergreen_forests,South_Western_Ghats_montane_rain_forests      ,0.8884,-0.14253571611580404
East_Deccan_dry_evergreen_forests,0.1602757261456031,East_Deccan_dry_evergreen_forests,Narmada_Valley_dry_deciduous_forests          ,0.9167,-0.14253571611580404
East_Deccan_dry_evergreen_forests,0.1602757261456031,East_Deccan_dry_evergreen_forests,Mizoram_Manipur_Kachin_rain_forests           ,0.9212,-0.14253571611580404
East_Deccan_dry_evergreen_forests,0.1602757261456031,East_Deccan_dry_evergreen_forests,Khathiar_Gir_dry_deciduous_forests            ,0.9229,-0.14253571611580404
East_Deccan_dry_evergreen_forests,0.1602757261456031,East_Deccan_dry_evergreen_forests,Aravalli_west_thorn_scrub_forests             ,0.9318,-0.14253571611580404
East_Deccan_dry_evergreen_forests,0.1602757261456031,East_Deccan_dry_evergreen_forests,Maldives_Lakshadweep_Chagos_Archipelago_tropical_moist_forests,0.7706,-0.14253571611580404
East_Deccan_dry_evergreen_forests,0.1602757261456031,East_Deccan_dry_evergreen_forests,East_Deccan_moist_deciduous_forests           ,0.9574,-0.14253571611580404
East_Deccan_dry_evergreen_forests,0.1602757261456031,East_Deccan_dry_evergreen_forests,East_Deccan_dry_evergreen_forests             ,1.0,-0.14253571611580404
East_Deccan_dry_evergreen_forests,0.1602757261456031,East_Deccan_dry_evergreen_forests,Central_Deccan_Plateau_dry_deciduous_forests  ,0.9519,-0.14253571611580404
East_Deccan_dry_evergreen_forests,0.1602757261456031,East_Deccan_dry_evergreen_forests,Eastern_Himalayan_broadleaf_forests           ,0.9068,-0.14253571611580404
East_Deccan_dry_evergreen_forests,0.1602757261456031,East_Deccan_dry_evergreen_forests,Central_Tibetan_Plateau_alpine_steppe         ,0.7129,-0.14253571611580404
East_Deccan_dry_evergreen_forests,0.1602757261456031,East_Deccan_dry_evergreen_forests,Terai_Duar_savanna_and_grasslands             ,0.9047,-0.14253571611580404
East_Deccan_dry_evergreen_forests,0.1602757261456031,East_Deccan_dry_evergreen_forests,Nicobar_Islands_rain_forests                  ,0.7983,-0.14253571611580404
East_Deccan_dry_evergreen_forests,0.1602757261456031,East_Deccan_dry_evergreen_forests,Eastern_Himalayan_alpine_shrub_and_meadows    ,0.8302,-0.14253571611580404
East_Deccan_dry_evergreen_forests,0.1602757261456031,East_Deccan_dry_evergreen_forests,North_Western_Ghats_montane_rain_forests      ,0.8689,-0.14253571611580404
East_Deccan_dry_evergreen_forests,0.1602757261456031,East_Deccan_dry_evergreen_forests,Chhota_Nagpur_dry_deciduous_forests           ,0.946,-0.14253571611580404
East_Deccan_dry_evergreen_forests,0.1602757261456031,East_Deccan_dry_evergreen_forests,Rann_of_Kutch_seasonal_salt_marsh             ,0.9134,-0.14253571611580404
East_Deccan_dry_evergreen_forests,0.1602757261456031,East_Deccan_dry_evergreen_forests,Northwestern_Himalayan_alpine_shrub_and_meadows,0.7681,-0.14253571611580404
East_Deccan_dry_evergreen_forests,0.1602757261456031,East_Deccan_dry_evergreen_forests,Upper_Gangetic_Plains_moist_deciduous_forests ,0.9521,-0.14253571611580404
East_Deccan_dry_evergreen_forests,0.1602757261456031,East_Deccan_dry_evergreen_forests,North_Deccan_dry_deciduous_forests            ,0.9301,-0.14253571611580404
East_Deccan_dry_evergreen_forests,0.1602757261456031,East_Deccan_dry_evergreen_forests,Northeast_India_Myanmar_pine_forests          ,0.7817,-0.14253571611580404
East_Deccan_dry_evergreen_forests,0.1602757261456031,East_Deccan_dry_evergreen_forests,Sundarbans_mangroves                          ,0.8803,-0.14253571611580404
East_Deccan_dry_evergreen_forests,0.1602757261456031,East_Deccan_dry_evergreen_forests,Karakoram_West_Tibetan_Plateau_alpine_steppe  ,0.7386,-0.14253571611580404
East_Deccan_dry_evergreen_forests,0.1602757261456031,East_Deccan_dry_evergreen_forests,Baluchistan_xeric_woodlands                   ,0.8926,-0.14253571611580404
East_Deccan_dry_evergreen_forests,0.1602757261456031,East_Deccan_dry_evergreen_forests,Indus_River_Delta_Arabian_Sea_mangroves       ,0.9408,-0.14253571611580404
East_Deccan_dry_evergreen_forests,0.1602757261456031,East_Deccan_dry_evergreen_forests,Meghalaya_subtropical_forests                 ,0.905,-0.14253571611580404
East_Deccan_dry_evergreen_forests,0.1602757261456031,East_Deccan_dry_evergreen_forests,Chin_Hills_Arakan_Yoma_montane_forests        ,0.8844,-0.14253571611580404
East_Deccan_dry_evergreen_forests,0.1602757261456031,East_Deccan_dry_evergreen_forests,North_Western_Ghats_moist_deciduous_forests   ,0.9146,-0.14253571611580404
East_Deccan_dry_evergreen_forests,0.1602757261456031,East_Deccan_dry_evergreen_forests,Northern_Triangle_temperate_forests           ,0.7796,-0.14253571611580404
East_Deccan_dry_evergreen_forests,0.1602757261456031,East_Deccan_dry_evergreen_forests,Malabar_Coast_moist_forests                   ,0.8862,-0.14253571611580404
East_Deccan_dry_evergreen_forests,0.1602757261456031,East_Deccan_dry_evergreen_forests,Andaman_Islands_rain_forests                  ,0.8292,-0.14253571611580404
East_Deccan_dry_evergreen_forests,0.1602757261456031,East_Deccan_dry_evergreen_forests,Western_Himalayan_alpine_shrub_and_meadows    ,0.7643,-0.14253571611580404
East_Deccan_dry_evergreen_forests,0.1602757261456031,East_Deccan_dry_evergreen_forests,Eastern_Himalayan_subalpine_conifer_forests   ,0.8531,-0.14253571611580404
East_Deccan_dry_evergreen_forests,0.1602757261456031,East_Deccan_dry_evergreen_forests,Deccan_thorn_scrub_forests                    ,0.9733,-0.14253571611580404
East_Deccan_dry_evergreen_forests,0.1602757261456031,East_Deccan_dry_evergreen_forests,Western_Himalayan_subalpine_conifer_forests   ,0.8918,-0.14253571611580404
East_Deccan_dry_evergreen_forests,0.1602757261456031,East_Deccan_dry_evergreen_forests,Lower_Gangetic_Plains_moist_deciduous_forests ,0.9272,-0.14253571611580404
East_Deccan_dry_evergreen_forests,0.1602757261456031,East_Deccan_dry_evergreen_forests,South_Western_Ghats_moist_deciduous_forests   ,0.9331,-0.14253571611580404
East_Deccan_dry_evergreen_forests,0.1602757261456031,East_Deccan_dry_evergreen_forests,Thar_desert                                   ,0.9078,-0.14253571611580404
East_Deccan_dry_evergreen_forests,0.1602757261456031,East_Deccan_dry_evergreen_forests,Godavari_Krishna_mangroves                    ,0.9886,-0.14253571611580404
East_Deccan_dry_evergreen_forests,0.1602757261456031,East_Deccan_dry_evergreen_forests,North_Tibetan_Plateau_Kunlun_Mountains_alpine_desert,0.7353,-0.14253571611580404
East_Deccan_dry_evergreen_forests,0.1602757261456031,East_Deccan_dry_evergreen_forests,Himalayan_subtropical_broadleaf_forests       ,0.8999,-0.14253571611580404
East_Deccan_dry_evergreen_forests,0.1602757261456031,East_Deccan_dry_evergreen_forests,South_Deccan_Plateau_dry_deciduous_forests    ,0.9705,-0.14253571611580404
East_Deccan_dry_evergreen_forests,0.1602757261456031,East_Deccan_dry_evergreen_forests,Orissa_semi_evergreen_forests                 ,0.9532,-0.14253571611580404
East_Deccan_dry_evergreen_forests,0.1602757261456031,East_Deccan_dry_evergreen_forests,Sundarbans_freshwater_swamp_forests           ,0.8957,-0.14253571611580404
East_Deccan_dry_evergreen_forests,0.1602757261456031,East_Deccan_dry_evergreen_forests,Himalayan_subtropical_pine_forests            ,0.9291,-0.14253571611580404
East_Deccan_moist_deciduous_forests,0.2126356716724108,East_Deccan_moist_deciduous_forests,Brahmaputra_Valley_semi_evergreen_forests     ,0.924,-0.14253571611580404
East_Deccan_moist_deciduous_forests,0.2126356716724108,East_Deccan_moist_deciduous_forests,Western_Himalayan_broadleaf_forests           ,0.9138,-0.14253571611580404
East_Deccan_moist_deciduous_forests,0.2126356716724108,East_Deccan_moist_deciduous_forests,Northeast_Himalayan_subalpine_conifer_forests ,0.8888,-0.14253571611580404
East_Deccan_moist_deciduous_forests,0.2126356716724108,East_Deccan_moist_deciduous_forests,South_Western_Ghats_montane_rain_forests      ,0.8861,-0.14253571611580404
East_Deccan_moist_deciduous_forests,0.2126356716724108,East_Deccan_moist_deciduous_forests,Narmada_Valley_dry_deciduous_forests          ,0.9771,-0.14253571611580404
East_Deccan_moist_deciduous_forests,0.2126356716724108,East_Deccan_moist_deciduous_forests,Mizoram_Manipur_Kachin_rain_forests           ,0.958,-0.14253571611580404
East_Deccan_moist_deciduous_forests,0.2126356716724108,East_Deccan_moist_deciduous_forests,Khathiar_Gir_dry_deciduous_forests            ,0.984,-0.14253571611580404
East_Deccan_moist_deciduous_forests,0.2126356716724108,East_Deccan_moist_deciduous_forests,Aravalli_west_thorn_scrub_forests             ,0.9871,-0.14253571611580404
East_Deccan_moist_deciduous_forests,0.2126356716724108,East_Deccan_moist_deciduous_forests,Maldives_Lakshadweep_Chagos_Archipelago_tropical_moist_forests,0.654,-0.14253571611580404
East_Deccan_moist_deciduous_forests,0.2126356716724108,East_Deccan_moist_deciduous_forests,East_Deccan_moist_deciduous_forests           ,1.0,-0.14253571611580404
East_Deccan_moist_deciduous_forests,0.2126356716724108,East_Deccan_moist_deciduous_forests,East_Deccan_dry_evergreen_forests             ,0.9574,-0.14253571611580404
East_Deccan_moist_deciduous_forests,0.2126356716724108,East_Deccan_moist_deciduous_forests,Central_Deccan_Plateau_dry_deciduous_forests  ,0.9907,-0.14253571611580404
East_Deccan_moist_deciduous_forests,0.2126356716724108,East_Deccan_moist_deciduous_forests,Eastern_Himalayan_broadleaf_forests           ,0.9455,-0.14253571611580404
East_Deccan_moist_deciduous_forests,0.2126356716724108,East_Deccan_moist_deciduous_forests,Central_Tibetan_Plateau_alpine_steppe         ,0.8219,-0.14253571611580404
East_Deccan_moist_deciduous_forests,0.2126356716724108,East_Deccan_moist_deciduous_forests,Terai_Duar_savanna_and_grasslands             ,0.9668,-0.14253571611580404
East_Deccan_moist_deciduous_forests,0.2126356716724108,East_Deccan_moist_deciduous_forests,Nicobar_Islands_rain_forests                  ,0.6843,-0.14253571611580404
East_Deccan_moist_deciduous_forests,0.2126356716724108,East_Deccan_moist_deciduous_forests,Eastern_Himalayan_alpine_shrub_and_meadows    ,0.916,-0.14253571611580404
East_Deccan_moist_deciduous_forests,0.2126356716724108,East_Deccan_moist_deciduous_forests,North_Western_Ghats_montane_rain_forests      ,0.9269,-0.14253571611580404
East_Deccan_moist_deciduous_forests,0.2126356716724108,East_Deccan_moist_deciduous_forests,Chhota_Nagpur_dry_deciduous_forests           ,0.9953,-0.14253571611580404
East_Deccan_moist_deciduous_forests,0.2126356716724108,East_Deccan_moist_deciduous_forests,Rann_of_Kutch_seasonal_salt_marsh             ,0.9728,-0.14253571611580404
East_Deccan_moist_deciduous_forests,0.2126356716724108,East_Deccan_moist_deciduous_forests,Northwestern_Himalayan_alpine_shrub_and_meadows,0.8192,-0.14253571611580404
East_Deccan_moist_deciduous_forests,0.2126356716724108,East_Deccan_moist_deciduous_forests,Upper_Gangetic_Plains_moist_deciduous_forests ,0.9878,-0.14253571611580404
East_Deccan_moist_deciduous_forests,0.2126356716724108,East_Deccan_moist_deciduous_forests,North_Deccan_dry_deciduous_forests            ,0.9896,-0.14253571611580404
East_Deccan_moist_deciduous_forests,0.2126356716724108,East_Deccan_moist_deciduous_forests,Northeast_India_Myanmar_pine_forests          ,0.8548,-0.14253571611580404
East_Deccan_moist_deciduous_forests,0.2126356716724108,East_Deccan_moist_deciduous_forests,Sundarbans_mangroves                          ,0.9384,-0.14253571611580404
East_Deccan_moist_deciduous_forests,0.2126356716724108,East_Deccan_moist_deciduous_forests,Karakoram_West_Tibetan_Plateau_alpine_steppe  ,0.8196,-0.14253571611580404
East_Deccan_moist_deciduous_forests,0.2126356716724108,East_Deccan_moist_deciduous_forests,Baluchistan_xeric_woodlands                   ,0.945,-0.14253571611580404
East_Deccan_moist_deciduous_forests,0.2126356716724108,East_Deccan_moist_deciduous_forests,Indus_River_Delta_Arabian_Sea_mangroves       ,0.9615,-0.14253571611580404
East_Deccan_moist_deciduous_forests,0.2126356716724108,East_Deccan_moist_deciduous_forests,Meghalaya_subtropical_forests                 ,0.9559,-0.14253571611580404
East_Deccan_moist_deciduous_forests,0.2126356716724108,East_Deccan_moist_deciduous_forests,Chin_Hills_Arakan_Yoma_montane_forests        ,0.9359,-0.14253571611580404
East_Deccan_moist_deciduous_forests,0.2126356716724108,East_Deccan_moist_deciduous_forests,North_Western_Ghats_moist_deciduous_forests   ,0.9605,-0.14253571611580404
East_Deccan_moist_deciduous_forests,0.2126356716724108,East_Deccan_moist_deciduous_forests,Northern_Triangle_temperate_forests           ,0.8498,-0.14253571611580404
East_Deccan_moist_deciduous_forests,0.2126356716724108,East_Deccan_moist_deciduous_forests,Malabar_Coast_moist_forests                   ,0.866,-0.14253571611580404
East_Deccan_moist_deciduous_forests,0.2126356716724108,East_Deccan_moist_deciduous_forests,Andaman_Islands_rain_forests                  ,0.7544,-0.14253571611580404
East_Deccan_moist_deciduous_forests,0.2126356716724108,East_Deccan_moist_deciduous_forests,Western_Himalayan_alpine_shrub_and_meadows    ,0.8356,-0.14253571611580404
East_Deccan_moist_deciduous_forests,0.2126356716724108,East_Deccan_moist_deciduous_forests,Eastern_Himalayan_subalpine_conifer_forests   ,0.9262,-0.14253571611580404
East_Deccan_moist_deciduous_forests,0.2126356716724108,East_Deccan_moist_deciduous_forests,Deccan_thorn_scrub_forests                    ,0.9763,-0.14253571611580404
East_Deccan_moist_deciduous_forests,0.2126356716724108,East_Deccan_moist_deciduous_forests,Western_Himalayan_subalpine_conifer_forests   ,0.9238,-0.14253571611580404
East_Deccan_moist_deciduous_forests,0.2126356716724108,East_Deccan_moist_deciduous_forests,Lower_Gangetic_Plains_moist_deciduous_forests ,0.9782,-0.14253571611580404
East_Deccan_moist_deciduous_forests,0.2126356716724108,East_Deccan_moist_deciduous_forests,South_Western_Ghats_moist_deciduous_forests   ,0.9099,-0.14253571611580404
East_Deccan_moist_deciduous_forests,0.2126356716724108,East_Deccan_moist_deciduous_forests,Thar_desert                                   ,0.9693,-0.14253571611580404
East_Deccan_moist_deciduous_forests,0.2126356716724108,East_Deccan_moist_deciduous_forests,Godavari_Krishna_mangroves                    ,0.9694,-0.14253571611580404
East_Deccan_moist_deciduous_forests,0.2126356716724108,East_Deccan_moist_deciduous_forests,North_Tibetan_Plateau_Kunlun_Mountains_alpine_desert,0.8385,-0.14253571611580404
East_Deccan_moist_deciduous_forests,0.2126356716724108,East_Deccan_moist_deciduous_forests,Himalayan_subtropical_broadleaf_forests       ,0.9633,-0.14253571611580404
East_Deccan_moist_deciduous_forests,0.2126356716724108,East_Deccan_moist_deciduous_forests,South_Deccan_Plateau_dry_deciduous_forests    ,0.9681,-0.14253571611580404
East_Deccan_moist_deciduous_forests,0.2126356716724108,East_Deccan_moist_deciduous_forests,Orissa_semi_evergreen_forests                 ,0.9787,-0.14253571611580404
East_Deccan_moist_deciduous_forests,0.2126356716724108,East_Deccan_moist_deciduous_forests,Sundarbans_freshwater_swamp_forests           ,0.958,-0.14253571611580404
East_Deccan_moist_deciduous_forests,0.2126356716724108,East_Deccan_moist_deciduous_forests,Himalayan_subtropical_pine_forests            ,0.95,-0.14253571611580404
Baluchistan_xeric_woodlands,0.5821413976953844,Baluchistan_xeric_woodlands,Brahmaputra_Valley_semi_evergreen_forests     ,0.8859,-0.14253571611580404
Baluchistan_xeric_woodlands,0.5821413976953844,Baluchistan_xeric_woodlands,Western_Himalayan_broadleaf_forests           ,0.9269,-0.14253571611580404
Baluchistan_xeric_woodlands,0.5821413976953844,Baluchistan_xeric_woodlands,Northeast_Himalayan_subalpine_conifer_forests ,0.9516,-0.14253571611580404
Baluchistan_xeric_woodlands,0.5821413976953844,Baluchistan_xeric_woodlands,South_Western_Ghats_montane_rain_forests      ,0.866,-0.14253571611580404
Baluchistan_xeric_woodlands,0.5821413976953844,Baluchistan_xeric_woodlands,Narmada_Valley_dry_deciduous_forests          ,0.9432,-0.14253571611580404
Baluchistan_xeric_woodlands,0.5821413976953844,Baluchistan_xeric_woodlands,Mizoram_Manipur_Kachin_rain_forests           ,0.9138,-0.14253571611580404
Baluchistan_xeric_woodlands,0.5821413976953844,Baluchistan_xeric_woodlands,Khathiar_Gir_dry_deciduous_forests            ,0.9406,-0.14253571611580404
Baluchistan_xeric_woodlands,0.5821413976953844,Baluchistan_xeric_woodlands,Aravalli_west_thorn_scrub_forests             ,0.9304,-0.14253571611580404
Baluchistan_xeric_woodlands,0.5821413976953844,Baluchistan_xeric_woodlands,Maldives_Lakshadweep_Chagos_Archipelago_tropical_moist_forests,0.5591,-0.14253571611580404
Baluchistan_xeric_woodlands,0.5821413976953844,Baluchistan_xeric_woodlands,East_Deccan_moist_deciduous_forests           ,0.945,-0.14253571611580404
Baluchistan_xeric_woodlands,0.5821413976953844,Baluchistan_xeric_woodlands,East_Deccan_dry_evergreen_forests             ,0.8926,-0.14253571611580404
Baluchistan_xeric_woodlands,0.5821413976953844,Baluchistan_xeric_woodlands,Central_Deccan_Plateau_dry_deciduous_forests  ,0.9547,-0.14253571611580404
Baluchistan_xeric_woodlands,0.5821413976953844,Baluchistan_xeric_woodlands,Eastern_Himalayan_broadleaf_forests           ,0.9239,-0.14253571611580404
Baluchistan_xeric_woodlands,0.5821413976953844,Baluchistan_xeric_woodlands,Central_Tibetan_Plateau_alpine_steppe         ,0.9213,-0.14253571611580404
Baluchistan_xeric_woodlands,0.5821413976953844,Baluchistan_xeric_woodlands,Terai_Duar_savanna_and_grasslands             ,0.8909,-0.14253571611580404
Baluchistan_xeric_woodlands,0.5821413976953844,Baluchistan_xeric_woodlands,Nicobar_Islands_rain_forests                  ,0.6006,-0.14253571611580404
Baluchistan_xeric_woodlands,0.5821413976953844,Baluchistan_xeric_woodlands,Eastern_Himalayan_alpine_shrub_and_meadows    ,0.9727,-0.14253571611580404
Baluchistan_xeric_woodlands,0.5821413976953844,Baluchistan_xeric_woodlands,North_Western_Ghats_montane_rain_forests      ,0.8873,-0.14253571611580404
Baluchistan_xeric_woodlands,0.5821413976953844,Baluchistan_xeric_woodlands,Chhota_Nagpur_dry_deciduous_forests           ,0.9501,-0.14253571611580404
Baluchistan_xeric_woodlands,0.5821413976953844,Baluchistan_xeric_woodlands,Rann_of_Kutch_seasonal_salt_marsh             ,0.9199,-0.14253571611580404
Baluchistan_xeric_woodlands,0.5821413976953844,Baluchistan_xeric_woodlands,Northwestern_Himalayan_alpine_shrub_and_meadows,0.9166,-0.14253571611580404
Baluchistan_xeric_woodlands,0.5821413976953844,Baluchistan_xeric_woodlands,Upper_Gangetic_Plains_moist_deciduous_forests ,0.9233,-0.14253571611580404
Baluchistan_xeric_woodlands,0.5821413976953844,Baluchistan_xeric_woodlands,North_Deccan_dry_deciduous_forests            ,0.9321,-0.14253571611580404
Baluchistan_xeric_woodlands,0.5821413976953844,Baluchistan_xeric_woodlands,Northeast_India_Myanmar_pine_forests          ,0.8801,-0.14253571611580404
Baluchistan_xeric_woodlands,0.5821413976953844,Baluchistan_xeric_woodlands,Sundarbans_mangroves                          ,0.8946,-0.14253571611580404
Baluchistan_xeric_woodlands,0.5821413976953844,Baluchistan_xeric_woodlands,Karakoram_West_Tibetan_Plateau_alpine_steppe  ,0.9421,-0.14253571611580404
Baluchistan_xeric_woodlands,0.5821413976953844,Baluchistan_xeric_woodlands,Baluchistan_xeric_woodlands                   ,1.0,-0.14253571611580404
Baluchistan_xeric_woodlands,0.5821413976953844,Baluchistan_xeric_woodlands,Indus_River_Delta_Arabian_Sea_mangroves       ,0.9016,-0.14253571611580404
Baluchistan_xeric_woodlands,0.5821413976953844,Baluchistan_xeric_woodlands,Meghalaya_subtropical_forests                 ,0.9335,-0.14253571611580404
Baluchistan_xeric_woodlands,0.5821413976953844,Baluchistan_xeric_woodlands,Chin_Hills_Arakan_Yoma_montane_forests        ,0.9294,-0.14253571611580404
Baluchistan_xeric_woodlands,0.5821413976953844,Baluchistan_xeric_woodlands,North_Western_Ghats_moist_deciduous_forests   ,0.892,-0.14253571611580404
Baluchistan_xeric_woodlands,0.5821413976953844,Baluchistan_xeric_woodlands,Northern_Triangle_temperate_forests           ,0.8905,-0.14253571611580404
Baluchistan_xeric_woodlands,0.5821413976953844,Baluchistan_xeric_woodlands,Malabar_Coast_moist_forests                   ,0.7812,-0.14253571611580404
Baluchistan_xeric_woodlands,0.5821413976953844,Baluchistan_xeric_woodlands,Andaman_Islands_rain_forests                  ,0.6508,-0.14253571611580404
Baluchistan_xeric_woodlands,0.5821413976953844,Baluchistan_xeric_woodlands,Western_Himalayan_alpine_shrub_and_meadows    ,0.9362,-0.14253571611580404
Baluchistan_xeric_woodlands,0.5821413976953844,Baluchistan_xeric_woodlands,Eastern_Himalayan_subalpine_conifer_forests   ,0.9605,-0.14253571611580404
Baluchistan_xeric_woodlands,0.5821413976953844,Baluchistan_xeric_woodlands,Deccan_thorn_scrub_forests                    ,0.9275,-0.14253571611580404
Baluchistan_xeric_woodlands,0.5821413976953844,Baluchistan_xeric_woodlands,Western_Himalayan_subalpine_conifer_forests   ,0.9477,-0.14253571611580404
Baluchistan_xeric_woodlands,0.5821413976953844,Baluchistan_xeric_woodlands,Lower_Gangetic_Plains_moist_deciduous_forests ,0.9117,-0.14253571611580404
Baluchistan_xeric_woodlands,0.5821413976953844,Baluchistan_xeric_woodlands,South_Western_Ghats_moist_deciduous_forests   ,0.8794,-0.14253571611580404
Baluchistan_xeric_woodlands,0.5821413976953844,Baluchistan_xeric_woodlands,Thar_desert                                   ,0.8919,-0.14253571611580404
Baluchistan_xeric_woodlands,0.5821413976953844,Baluchistan_xeric_woodlands,Godavari_Krishna_mangroves                    ,0.8926,-0.14253571611580404
Baluchistan_xeric_woodlands,0.5821413976953844,Baluchistan_xeric_woodlands,North_Tibetan_Plateau_Kunlun_Mountains_alpine_desert,0.9353,-0.14253571611580404
Baluchistan_xeric_woodlands,0.5821413976953844,Baluchistan_xeric_woodlands,Himalayan_subtropical_broadleaf_forests       ,0.9241,-0.14253571611580404
Baluchistan_xeric_woodlands,0.5821413976953844,Baluchistan_xeric_woodlands,South_Deccan_Plateau_dry_deciduous_forests    ,0.9503,-0.14253571611580404
Baluchistan_xeric_woodlands,0.5821413976953844,Baluchistan_xeric_woodlands,Orissa_semi_evergreen_forests                 ,0.9055,-0.14253571611580404
Baluchistan_xeric_woodlands,0.5821413976953844,Baluchistan_xeric_woodlands,Sundarbans_freshwater_swamp_forests           ,0.918,-0.14253571611580404
Baluchistan_xeric_woodlands,0.5821413976953844,Baluchistan_xeric_woodlands,Himalayan_subtropical_pine_forests            ,0.9108,-0.14253571611580404
Aravalli_west_thorn_scrub_forests,0.1763875785719012,Aravalli_west_thorn_scrub_forests,Brahmaputra_Valley_semi_evergreen_forests     ,0.915,-0.14253571611580404
Aravalli_west_thorn_scrub_forests,0.1763875785719012,Aravalli_west_thorn_scrub_forests,Western_Himalayan_broadleaf_forests           ,0.8845,-0.14253571611580404
Aravalli_west_thorn_scrub_forests,0.1763875785719012,Aravalli_west_thorn_scrub_forests,Northeast_Himalayan_subalpine_conifer_forests ,0.8796,-0.14253571611580404
Aravalli_west_thorn_scrub_forests,0.1763875785719012,Aravalli_west_thorn_scrub_forests,South_Western_Ghats_montane_rain_forests      ,0.8562,-0.14253571611580404
Aravalli_west_thorn_scrub_forests,0.1763875785719012,Aravalli_west_thorn_scrub_forests,Narmada_Valley_dry_deciduous_forests          ,0.9783,-0.14253571611580404
Aravalli_west_thorn_scrub_forests,0.1763875785719012,Aravalli_west_thorn_scrub_forests,Mizoram_Manipur_Kachin_rain_forests           ,0.9397,-0.14253571611580404
Aravalli_west_thorn_scrub_forests,0.1763875785719012,Aravalli_west_thorn_scrub_forests,Khathiar_Gir_dry_deciduous_forests            ,0.9821,-0.14253571611580404
Aravalli_west_thorn_scrub_forests,0.1763875785719012,Aravalli_west_thorn_scrub_forests,Aravalli_west_thorn_scrub_forests             ,1.0,-0.14253571611580404
Aravalli_west_thorn_scrub_forests,0.1763875785719012,Aravalli_west_thorn_scrub_forests,Maldives_Lakshadweep_Chagos_Archipelago_tropical_moist_forests,0.5657,-0.14253571611580404
Aravalli_west_thorn_scrub_forests,0.1763875785719012,Aravalli_west_thorn_scrub_forests,East_Deccan_moist_deciduous_forests           ,0.9871,-0.14253571611580404
Aravalli_west_thorn_scrub_forests,0.1763875785719012,Aravalli_west_thorn_scrub_forests,East_Deccan_dry_evergreen_forests             ,0.9318,-0.14253571611580404
Aravalli_west_thorn_scrub_forests,0.1763875785719012,Aravalli_west_thorn_scrub_forests,Central_Deccan_Plateau_dry_deciduous_forests  ,0.9804,-0.14253571611580404
Aravalli_west_thorn_scrub_forests,0.1763875785719012,Aravalli_west_thorn_scrub_forests,Eastern_Himalayan_broadleaf_forests           ,0.9216,-0.14253571611580404
Aravalli_west_thorn_scrub_forests,0.1763875785719012,Aravalli_west_thorn_scrub_forests,Central_Tibetan_Plateau_alpine_steppe         ,0.8212,-0.14253571611580404
Aravalli_west_thorn_scrub_forests,0.1763875785719012,Aravalli_west_thorn_scrub_forests,Terai_Duar_savanna_and_grasslands             ,0.9657,-0.14253571611580404
Aravalli_west_thorn_scrub_forests,0.1763875785719012,Aravalli_west_thorn_scrub_forests,Nicobar_Islands_rain_forests                  ,0.626,-0.14253571611580404
Aravalli_west_thorn_scrub_forests,0.1763875785719012,Aravalli_west_thorn_scrub_forests,Eastern_Himalayan_alpine_shrub_and_meadows    ,0.8924,-0.14253571611580404
Aravalli_west_thorn_scrub_forests,0.1763875785719012,Aravalli_west_thorn_scrub_forests,North_Western_Ghats_montane_rain_forests      ,0.9115,-0.14253571611580404
Aravalli_west_thorn_scrub_forests,0.1763875785719012,Aravalli_west_thorn_scrub_forests,Chhota_Nagpur_dry_deciduous_forests           ,0.9883,-0.14253571611580404
Aravalli_west_thorn_scrub_forests,0.1763875785719012,Aravalli_west_thorn_scrub_forests,Rann_of_Kutch_seasonal_salt_marsh             ,0.987,-0.14253571611580404
Aravalli_west_thorn_scrub_forests,0.1763875785719012,Aravalli_west_thorn_scrub_forests,Northwestern_Himalayan_alpine_shrub_and_meadows,0.7961,-0.14253571611580404
Aravalli_west_thorn_scrub_forests,0.1763875785719012,Aravalli_west_thorn_scrub_forests,Upper_Gangetic_Plains_moist_deciduous_forests ,0.9833,-0.14253571611580404
Aravalli_west_thorn_scrub_forests,0.1763875785719012,Aravalli_west_thorn_scrub_forests,North_Deccan_dry_deciduous_forests            ,0.9885,-0.14253571611580404
Aravalli_west_thorn_scrub_forests,0.1763875785719012,Aravalli_west_thorn_scrub_forests,Northeast_India_Myanmar_pine_forests          ,0.8526,-0.14253571611580404
Aravalli_west_thorn_scrub_forests,0.1763875785719012,Aravalli_west_thorn_scrub_forests,Sundarbans_mangroves                          ,0.9219,-0.14253571611580404
Aravalli_west_thorn_scrub_forests,0.1763875785719012,Aravalli_west_thorn_scrub_forests,Karakoram_West_Tibetan_Plateau_alpine_steppe  ,0.8038,-0.14253571611580404
Aravalli_west_thorn_scrub_forests,0.1763875785719012,Aravalli_west_thorn_scrub_forests,Baluchistan_xeric_woodlands                   ,0.9304,-0.14253571611580404
Aravalli_west_thorn_scrub_forests,0.1763875785719012,Aravalli_west_thorn_scrub_forests,Indus_River_Delta_Arabian_Sea_mangroves       ,0.9732,-0.14253571611580404
Aravalli_west_thorn_scrub_forests,0.1763875785719012,Aravalli_west_thorn_scrub_forests,Meghalaya_subtropical_forests                 ,0.9411,-0.14253571611580404
Aravalli_west_thorn_scrub_forests,0.1763875785719012,Aravalli_west_thorn_scrub_forests,Chin_Hills_Arakan_Yoma_montane_forests        ,0.9316,-0.14253571611580404
Aravalli_west_thorn_scrub_forests,0.1763875785719012,Aravalli_west_thorn_scrub_forests,North_Western_Ghats_moist_deciduous_forests   ,0.9414,-0.14253571611580404
Aravalli_west_thorn_scrub_forests,0.1763875785719012,Aravalli_west_thorn_scrub_forests,Northern_Triangle_temperate_forests           ,0.8266,-0.14253571611580404
Aravalli_west_thorn_scrub_forests,0.1763875785719012,Aravalli_west_thorn_scrub_forests,Malabar_Coast_moist_forests                   ,0.8264,-0.14253571611580404
Aravalli_west_thorn_scrub_forests,0.1763875785719012,Aravalli_west_thorn_scrub_forests,Andaman_Islands_rain_forests                  ,0.691,-0.14253571611580404
Aravalli_west_thorn_scrub_forests,0.1763875785719012,Aravalli_west_thorn_scrub_forests,Western_Himalayan_alpine_shrub_and_meadows    ,0.81,-0.14253571611580404
Aravalli_west_thorn_scrub_forests,0.1763875785719012,Aravalli_west_thorn_scrub_forests,Eastern_Himalayan_subalpine_conifer_forests   ,0.9146,-0.14253571611580404
Aravalli_west_thorn_scrub_forests,0.1763875785719012,Aravalli_west_thorn_scrub_forests,Deccan_thorn_scrub_forests                    ,0.9618,-0.14253571611580404
Aravalli_west_thorn_scrub_forests,0.1763875785719012,Aravalli_west_thorn_scrub_forests,Western_Himalayan_subalpine_conifer_forests   ,0.8977,-0.14253571611580404
Aravalli_west_thorn_scrub_forests,0.1763875785719012,Aravalli_west_thorn_scrub_forests,Lower_Gangetic_Plains_moist_deciduous_forests ,0.9774,-0.14253571611580404
Aravalli_west_thorn_scrub_forests,0.1763875785719012,Aravalli_west_thorn_scrub_forests,South_Western_Ghats_moist_deciduous_forests   ,0.8773,-0.14253571611580404
Aravalli_west_thorn_scrub_forests,0.1763875785719012,Aravalli_west_thorn_scrub_forests,Thar_desert                                   ,0.984,-0.14253571611580404
Aravalli_west_thorn_scrub_forests,0.1763875785719012,Aravalli_west_thorn_scrub_forests,Godavari_Krishna_mangroves                    ,0.9498,-0.14253571611580404
Aravalli_west_thorn_scrub_forests,0.1763875785719012,Aravalli_west_thorn_scrub_forests,North_Tibetan_Plateau_Kunlun_Mountains_alpine_desert,0.8358,-0.14253571611580404
Aravalli_west_thorn_scrub_forests,0.1763875785719012,Aravalli_west_thorn_scrub_forests,Himalayan_subtropical_broadleaf_forests       ,0.9541,-0.14253571611580404
Aravalli_west_thorn_scrub_forests,0.1763875785719012,Aravalli_west_thorn_scrub_forests,South_Deccan_Plateau_dry_deciduous_forests    ,0.9498,-0.14253571611580404
Aravalli_west_thorn_scrub_forests,0.1763875785719012,Aravalli_west_thorn_scrub_forests,Orissa_semi_evergreen_forests                 ,0.9749,-0.14253571611580404
Aravalli_west_thorn_scrub_forests,0.1763875785719012,Aravalli_west_thorn_scrub_forests,Sundarbans_freshwater_swamp_forests           ,0.9586,-0.14253571611580404
Aravalli_west_thorn_scrub_forests,0.1763875785719012,Aravalli_west_thorn_scrub_forests,Himalayan_subtropical_pine_forests            ,0.9241,-0.14253571611580404
Andaman_Islands_rain_forests,0.4708529906239703,Andaman_Islands_rain_forests,Brahmaputra_Valley_semi_evergreen_forests     ,0.7267,-0.14253571611580404
Andaman_Islands_rain_forests,0.4708529906239703,Andaman_Islands_rain_forests,Western_Himalayan_broadleaf_forests           ,0.7867,-0.14253571611580404
Andaman_Islands_rain_forests,0.4708529906239703,Andaman_Islands_rain_forests,Northeast_Himalayan_subalpine_conifer_forests ,0.5675,-0.14253571611580404
Andaman_Islands_rain_forests,0.4708529906239703,Andaman_Islands_rain_forests,South_Western_Ghats_montane_rain_forests      ,0.8818,-0.14253571611580404
Andaman_Islands_rain_forests,0.4708529906239703,Andaman_Islands_rain_forests,Narmada_Valley_dry_deciduous_forests          ,0.6601,-0.14253571611580404
Andaman_Islands_rain_forests,0.4708529906239703,Andaman_Islands_rain_forests,Mizoram_Manipur_Kachin_rain_forests           ,0.7987,-0.14253571611580404
Andaman_Islands_rain_forests,0.4708529906239703,Andaman_Islands_rain_forests,Khathiar_Gir_dry_deciduous_forests            ,0.6765,-0.14253571611580404
Andaman_Islands_rain_forests,0.4708529906239703,Andaman_Islands_rain_forests,Aravalli_west_thorn_scrub_forests             ,0.691,-0.14253571611580404
Andaman_Islands_rain_forests,0.4708529906239703,Andaman_Islands_rain_forests,Maldives_Lakshadweep_Chagos_Archipelago_tropical_moist_forests,0.9079,-0.14253571611580404
Andaman_Islands_rain_forests,0.4708529906239703,Andaman_Islands_rain_forests,East_Deccan_moist_deciduous_forests           ,0.7544,-0.14253571611580404
Andaman_Islands_rain_forests,0.4708529906239703,Andaman_Islands_rain_forests,East_Deccan_dry_evergreen_forests             ,0.8292,-0.14253571611580404
Andaman_Islands_rain_forests,0.4708529906239703,Andaman_Islands_rain_forests,Central_Deccan_Plateau_dry_deciduous_forests  ,0.7351,-0.14253571611580404
Andaman_Islands_rain_forests,0.4708529906239703,Andaman_Islands_rain_forests,Eastern_Himalayan_broadleaf_forests           ,0.8129,-0.14253571611580404
Andaman_Islands_rain_forests,0.4708529906239703,Andaman_Islands_rain_forests,Central_Tibetan_Plateau_alpine_steppe         ,0.4522,-0.14253571611580404
Andaman_Islands_rain_forests,0.4708529906239703,Andaman_Islands_rain_forests,Terai_Duar_savanna_and_grasslands             ,0.7504,-0.14253571611580404
Andaman_Islands_rain_forests,0.4708529906239703,Andaman_Islands_rain_forests,Nicobar_Islands_rain_forests                  ,0.9533,-0.14253571611580404
Andaman_Islands_rain_forests,0.4708529906239703,Andaman_Islands_rain_forests,Eastern_Himalayan_alpine_shrub_and_meadows    ,0.604,-0.14253571611580404
Andaman_Islands_rain_forests,0.4708529906239703,Andaman_Islands_rain_forests,North_Western_Ghats_montane_rain_forests      ,0.7728,-0.14253571611580404
Andaman_Islands_rain_forests,0.4708529906239703,Andaman_Islands_rain_forests,Chhota_Nagpur_dry_deciduous_forests           ,0.7183,-0.14253571611580404
Andaman_Islands_rain_forests,0.4708529906239703,Andaman_Islands_rain_forests,Rann_of_Kutch_seasonal_salt_marsh             ,0.6561,-0.14253571611580404
Andaman_Islands_rain_forests,0.4708529906239703,Andaman_Islands_rain_forests,Northwestern_Himalayan_alpine_shrub_and_meadows,0.5433,-0.14253571611580404
Andaman_Islands_rain_forests,0.4708529906239703,Andaman_Islands_rain_forests,Upper_Gangetic_Plains_moist_deciduous_forests ,0.7361,-0.14253571611580404
Andaman_Islands_rain_forests,0.4708529906239703,Andaman_Islands_rain_forests,North_Deccan_dry_deciduous_forests            ,0.6938,-0.14253571611580404
Andaman_Islands_rain_forests,0.4708529906239703,Andaman_Islands_rain_forests,Northeast_India_Myanmar_pine_forests          ,0.6535,-0.14253571611580404
Andaman_Islands_rain_forests,0.4708529906239703,Andaman_Islands_rain_forests,Sundarbans_mangroves                          ,0.7409,-0.14253571611580404
Andaman_Islands_rain_forests,0.4708529906239703,Andaman_Islands_rain_forests,Karakoram_West_Tibetan_Plateau_alpine_steppe  ,0.4795,-0.14253571611580404
Andaman_Islands_rain_forests,0.4708529906239703,Andaman_Islands_rain_forests,Baluchistan_xeric_woodlands                   ,0.6508,-0.14253571611580404
Andaman_Islands_rain_forests,0.4708529906239703,Andaman_Islands_rain_forests,Indus_River_Delta_Arabian_Sea_mangroves       ,0.7584,-0.14253571611580404
Andaman_Islands_rain_forests,0.4708529906239703,Andaman_Islands_rain_forests,Meghalaya_subtropical_forests                 ,0.7485,-0.14253571611580404
Andaman_Islands_rain_forests,0.4708529906239703,Andaman_Islands_rain_forests,Chin_Hills_Arakan_Yoma_montane_forests        ,0.731,-0.14253571611580404
Andaman_Islands_rain_forests,0.4708529906239703,Andaman_Islands_rain_forests,North_Western_Ghats_moist_deciduous_forests   ,0.8098,-0.14253571611580404
Andaman_Islands_rain_forests,0.4708529906239703,Andaman_Islands_rain_forests,Northern_Triangle_temperate_forests           ,0.6852,-0.14253571611580404
Andaman_Islands_rain_forests,0.4708529906239703,Andaman_Islands_rain_forests,Malabar_Coast_moist_forests                   ,0.9349,-0.14253571611580404
Andaman_Islands_rain_forests,0.4708529906239703,Andaman_Islands_rain_forests,Andaman_Islands_rain_forests                  ,1.0,-0.14253571611580404
Andaman_Islands_rain_forests,0.4708529906239703,Andaman_Islands_rain_forests,Western_Himalayan_alpine_shrub_and_meadows    ,0.5961,-0.14253571611580404
Andaman_Islands_rain_forests,0.4708529906239703,Andaman_Islands_rain_forests,Eastern_Himalayan_subalpine_conifer_forests   ,0.665,-0.14253571611580404
Andaman_Islands_rain_forests,0.4708529906239703,Andaman_Islands_rain_forests,Deccan_thorn_scrub_forests                    ,0.8064,-0.14253571611580404
Andaman_Islands_rain_forests,0.4708529906239703,Andaman_Islands_rain_forests,Western_Himalayan_subalpine_conifer_forests   ,0.7528,-0.14253571611580404
Andaman_Islands_rain_forests,0.4708529906239703,Andaman_Islands_rain_forests,Lower_Gangetic_Plains_moist_deciduous_forests ,0.7762,-0.14253571611580404
Andaman_Islands_rain_forests,0.4708529906239703,Andaman_Islands_rain_forests,South_Western_Ghats_moist_deciduous_forests   ,0.8982,-0.14253571611580404
Andaman_Islands_rain_forests,0.4708529906239703,Andaman_Islands_rain_forests,Thar_desert                                   ,0.6406,-0.14253571611580404
Andaman_Islands_rain_forests,0.4708529906239703,Andaman_Islands_rain_forests,Godavari_Krishna_mangroves                    ,0.7882,-0.14253571611580404
Andaman_Islands_rain_forests,0.4708529906239703,Andaman_Islands_rain_forests,North_Tibetan_Plateau_Kunlun_Mountains_alpine_desert,0.4618,-0.14253571611580404
Andaman_Islands_rain_forests,0.4708529906239703,Andaman_Islands_rain_forests,Himalayan_subtropical_broadleaf_forests       ,0.7549,-0.14253571611580404
Andaman_Islands_rain_forests,0.4708529906239703,Andaman_Islands_rain_forests,South_Deccan_Plateau_dry_deciduous_forests    ,0.7913,-0.14253571611580404
Andaman_Islands_rain_forests,0.4708529906239703,Andaman_Islands_rain_forests,Orissa_semi_evergreen_forests                 ,0.7492,-0.14253571611580404
Andaman_Islands_rain_forests,0.4708529906239703,Andaman_Islands_rain_forests,Sundarbans_freshwater_swamp_forests           ,0.7131,-0.14253571611580404
Andaman_Islands_rain_forests,0.4708529906239703,Andaman_Islands_rain_forests,Himalayan_subtropical_pine_forests            ,0.854,-0.14253571611580404
Himalayan_subtropical_broadleaf_forests,0.2639766881657564,Himalayan_subtropical_broadleaf_forests,Brahmaputra_Valley_semi_evergreen_forests     ,0.9661,-0.14253571611580404
Himalayan_subtropical_broadleaf_forests,0.2639766881657564,Himalayan_subtropical_broadleaf_forests,Western_Himalayan_broadleaf_forests           ,0.9458,-0.14253571611580404
Himalayan_subtropical_broadleaf_forests,0.2639766881657564,Himalayan_subtropical_broadleaf_forests,Northeast_Himalayan_subalpine_conifer_forests ,0.9261,-0.14253571611580404
Himalayan_subtropical_broadleaf_forests,0.2639766881657564,Himalayan_subtropical_broadleaf_forests,South_Western_Ghats_montane_rain_forests      ,0.9016,-0.14253571611580404
Himalayan_subtropical_broadleaf_forests,0.2639766881657564,Himalayan_subtropical_broadleaf_forests,Narmada_Valley_dry_deciduous_forests          ,0.9425,-0.14253571611580404
Himalayan_subtropical_broadleaf_forests,0.2639766881657564,Himalayan_subtropical_broadleaf_forests,Mizoram_Manipur_Kachin_rain_forests           ,0.9877,-0.14253571611580404
Himalayan_subtropical_broadleaf_forests,0.2639766881657564,Himalayan_subtropical_broadleaf_forests,Khathiar_Gir_dry_deciduous_forests            ,0.9409,-0.14253571611580404
Himalayan_subtropical_broadleaf_forests,0.2639766881657564,Himalayan_subtropical_broadleaf_forests,Aravalli_west_thorn_scrub_forests             ,0.9541,-0.14253571611580404
Himalayan_subtropical_broadleaf_forests,0.2639766881657564,Himalayan_subtropical_broadleaf_forests,Maldives_Lakshadweep_Chagos_Archipelago_tropical_moist_forests,0.5945,-0.14253571611580404
Himalayan_subtropical_broadleaf_forests,0.2639766881657564,Himalayan_subtropical_broadleaf_forests,East_Deccan_moist_deciduous_forests           ,0.9633,-0.14253571611580404
Himalayan_subtropical_broadleaf_forests,0.2639766881657564,Himalayan_subtropical_broadleaf_forests,East_Deccan_dry_evergreen_forests             ,0.8999,-0.14253571611580404
Himalayan_subtropical_broadleaf_forests,0.2639766881657564,Himalayan_subtropical_broadleaf_forests,Central_Deccan_Plateau_dry_deciduous_forests  ,0.94,-0.14253571611580404
Himalayan_subtropical_broadleaf_forests,0.2639766881657564,Himalayan_subtropical_broadleaf_forests,Eastern_Himalayan_broadleaf_forests           ,0.9859,-0.14253571611580404
Himalayan_subtropical_broadleaf_forests,0.2639766881657564,Himalayan_subtropical_broadleaf_forests,Central_Tibetan_Plateau_alpine_steppe         ,0.8652,-0.14253571611580404
Himalayan_subtropical_broadleaf_forests,0.2639766881657564,Himalayan_subtropical_broadleaf_forests,Terai_Duar_savanna_and_grasslands             ,0.9843,-0.14253571611580404
Himalayan_subtropical_broadleaf_forests,0.2639766881657564,Himalayan_subtropical_broadleaf_forests,Nicobar_Islands_rain_forests                  ,0.6672,-0.14253571611580404
Himalayan_subtropical_broadleaf_forests,0.2639766881657564,Himalayan_subtropical_broadleaf_forests,Eastern_Himalayan_alpine_shrub_and_meadows    ,0.9285,-0.14253571611580404
Himalayan_subtropical_broadleaf_forests,0.2639766881657564,Himalayan_subtropical_broadleaf_forests,North_Western_Ghats_montane_rain_forests      ,0.93,-0.14253571611580404
Himalayan_subtropical_broadleaf_forests,0.2639766881657564,Himalayan_subtropical_broadleaf_forests,Chhota_Nagpur_dry_deciduous_forests           ,0.9647,-0.14253571611580404
Himalayan_subtropical_broadleaf_forests,0.2639766881657564,Himalayan_subtropical_broadleaf_forests,Rann_of_Kutch_seasonal_salt_marsh             ,0.9273,-0.14253571611580404
Himalayan_subtropical_broadleaf_forests,0.2639766881657564,Himalayan_subtropical_broadleaf_forests,Northwestern_Himalayan_alpine_shrub_and_meadows,0.8577,-0.14253571611580404
Himalayan_subtropical_broadleaf_forests,0.2639766881657564,Himalayan_subtropical_broadleaf_forests,Upper_Gangetic_Plains_moist_deciduous_forests ,0.9577,-0.14253571611580404
Himalayan_subtropical_broadleaf_forests,0.2639766881657564,Himalayan_subtropical_broadleaf_forests,North_Deccan_dry_deciduous_forests            ,0.9647,-0.14253571611580404
Himalayan_subtropical_broadleaf_forests,0.2639766881657564,Himalayan_subtropical_broadleaf_forests,Northeast_India_Myanmar_pine_forests          ,0.9519,-0.14253571611580404
Himalayan_subtropical_broadleaf_forests,0.2639766881657564,Himalayan_subtropical_broadleaf_forests,Sundarbans_mangroves                          ,0.9445,-0.14253571611580404
Himalayan_subtropical_broadleaf_forests,0.2639766881657564,Himalayan_subtropical_broadleaf_forests,Karakoram_West_Tibetan_Plateau_alpine_steppe  ,0.8483,-0.14253571611580404
Himalayan_subtropical_broadleaf_forests,0.2639766881657564,Himalayan_subtropical_broadleaf_forests,Baluchistan_xeric_woodlands                   ,0.9241,-0.14253571611580404
Himalayan_subtropical_broadleaf_forests,0.2639766881657564,Himalayan_subtropical_broadleaf_forests,Indus_River_Delta_Arabian_Sea_mangroves       ,0.9148,-0.14253571611580404
Himalayan_subtropical_broadleaf_forests,0.2639766881657564,Himalayan_subtropical_broadleaf_forests,Meghalaya_subtropical_forests                 ,0.9834,-0.14253571611580404
Himalayan_subtropical_broadleaf_forests,0.2639766881657564,Himalayan_subtropical_broadleaf_forests,Chin_Hills_Arakan_Yoma_montane_forests        ,0.9824,-0.14253571611580404
Himalayan_subtropical_broadleaf_forests,0.2639766881657564,Himalayan_subtropical_broadleaf_forests,North_Western_Ghats_moist_deciduous_forests   ,0.9442,-0.14253571611580404
Himalayan_subtropical_broadleaf_forests,0.2639766881657564,Himalayan_subtropical_broadleaf_forests,Northern_Triangle_temperate_forests           ,0.935,-0.14253571611580404
Himalayan_subtropical_broadleaf_forests,0.2639766881657564,Himalayan_subtropical_broadleaf_forests,Malabar_Coast_moist_forests                   ,0.8526,-0.14253571611580404
Himalayan_subtropical_broadleaf_forests,0.2639766881657564,Himalayan_subtropical_broadleaf_forests,Andaman_Islands_rain_forests                  ,0.7549,-0.14253571611580404
Himalayan_subtropical_broadleaf_forests,0.2639766881657564,Himalayan_subtropical_broadleaf_forests,Western_Himalayan_alpine_shrub_and_meadows    ,0.8865,-0.14253571611580404
Himalayan_subtropical_broadleaf_forests,0.2639766881657564,Himalayan_subtropical_broadleaf_forests,Eastern_Himalayan_subalpine_conifer_forests   ,0.966,-0.14253571611580404
Himalayan_subtropical_broadleaf_forests,0.2639766881657564,Himalayan_subtropical_broadleaf_forests,Deccan_thorn_scrub_forests                    ,0.9233,-0.14253571611580404
Himalayan_subtropical_broadleaf_forests,0.2639766881657564,Himalayan_subtropical_broadleaf_forests,Western_Himalayan_subalpine_conifer_forests   ,0.9484,-0.14253571611580404
Himalayan_subtropical_broadleaf_forests,0.2639766881657564,Himalayan_subtropical_broadleaf_forests,Lower_Gangetic_Plains_moist_deciduous_forests ,0.974,-0.14253571611580404
Himalayan_subtropical_broadleaf_forests,0.2639766881657564,Himalayan_subtropical_broadleaf_forests,South_Western_Ghats_moist_deciduous_forests   ,0.8947,-0.14253571611580404
Himalayan_subtropical_broadleaf_forests,0.2639766881657564,Himalayan_subtropical_broadleaf_forests,Thar_desert                                   ,0.9304,-0.14253571611580404
Himalayan_subtropical_broadleaf_forests,0.2639766881657564,Himalayan_subtropical_broadleaf_forests,Godavari_Krishna_mangroves                    ,0.9156,-0.14253571611580404
Himalayan_subtropical_broadleaf_forests,0.2639766881657564,Himalayan_subtropical_broadleaf_forests,North_Tibetan_Plateau_Kunlun_Mountains_alpine_desert,0.8654,-0.14253571611580404
Himalayan_subtropical_broadleaf_forests,0.2639766881657564,Himalayan_subtropical_broadleaf_forests,Himalayan_subtropical_broadleaf_forests       ,1.0,-0.14253571611580404
Himalayan_subtropical_broadleaf_forests,0.2639766881657564,Himalayan_subtropical_broadleaf_forests,South_Deccan_Plateau_dry_deciduous_forests    ,0.9266,-0.14253571611580404
Himalayan_subtropical_broadleaf_forests,0.2639766881657564,Himalayan_subtropical_broadleaf_forests,Orissa_semi_evergreen_forests                 ,0.9512,-0.14253571611580404
Himalayan_subtropical_broadleaf_forests,0.2639766881657564,Himalayan_subtropical_broadleaf_forests,Sundarbans_freshwater_swamp_forests           ,0.9519,-0.14253571611580404
Himalayan_subtropical_broadleaf_forests,0.2639766881657564,Himalayan_subtropical_broadleaf_forests,Himalayan_subtropical_pine_forests            ,0.9735,-0.14253571611580404
Eastern_Himalayan_subalpine_conifer_forests,0.5677098900980762,Eastern_Himalayan_subalpine_conifer_forests,Brahmaputra_Valley_semi_evergreen_forests     ,0.9173,-0.14253571611580404
Eastern_Himalayan_subalpine_conifer_forests,0.5677098900980762,Eastern_Himalayan_subalpine_conifer_forests,Western_Himalayan_broadleaf_forests           ,0.9512,-0.14253571611580404
Eastern_Himalayan_subalpine_conifer_forests,0.5677098900980762,Eastern_Himalayan_subalpine_conifer_forests,Northeast_Himalayan_subalpine_conifer_forests ,0.9888,-0.14253571611580404
Eastern_Himalayan_subalpine_conifer_forests,0.5677098900980762,Eastern_Himalayan_subalpine_conifer_forests,South_Western_Ghats_montane_rain_forests      ,0.8817,-0.14253571611580404
Eastern_Himalayan_subalpine_conifer_forests,0.5677098900980762,Eastern_Himalayan_subalpine_conifer_forests,Narmada_Valley_dry_deciduous_forests          ,0.9209,-0.14253571611580404
Eastern_Himalayan_subalpine_conifer_forests,0.5677098900980762,Eastern_Himalayan_subalpine_conifer_forests,Mizoram_Manipur_Kachin_rain_forests           ,0.9465,-0.14253571611580404
Eastern_Himalayan_subalpine_conifer_forests,0.5677098900980762,Eastern_Himalayan_subalpine_conifer_forests,Khathiar_Gir_dry_deciduous_forests            ,0.9115,-0.14253571611580404
Eastern_Himalayan_subalpine_conifer_forests,0.5677098900980762,Eastern_Himalayan_subalpine_conifer_forests,Aravalli_west_thorn_scrub_forests             ,0.9146,-0.14253571611580404
Eastern_Himalayan_subalpine_conifer_forests,0.5677098900980762,Eastern_Himalayan_subalpine_conifer_forests,Maldives_Lakshadweep_Chagos_Archipelago_tropical_moist_forests,0.5157,-0.14253571611580404
Eastern_Himalayan_subalpine_conifer_forests,0.5677098900980762,Eastern_Himalayan_subalpine_conifer_forests,East_Deccan_moist_deciduous_forests           ,0.9262,-0.14253571611580404
Eastern_Himalayan_subalpine_conifer_forests,0.5677098900980762,Eastern_Himalayan_subalpine_conifer_forests,East_Deccan_dry_evergreen_forests             ,0.8531,-0.14253571611580404
Eastern_Himalayan_subalpine_conifer_forests,0.5677098900980762,Eastern_Himalayan_subalpine_conifer_forests,Central_Deccan_Plateau_dry_deciduous_forests  ,0.9179,-0.14253571611580404
Eastern_Himalayan_subalpine_conifer_forests,0.5677098900980762,Eastern_Himalayan_subalpine_conifer_forests,Eastern_Himalayan_broadleaf_forests           ,0.9674,-0.14253571611580404
Eastern_Himalayan_subalpine_conifer_forests,0.5677098900980762,Eastern_Himalayan_subalpine_conifer_forests,Central_Tibetan_Plateau_alpine_steppe         ,0.9526,-0.14253571611580404
Eastern_Himalayan_subalpine_conifer_forests,0.5677098900980762,Eastern_Himalayan_subalpine_conifer_forests,Terai_Duar_savanna_and_grasslands             ,0.9167,-0.14253571611580404
Eastern_Himalayan_subalpine_conifer_forests,0.5677098900980762,Eastern_Himalayan_subalpine_conifer_forests,Nicobar_Islands_rain_forests                  ,0.5889,-0.14253571611580404
Eastern_Himalayan_subalpine_conifer_forests,0.5677098900980762,Eastern_Himalayan_subalpine_conifer_forests,Eastern_Himalayan_alpine_shrub_and_meadows    ,0.9802,-0.14253571611580404
Eastern_Himalayan_subalpine_conifer_forests,0.5677098900980762,Eastern_Himalayan_subalpine_conifer_forests,North_Western_Ghats_montane_rain_forests      ,0.9046,-0.14253571611580404
Eastern_Himalayan_subalpine_conifer_forests,0.5677098900980762,Eastern_Himalayan_subalpine_conifer_forests,Chhota_Nagpur_dry_deciduous_forests           ,0.9279,-0.14253571611580404
Eastern_Himalayan_subalpine_conifer_forests,0.5677098900980762,Eastern_Himalayan_subalpine_conifer_forests,Rann_of_Kutch_seasonal_salt_marsh             ,0.8853,-0.14253571611580404
Eastern_Himalayan_subalpine_conifer_forests,0.5677098900980762,Eastern_Himalayan_subalpine_conifer_forests,Northwestern_Himalayan_alpine_shrub_and_meadows,0.9282,-0.14253571611580404
Eastern_Himalayan_subalpine_conifer_forests,0.5677098900980762,Eastern_Himalayan_subalpine_conifer_forests,Upper_Gangetic_Plains_moist_deciduous_forests ,0.9091,-0.14253571611580404
Eastern_Himalayan_subalpine_conifer_forests,0.5677098900980762,Eastern_Himalayan_subalpine_conifer_forests,North_Deccan_dry_deciduous_forests            ,0.9186,-0.14253571611580404
Eastern_Himalayan_subalpine_conifer_forests,0.5677098900980762,Eastern_Himalayan_subalpine_conifer_forests,Northeast_India_Myanmar_pine_forests          ,0.9625,-0.14253571611580404
Eastern_Himalayan_subalpine_conifer_forests,0.5677098900980762,Eastern_Himalayan_subalpine_conifer_forests,Sundarbans_mangroves                          ,0.8893,-0.14253571611580404
Eastern_Himalayan_subalpine_conifer_forests,0.5677098900980762,Eastern_Himalayan_subalpine_conifer_forests,Karakoram_West_Tibetan_Plateau_alpine_steppe  ,0.9428,-0.14253571611580404
Eastern_Himalayan_subalpine_conifer_forests,0.5677098900980762,Eastern_Himalayan_subalpine_conifer_forests,Baluchistan_xeric_woodlands                   ,0.9605,-0.14253571611580404
Eastern_Himalayan_subalpine_conifer_forests,0.5677098900980762,Eastern_Himalayan_subalpine_conifer_forests,Indus_River_Delta_Arabian_Sea_mangroves       ,0.8749,-0.14253571611580404
Eastern_Himalayan_subalpine_conifer_forests,0.5677098900980762,Eastern_Himalayan_subalpine_conifer_forests,Meghalaya_subtropical_forests                 ,0.9605,-0.14253571611580404
Eastern_Himalayan_subalpine_conifer_forests,0.5677098900980762,Eastern_Himalayan_subalpine_conifer_forests,Chin_Hills_Arakan_Yoma_montane_forests        ,0.9718,-0.14253571611580404
Eastern_Himalayan_subalpine_conifer_forests,0.5677098900980762,Eastern_Himalayan_subalpine_conifer_forests,North_Western_Ghats_moist_deciduous_forests   ,0.9029,-0.14253571611580404
Eastern_Himalayan_subalpine_conifer_forests,0.5677098900980762,Eastern_Himalayan_subalpine_conifer_forests,Northern_Triangle_temperate_forests           ,0.9562,-0.14253571611580404
Eastern_Himalayan_subalpine_conifer_forests,0.5677098900980762,Eastern_Himalayan_subalpine_conifer_forests,Malabar_Coast_moist_forests                   ,0.7868,-0.14253571611580404
Eastern_Himalayan_subalpine_conifer_forests,0.5677098900980762,Eastern_Himalayan_subalpine_conifer_forests,Andaman_Islands_rain_forests                  ,0.665,-0.14253571611580404
Eastern_Himalayan_subalpine_conifer_forests,0.5677098900980762,Eastern_Himalayan_subalpine_conifer_forests,Western_Himalayan_alpine_shrub_and_meadows    ,0.9601,-0.14253571611580404
Eastern_Himalayan_subalpine_conifer_forests,0.5677098900980762,Eastern_Himalayan_subalpine_conifer_forests,Eastern_Himalayan_subalpine_conifer_forests   ,1.0,-0.14253571611580404
Eastern_Himalayan_subalpine_conifer_forests,0.5677098900980762,Eastern_Himalayan_subalpine_conifer_forests,Deccan_thorn_scrub_forests                    ,0.8967,-0.14253571611580404
Eastern_Himalayan_subalpine_conifer_forests,0.5677098900980762,Eastern_Himalayan_subalpine_conifer_forests,Western_Himalayan_subalpine_conifer_forests   ,0.9615,-0.14253571611580404
Eastern_Himalayan_subalpine_conifer_forests,0.5677098900980762,Eastern_Himalayan_subalpine_conifer_forests,Lower_Gangetic_Plains_moist_deciduous_forests ,0.9174,-0.14253571611580404
Eastern_Himalayan_subalpine_conifer_forests,0.5677098900980762,Eastern_Himalayan_subalpine_conifer_forests,South_Western_Ghats_moist_deciduous_forests   ,0.8685,-0.14253571611580404
Eastern_Himalayan_subalpine_conifer_forests,0.5677098900980762,Eastern_Himalayan_subalpine_conifer_forests,Thar_desert                                   ,0.8697,-0.14253571611580404
Eastern_Himalayan_subalpine_conifer_forests,0.5677098900980762,Eastern_Himalayan_subalpine_conifer_forests,Godavari_Krishna_mangroves                    ,0.8601,-0.14253571611580404
Eastern_Himalayan_subalpine_conifer_forests,0.5677098900980762,Eastern_Himalayan_subalpine_conifer_forests,North_Tibetan_Plateau_Kunlun_Mountains_alpine_desert,0.9503,-0.14253571611580404
Eastern_Himalayan_subalpine_conifer_forests,0.5677098900980762,Eastern_Himalayan_subalpine_conifer_forests,Himalayan_subtropical_broadleaf_forests       ,0.966,-0.14253571611580404
Eastern_Himalayan_subalpine_conifer_forests,0.5677098900980762,Eastern_Himalayan_subalpine_conifer_forests,South_Deccan_Plateau_dry_deciduous_forests    ,0.915,-0.14253571611580404
Eastern_Himalayan_subalpine_conifer_forests,0.5677098900980762,Eastern_Himalayan_subalpine_conifer_forests,Orissa_semi_evergreen_forests                 ,0.8851,-0.14253571611580404
Eastern_Himalayan_subalpine_conifer_forests,0.5677098900980762,Eastern_Himalayan_subalpine_conifer_forests,Sundarbans_freshwater_swamp_forests           ,0.9048,-0.14253571611580404
Eastern_Himalayan_subalpine_conifer_forests,0.5677098900980762,Eastern_Himalayan_subalpine_conifer_forests,Himalayan_subtropical_pine_forests            ,0.938,-0.14253571611580404
Godavari_Krishna_mangroves,0.0876930812292249,Godavari_Krishna_mangroves,Brahmaputra_Valley_semi_evergreen_forests     ,0.886,-0.14253571611580404
Godavari_Krishna_mangroves,0.0876930812292249,Godavari_Krishna_mangroves,Western_Himalayan_broadleaf_forests           ,0.8683,-0.14253571611580404
Godavari_Krishna_mangroves,0.0876930812292249,Godavari_Krishna_mangroves,Northeast_Himalayan_subalpine_conifer_forests ,0.8136,-0.14253571611580404
Godavari_Krishna_mangroves,0.0876930812292249,Godavari_Krishna_mangroves,South_Western_Ghats_montane_rain_forests      ,0.8514,-0.14253571611580404
Godavari_Krishna_mangroves,0.0876930812292249,Godavari_Krishna_mangroves,Narmada_Valley_dry_deciduous_forests          ,0.9315,-0.14253571611580404
Godavari_Krishna_mangroves,0.0876930812292249,Godavari_Krishna_mangroves,Mizoram_Manipur_Kachin_rain_forests           ,0.9339,-0.14253571611580404
Godavari_Krishna_mangroves,0.0876930812292249,Godavari_Krishna_mangroves,Khathiar_Gir_dry_deciduous_forests            ,0.9424,-0.14253571611580404
Godavari_Krishna_mangroves,0.0876930812292249,Godavari_Krishna_mangroves,Aravalli_west_thorn_scrub_forests             ,0.9498,-0.14253571611580404
Godavari_Krishna_mangroves,0.0876930812292249,Godavari_Krishna_mangroves,Maldives_Lakshadweep_Chagos_Archipelago_tropical_moist_forests,0.7269,-0.14253571611580404
Godavari_Krishna_mangroves,0.0876930812292249,Godavari_Krishna_mangroves,East_Deccan_moist_deciduous_forests           ,0.9694,-0.14253571611580404
Godavari_Krishna_mangroves,0.0876930812292249,Godavari_Krishna_mangroves,East_Deccan_dry_evergreen_forests             ,0.9886,-0.14253571611580404
Godavari_Krishna_mangroves,0.0876930812292249,Godavari_Krishna_mangroves,Central_Deccan_Plateau_dry_deciduous_forests  ,0.9576,-0.14253571611580404
Godavari_Krishna_mangroves,0.0876930812292249,Godavari_Krishna_mangroves,Eastern_Himalayan_broadleaf_forests           ,0.9054,-0.14253571611580404
Godavari_Krishna_mangroves,0.0876930812292249,Godavari_Krishna_mangroves,Central_Tibetan_Plateau_alpine_steppe         ,0.7297,-0.14253571611580404
Godavari_Krishna_mangroves,0.0876930812292249,Godavari_Krishna_mangroves,Terai_Duar_savanna_and_grasslands             ,0.9302,-0.14253571611580404
Godavari_Krishna_mangroves,0.0876930812292249,Godavari_Krishna_mangroves,Nicobar_Islands_rain_forests                  ,0.7321,-0.14253571611580404
Godavari_Krishna_mangroves,0.0876930812292249,Godavari_Krishna_mangroves,Eastern_Himalayan_alpine_shrub_and_meadows    ,0.8437,-0.14253571611580404
Godavari_Krishna_mangroves,0.0876930812292249,Godavari_Krishna_mangroves,North_Western_Ghats_montane_rain_forests      ,0.8694,-0.14253571611580404
Godavari_Krishna_mangroves,0.0876930812292249,Godavari_Krishna_mangroves,Chhota_Nagpur_dry_deciduous_forests           ,0.9643,-0.14253571611580404
Godavari_Krishna_mangroves,0.0876930812292249,Godavari_Krishna_mangroves,Rann_of_Kutch_seasonal_salt_marsh             ,0.9373,-0.14253571611580404
Godavari_Krishna_mangroves,0.0876930812292249,Godavari_Krishna_mangroves,Northwestern_Himalayan_alpine_shrub_and_meadows,0.7596,-0.14253571611580404
Godavari_Krishna_mangroves,0.0876930812292249,Godavari_Krishna_mangroves,Upper_Gangetic_Plains_moist_deciduous_forests ,0.9698,-0.14253571611580404
Godavari_Krishna_mangroves,0.0876930812292249,Godavari_Krishna_mangroves,North_Deccan_dry_deciduous_forests            ,0.9561,-0.14253571611580404
Godavari_Krishna_mangroves,0.0876930812292249,Godavari_Krishna_mangroves,Northeast_India_Myanmar_pine_forests          ,0.7919,-0.14253571611580404
Godavari_Krishna_mangroves,0.0876930812292249,Godavari_Krishna_mangroves,Sundarbans_mangroves                          ,0.9018,-0.14253571611580404
Godavari_Krishna_mangroves,0.0876930812292249,Godavari_Krishna_mangroves,Karakoram_West_Tibetan_Plateau_alpine_steppe  ,0.7442,-0.14253571611580404
Godavari_Krishna_mangroves,0.0876930812292249,Godavari_Krishna_mangroves,Baluchistan_xeric_woodlands                   ,0.8926,-0.14253571611580404
Godavari_Krishna_mangroves,0.0876930812292249,Godavari_Krishna_mangroves,Indus_River_Delta_Arabian_Sea_mangroves       ,0.9417,-0.14253571611580404
Godavari_Krishna_mangroves,0.0876930812292249,Godavari_Krishna_mangroves,Meghalaya_subtropical_forests                 ,0.9156,-0.14253571611580404
Godavari_Krishna_mangroves,0.0876930812292249,Godavari_Krishna_mangroves,Chin_Hills_Arakan_Yoma_montane_forests        ,0.8994,-0.14253571611580404
Godavari_Krishna_mangroves,0.0876930812292249,Godavari_Krishna_mangroves,North_Western_Ghats_moist_deciduous_forests   ,0.9182,-0.14253571611580404
Godavari_Krishna_mangroves,0.0876930812292249,Godavari_Krishna_mangroves,Northern_Triangle_temperate_forests           ,0.7799,-0.14253571611580404
Godavari_Krishna_mangroves,0.0876930812292249,Godavari_Krishna_mangroves,Malabar_Coast_moist_forests                   ,0.8602,-0.14253571611580404
Godavari_Krishna_mangroves,0.0876930812292249,Godavari_Krishna_mangroves,Andaman_Islands_rain_forests                  ,0.7882,-0.14253571611580404
Godavari_Krishna_mangroves,0.0876930812292249,Godavari_Krishna_mangroves,Western_Himalayan_alpine_shrub_and_meadows    ,0.7533,-0.14253571611580404
Godavari_Krishna_mangroves,0.0876930812292249,Godavari_Krishna_mangroves,Eastern_Himalayan_subalpine_conifer_forests   ,0.8601,-0.14253571611580404
Godavari_Krishna_mangroves,0.0876930812292249,Godavari_Krishna_mangroves,Deccan_thorn_scrub_forests                    ,0.9624,-0.14253571611580404
Godavari_Krishna_mangroves,0.0876930812292249,Godavari_Krishna_mangroves,Western_Himalayan_subalpine_conifer_forests   ,0.8784,-0.14253571611580404
Godavari_Krishna_mangroves,0.0876930812292249,Godavari_Krishna_mangroves,Lower_Gangetic_Plains_moist_deciduous_forests ,0.9429,-0.14253571611580404
Godavari_Krishna_mangroves,0.0876930812292249,Godavari_Krishna_mangroves,South_Western_Ghats_moist_deciduous_forests   ,0.8964,-0.14253571611580404
Godavari_Krishna_mangroves,0.0876930812292249,Godavari_Krishna_mangroves,Thar_desert                                   ,0.9441,-0.14253571611580404
Godavari_Krishna_mangroves,0.0876930812292249,Godavari_Krishna_mangroves,Godavari_Krishna_mangroves                    ,1.0,-0.14253571611580404
Godavari_Krishna_mangroves,0.0876930812292249,Godavari_Krishna_mangroves,North_Tibetan_Plateau_Kunlun_Mountains_alpine_desert,0.7544,-0.14253571611580404
Godavari_Krishna_mangroves,0.0876930812292249,Godavari_Krishna_mangroves,Himalayan_subtropical_broadleaf_forests       ,0.9156,-0.14253571611580404
Godavari_Krishna_mangroves,0.0876930812292249,Godavari_Krishna_mangroves,South_Deccan_Plateau_dry_deciduous_forests    ,0.956,-0.14253571611580404
Godavari_Krishna_mangroves,0.0876930812292249,Godavari_Krishna_mangroves,Orissa_semi_evergreen_forests                 ,0.9736,-0.14253571611580404
Godavari_Krishna_mangroves,0.0876930812292249,Godavari_Krishna_mangroves,Sundarbans_freshwater_swamp_forests           ,0.9124,-0.14253571611580404
Godavari_Krishna_mangroves,0.0876930812292249,Godavari_Krishna_mangroves,Himalayan_subtropical_pine_forests            ,0.916,-0.14253571611580404
Himalayan_subtropical_pine_forests,0.3104759739663695,Himalayan_subtropical_pine_forests,Brahmaputra_Valley_semi_evergreen_forests     ,0.9406,-0.14253571611580404
Himalayan_subtropical_pine_forests,0.3104759739663695,Himalayan_subtropical_pine_forests,Western_Himalayan_broadleaf_forests           ,0.9775,-0.14253571611580404
Himalayan_subtropical_pine_forests,0.3104759739663695,Himalayan_subtropical_pine_forests,Northeast_Himalayan_subalpine_conifer_forests ,0.8833,-0.14253571611580404
Himalayan_subtropical_pine_forests,0.3104759739663695,Himalayan_subtropical_pine_forests,South_Western_Ghats_montane_rain_forests      ,0.9586,-0.14253571611580404
Himalayan_subtropical_pine_forests,0.3104759739663695,Himalayan_subtropical_pine_forests,Narmada_Valley_dry_deciduous_forests          ,0.9114,-0.14253571611580404
Himalayan_subtropical_pine_forests,0.3104759739663695,Himalayan_subtropical_pine_forests,Mizoram_Manipur_Kachin_rain_forests           ,0.9717,-0.14253571611580404
Himalayan_subtropical_pine_forests,0.3104759739663695,Himalayan_subtropical_pine_forests,Khathiar_Gir_dry_deciduous_forests            ,0.9088,-0.14253571611580404
Himalayan_subtropical_pine_forests,0.3104759739663695,Himalayan_subtropical_pine_forests,Aravalli_west_thorn_scrub_forests             ,0.9241,-0.14253571611580404
Himalayan_subtropical_pine_forests,0.3104759739663695,Himalayan_subtropical_pine_forests,Maldives_Lakshadweep_Chagos_Archipelago_tropical_moist_forests,0.7137,-0.14253571611580404
Himalayan_subtropical_pine_forests,0.3104759739663695,Himalayan_subtropical_pine_forests,East_Deccan_moist_deciduous_forests           ,0.95,-0.14253571611580404
Himalayan_subtropical_pine_forests,0.3104759739663695,Himalayan_subtropical_pine_forests,East_Deccan_dry_evergreen_forests             ,0.9291,-0.14253571611580404
Himalayan_subtropical_pine_forests,0.3104759739663695,Himalayan_subtropical_pine_forests,Central_Deccan_Plateau_dry_deciduous_forests  ,0.9322,-0.14253571611580404
Himalayan_subtropical_pine_forests,0.3104759739663695,Himalayan_subtropical_pine_forests,Eastern_Himalayan_broadleaf_forests           ,0.9872,-0.14253571611580404
Himalayan_subtropical_pine_forests,0.3104759739663695,Himalayan_subtropical_pine_forests,Central_Tibetan_Plateau_alpine_steppe         ,0.8105,-0.14253571611580404
Himalayan_subtropical_pine_forests,0.3104759739663695,Himalayan_subtropical_pine_forests,Terai_Duar_savanna_and_grasslands             ,0.9489,-0.14253571611580404
Himalayan_subtropical_pine_forests,0.3104759739663695,Himalayan_subtropical_pine_forests,Nicobar_Islands_rain_forests                  ,0.8054,-0.14253571611580404
Himalayan_subtropical_pine_forests,0.3104759739663695,Himalayan_subtropical_pine_forests,Eastern_Himalayan_alpine_shrub_and_meadows    ,0.8936,-0.14253571611580404
Himalayan_subtropical_pine_forests,0.3104759739663695,Himalayan_subtropical_pine_forests,North_Western_Ghats_montane_rain_forests      ,0.9248,-0.14253571611580404
Himalayan_subtropical_pine_forests,0.3104759739663695,Himalayan_subtropical_pine_forests,Chhota_Nagpur_dry_deciduous_forests           ,0.9384,-0.14253571611580404
Himalayan_subtropical_pine_forests,0.3104759739663695,Himalayan_subtropical_pine_forests,Rann_of_Kutch_seasonal_salt_marsh             ,0.8901,-0.14253571611580404
Himalayan_subtropical_pine_forests,0.3104759739663695,Himalayan_subtropical_pine_forests,Northwestern_Himalayan_alpine_shrub_and_meadows,0.8551,-0.14253571611580404
Himalayan_subtropical_pine_forests,0.3104759739663695,Himalayan_subtropical_pine_forests,Upper_Gangetic_Plains_moist_deciduous_forests ,0.9355,-0.14253571611580404
Himalayan_subtropical_pine_forests,0.3104759739663695,Himalayan_subtropical_pine_forests,North_Deccan_dry_deciduous_forests            ,0.9274,-0.14253571611580404
Himalayan_subtropical_pine_forests,0.3104759739663695,Himalayan_subtropical_pine_forests,Northeast_India_Myanmar_pine_forests          ,0.9181,-0.14253571611580404
Himalayan_subtropical_pine_forests,0.3104759739663695,Himalayan_subtropical_pine_forests,Sundarbans_mangroves                          ,0.9231,-0.14253571611580404
Himalayan_subtropical_pine_forests,0.3104759739663695,Himalayan_subtropical_pine_forests,Karakoram_West_Tibetan_Plateau_alpine_steppe  ,0.8177,-0.14253571611580404
Himalayan_subtropical_pine_forests,0.3104759739663695,Himalayan_subtropical_pine_forests,Baluchistan_xeric_woodlands                   ,0.9108,-0.14253571611580404
Himalayan_subtropical_pine_forests,0.3104759739663695,Himalayan_subtropical_pine_forests,Indus_River_Delta_Arabian_Sea_mangroves       ,0.9142,-0.14253571611580404
Himalayan_subtropical_pine_forests,0.3104759739663695,Himalayan_subtropical_pine_forests,Meghalaya_subtropical_forests                 ,0.965,-0.14253571611580404
Himalayan_subtropical_pine_forests,0.3104759739663695,Himalayan_subtropical_pine_forests,Chin_Hills_Arakan_Yoma_montane_forests        ,0.9527,-0.14253571611580404
Himalayan_subtropical_pine_forests,0.3104759739663695,Himalayan_subtropical_pine_forests,North_Western_Ghats_moist_deciduous_forests   ,0.9422,-0.14253571611580404
Himalayan_subtropical_pine_forests,0.3104759739663695,Himalayan_subtropical_pine_forests,Northern_Triangle_temperate_forests           ,0.9205,-0.14253571611580404
Himalayan_subtropical_pine_forests,0.3104759739663695,Himalayan_subtropical_pine_forests,Malabar_Coast_moist_forests                   ,0.9095,-0.14253571611580404
Himalayan_subtropical_pine_forests,0.3104759739663695,Himalayan_subtropical_pine_forests,Andaman_Islands_rain_forests                  ,0.854,-0.14253571611580404
Himalayan_subtropical_pine_forests,0.3104759739663695,Himalayan_subtropical_pine_forests,Western_Himalayan_alpine_shrub_and_meadows    ,0.8823,-0.14253571611580404
Himalayan_subtropical_pine_forests,0.3104759739663695,Himalayan_subtropical_pine_forests,Eastern_Himalayan_subalpine_conifer_forests   ,0.938,-0.14253571611580404
Himalayan_subtropical_pine_forests,0.3104759739663695,Himalayan_subtropical_pine_forests,Deccan_thorn_scrub_forests                    ,0.9426,-0.14253571611580404
Himalayan_subtropical_pine_forests,0.3104759739663695,Himalayan_subtropical_pine_forests,Western_Himalayan_subalpine_conifer_forests   ,0.9679,-0.14253571611580404
Himalayan_subtropical_pine_forests,0.3104759739663695,Himalayan_subtropical_pine_forests,Lower_Gangetic_Plains_moist_deciduous_forests ,0.9563,-0.14253571611580404
Himalayan_subtropical_pine_forests,0.3104759739663695,Himalayan_subtropical_pine_forests,South_Western_Ghats_moist_deciduous_forests   ,0.9556,-0.14253571611580404
Himalayan_subtropical_pine_forests,0.3104759739663695,Himalayan_subtropical_pine_forests,Thar_desert                                   ,0.879,-0.14253571611580404
Himalayan_subtropical_pine_forests,0.3104759739663695,Himalayan_subtropical_pine_forests,Godavari_Krishna_mangroves                    ,0.916,-0.14253571611580404
Himalayan_subtropical_pine_forests,0.3104759739663695,Himalayan_subtropical_pine_forests,North_Tibetan_Plateau_Kunlun_Mountains_alpine_desert,0.8102,-0.14253571611580404
Himalayan_subtropical_pine_forests,0.3104759739663695,Himalayan_subtropical_pine_forests,Himalayan_subtropical_broadleaf_forests       ,0.9735,-0.14253571611580404
Himalayan_subtropical_pine_forests,0.3104759739663695,Himalayan_subtropical_pine_forests,South_Deccan_Plateau_dry_deciduous_forests    ,0.9464,-0.14253571611580404
Himalayan_subtropical_pine_forests,0.3104759739663695,Himalayan_subtropical_pine_forests,Orissa_semi_evergreen_forests                 ,0.9332,-0.14253571611580404
Himalayan_subtropical_pine_forests,0.3104759739663695,Himalayan_subtropical_pine_forests,Sundarbans_freshwater_swamp_forests           ,0.9281,-0.14253571611580404
Himalayan_subtropical_pine_forests,0.3104759739663695,Himalayan_subtropical_pine_forests,Himalayan_subtropical_pine_forests            ,1.0,-0.14253571611580404
Khathiar_Gir_dry_deciduous_forests,0.0155112759530419,Khathiar_Gir_dry_deciduous_forests,Brahmaputra_Valley_semi_evergreen_forests     ,0.901,-0.14253571611580404
Khathiar_Gir_dry_deciduous_forests,0.0155112759530419,Khathiar_Gir_dry_deciduous_forests,Western_Himalayan_broadleaf_forests           ,0.8695,-0.14253571611580404
Khathiar_Gir_dry_deciduous_forests,0.0155112759530419,Khathiar_Gir_dry_deciduous_forests,Northeast_Himalayan_subalpine_conifer_forests ,0.8869,-0.14253571611580404
Khathiar_Gir_dry_deciduous_forests,0.0155112759530419,Khathiar_Gir_dry_deciduous_forests,South_Western_Ghats_montane_rain_forests      ,0.8457,-0.14253571611580404
Khathiar_Gir_dry_deciduous_forests,0.0155112759530419,Khathiar_Gir_dry_deciduous_forests,Narmada_Valley_dry_deciduous_forests          ,0.9954,-0.14253571611580404
Khathiar_Gir_dry_deciduous_forests,0.0155112759530419,Khathiar_Gir_dry_deciduous_forests,Mizoram_Manipur_Kachin_rain_forests           ,0.9305,-0.14253571611580404
Khathiar_Gir_dry_deciduous_forests,0.0155112759530419,Khathiar_Gir_dry_deciduous_forests,Khathiar_Gir_dry_deciduous_forests            ,1.0,-0.14253571611580404
Khathiar_Gir_dry_deciduous_forests,0.0155112759530419,Khathiar_Gir_dry_deciduous_forests,Aravalli_west_thorn_scrub_forests             ,0.9821,-0.14253571611580404
Khathiar_Gir_dry_deciduous_forests,0.0155112759530419,Khathiar_Gir_dry_deciduous_forests,Maldives_Lakshadweep_Chagos_Archipelago_tropical_moist_forests,0.5896,-0.14253571611580404
Khathiar_Gir_dry_deciduous_forests,0.0155112759530419,Khathiar_Gir_dry_deciduous_forests,East_Deccan_moist_deciduous_forests           ,0.984,-0.14253571611580404
Khathiar_Gir_dry_deciduous_forests,0.0155112759530419,Khathiar_Gir_dry_deciduous_forests,East_Deccan_dry_evergreen_forests             ,0.9229,-0.14253571611580404
Khathiar_Gir_dry_deciduous_forests,0.0155112759530419,Khathiar_Gir_dry_deciduous_forests,Central_Deccan_Plateau_dry_deciduous_forests  ,0.986,-0.14253571611580404
Khathiar_Gir_dry_deciduous_forests,0.0155112759530419,Khathiar_Gir_dry_deciduous_forests,Eastern_Himalayan_broadleaf_forests           ,0.9113,-0.14253571611580404
Khathiar_Gir_dry_deciduous_forests,0.0155112759530419,Khathiar_Gir_dry_deciduous_forests,Central_Tibetan_Plateau_alpine_steppe         ,0.8343,-0.14253571611580404
Khathiar_Gir_dry_deciduous_forests,0.0155112759530419,Khathiar_Gir_dry_deciduous_forests,Terai_Duar_savanna_and_grasslands             ,0.9501,-0.14253571611580404
Khathiar_Gir_dry_deciduous_forests,0.0155112759530419,Khathiar_Gir_dry_deciduous_forests,Nicobar_Islands_rain_forests                  ,0.5976,-0.14253571611580404
Khathiar_Gir_dry_deciduous_forests,0.0155112759530419,Khathiar_Gir_dry_deciduous_forests,Eastern_Himalayan_alpine_shrub_and_meadows    ,0.9135,-0.14253571611580404
Khathiar_Gir_dry_deciduous_forests,0.0155112759530419,Khathiar_Gir_dry_deciduous_forests,North_Western_Ghats_montane_rain_forests      ,0.9205,-0.14253571611580404
Khathiar_Gir_dry_deciduous_forests,0.0155112759530419,Khathiar_Gir_dry_deciduous_forests,Chhota_Nagpur_dry_deciduous_forests           ,0.9892,-0.14253571611580404
Khathiar_Gir_dry_deciduous_forests,0.0155112759530419,Khathiar_Gir_dry_deciduous_forests,Rann_of_Kutch_seasonal_salt_marsh             ,0.9902,-0.14253571611580404
Khathiar_Gir_dry_deciduous_forests,0.0155112759530419,Khathiar_Gir_dry_deciduous_forests,Northwestern_Himalayan_alpine_shrub_and_meadows,0.791,-0.14253571611580404
Khathiar_Gir_dry_deciduous_forests,0.0155112759530419,Khathiar_Gir_dry_deciduous_forests,Upper_Gangetic_Plains_moist_deciduous_forests ,0.989,-0.14253571611580404
Khathiar_Gir_dry_deciduous_forests,0.0155112759530419,Khathiar_Gir_dry_deciduous_forests,North_Deccan_dry_deciduous_forests            ,0.9807,-0.14253571611580404
Khathiar_Gir_dry_deciduous_forests,0.0155112759530419,Khathiar_Gir_dry_deciduous_forests,Northeast_India_Myanmar_pine_forests          ,0.8331,-0.14253571611580404
Khathiar_Gir_dry_deciduous_forests,0.0155112759530419,Khathiar_Gir_dry_deciduous_forests,Sundarbans_mangroves                          ,0.9242,-0.14253571611580404
Khathiar_Gir_dry_deciduous_forests,0.0155112759530419,Khathiar_Gir_dry_deciduous_forests,Karakoram_West_Tibetan_Plateau_alpine_steppe  ,0.8194,-0.14253571611580404
Khathiar_Gir_dry_deciduous_forests,0.0155112759530419,Khathiar_Gir_dry_deciduous_forests,Baluchistan_xeric_woodlands                   ,0.9406,-0.14253571611580404
Khathiar_Gir_dry_deciduous_forests,0.0155112759530419,Khathiar_Gir_dry_deciduous_forests,Indus_River_Delta_Arabian_Sea_mangroves       ,0.9554,-0.14253571611580404
Khathiar_Gir_dry_deciduous_forests,0.0155112759530419,Khathiar_Gir_dry_deciduous_forests,Meghalaya_subtropical_forests                 ,0.9363,-0.14253571611580404
Khathiar_Gir_dry_deciduous_forests,0.0155112759530419,Khathiar_Gir_dry_deciduous_forests,Chin_Hills_Arakan_Yoma_montane_forests        ,0.9169,-0.14253571611580404
Khathiar_Gir_dry_deciduous_forests,0.0155112759530419,Khathiar_Gir_dry_deciduous_forests,North_Western_Ghats_moist_deciduous_forests   ,0.9469,-0.14253571611580404
Khathiar_Gir_dry_deciduous_forests,0.0155112759530419,Khathiar_Gir_dry_deciduous_forests,Northern_Triangle_temperate_forests           ,0.8247,-0.14253571611580404
Khathiar_Gir_dry_deciduous_forests,0.0155112759530419,Khathiar_Gir_dry_deciduous_forests,Malabar_Coast_moist_forests                   ,0.8237,-0.14253571611580404
Khathiar_Gir_dry_deciduous_forests,0.0155112759530419,Khathiar_Gir_dry_deciduous_forests,Andaman_Islands_rain_forests                  ,0.6765,-0.14253571611580404
Khathiar_Gir_dry_deciduous_forests,0.0155112759530419,Khathiar_Gir_dry_deciduous_forests,Western_Himalayan_alpine_shrub_and_meadows    ,0.8163,-0.14253571611580404
Khathiar_Gir_dry_deciduous_forests,0.0155112759530419,Khathiar_Gir_dry_deciduous_forests,Eastern_Himalayan_subalpine_conifer_forests   ,0.9115,-0.14253571611580404
Khathiar_Gir_dry_deciduous_forests,0.0155112759530419,Khathiar_Gir_dry_deciduous_forests,Deccan_thorn_scrub_forests                    ,0.9547,-0.14253571611580404
Khathiar_Gir_dry_deciduous_forests,0.0155112759530419,Khathiar_Gir_dry_deciduous_forests,Western_Himalayan_subalpine_conifer_forests   ,0.8832,-0.14253571611580404
Khathiar_Gir_dry_deciduous_forests,0.0155112759530419,Khathiar_Gir_dry_deciduous_forests,Lower_Gangetic_Plains_moist_deciduous_forests ,0.9605,-0.14253571611580404
Khathiar_Gir_dry_deciduous_forests,0.0155112759530419,Khathiar_Gir_dry_deciduous_forests,South_Western_Ghats_moist_deciduous_forests   ,0.8698,-0.14253571611580404
Khathiar_Gir_dry_deciduous_forests,0.0155112759530419,Khathiar_Gir_dry_deciduous_forests,Thar_desert                                   ,0.9711,-0.14253571611580404
Khathiar_Gir_dry_deciduous_forests,0.0155112759530419,Khathiar_Gir_dry_deciduous_forests,Godavari_Krishna_mangroves                    ,0.9424,-0.14253571611580404
Khathiar_Gir_dry_deciduous_forests,0.0155112759530419,Khathiar_Gir_dry_deciduous_forests,North_Tibetan_Plateau_Kunlun_Mountains_alpine_desert,0.8556,-0.14253571611580404
Khathiar_Gir_dry_deciduous_forests,0.0155112759530419,Khathiar_Gir_dry_deciduous_forests,Himalayan_subtropical_broadleaf_forests       ,0.9409,-0.14253571611580404
Khathiar_Gir_dry_deciduous_forests,0.0155112759530419,Khathiar_Gir_dry_deciduous_forests,South_Deccan_Plateau_dry_deciduous_forests    ,0.946,-0.14253571611580404
Khathiar_Gir_dry_deciduous_forests,0.0155112759530419,Khathiar_Gir_dry_deciduous_forests,Orissa_semi_evergreen_forests                 ,0.9556,-0.14253571611580404
Khathiar_Gir_dry_deciduous_forests,0.0155112759530419,Khathiar_Gir_dry_deciduous_forests,Sundarbans_freshwater_swamp_forests           ,0.9474,-0.14253571611580404
Khathiar_Gir_dry_deciduous_forests,0.0155112759530419,Khathiar_Gir_dry_deciduous_forests,Himalayan_subtropical_pine_forests            ,0.9088,-0.14253571611580404
Northeast_Himalayan_subalpine_conifer_forests,0.641440121703452,Northeast_Himalayan_subalpine_conifer_forests,Brahmaputra_Valley_semi_evergreen_forests     ,0.8647,-0.14253571611580404
Northeast_Himalayan_subalpine_conifer_forests,0.641440121703452,Northeast_Himalayan_subalpine_conifer_forests,Western_Himalayan_broadleaf_forests           ,0.9139,-0.14253571611580404
Northeast_Himalayan_subalpine_conifer_forests,0.641440121703452,Northeast_Himalayan_subalpine_conifer_forests,Northeast_Himalayan_subalpine_conifer_forests ,1.0,-0.14253571611580404
Northeast_Himalayan_subalpine_conifer_forests,0.641440121703452,Northeast_Himalayan_subalpine_conifer_forests,South_Western_Ghats_montane_rain_forests      ,0.8252,-0.14253571611580404
Northeast_Himalayan_subalpine_conifer_forests,0.641440121703452,Northeast_Himalayan_subalpine_conifer_forests,Narmada_Valley_dry_deciduous_forests          ,0.8983,-0.14253571611580404
Northeast_Himalayan_subalpine_conifer_forests,0.641440121703452,Northeast_Himalayan_subalpine_conifer_forests,Mizoram_Manipur_Kachin_rain_forests           ,0.8977,-0.14253571611580404
Northeast_Himalayan_subalpine_conifer_forests,0.641440121703452,Northeast_Himalayan_subalpine_conifer_forests,Khathiar_Gir_dry_deciduous_forests            ,0.8869,-0.14253571611580404
Northeast_Himalayan_subalpine_conifer_forests,0.641440121703452,Northeast_Himalayan_subalpine_conifer_forests,Aravalli_west_thorn_scrub_forests             ,0.8796,-0.14253571611580404
Northeast_Himalayan_subalpine_conifer_forests,0.641440121703452,Northeast_Himalayan_subalpine_conifer_forests,Maldives_Lakshadweep_Chagos_Archipelago_tropical_moist_forests,0.4389,-0.14253571611580404
Northeast_Himalayan_subalpine_conifer_forests,0.641440121703452,Northeast_Himalayan_subalpine_conifer_forests,East_Deccan_moist_deciduous_forests           ,0.8888,-0.14253571611580404
Northeast_Himalayan_subalpine_conifer_forests,0.641440121703452,Northeast_Himalayan_subalpine_conifer_forests,East_Deccan_dry_evergreen_forests             ,0.8012,-0.14253571611580404
Northeast_Himalayan_subalpine_conifer_forests,0.641440121703452,Northeast_Himalayan_subalpine_conifer_forests,Central_Deccan_Plateau_dry_deciduous_forests  ,0.8842,-0.14253571611580404
Northeast_Himalayan_subalpine_conifer_forests,0.641440121703452,Northeast_Himalayan_subalpine_conifer_forests,Eastern_Himalayan_broadleaf_forests           ,0.9219,-0.14253571611580404
Northeast_Himalayan_subalpine_conifer_forests,0.641440121703452,Northeast_Himalayan_subalpine_conifer_forests,Central_Tibetan_Plateau_alpine_steppe         ,0.9835,-0.14253571611580404
Northeast_Himalayan_subalpine_conifer_forests,0.641440121703452,Northeast_Himalayan_subalpine_conifer_forests,Terai_Duar_savanna_and_grasslands             ,0.8645,-0.14253571611580404
Northeast_Himalayan_subalpine_conifer_forests,0.641440121703452,Northeast_Himalayan_subalpine_conifer_forests,Nicobar_Islands_rain_forests                  ,0.4937,-0.14253571611580404
Northeast_Himalayan_subalpine_conifer_forests,0.641440121703452,Northeast_Himalayan_subalpine_conifer_forests,Eastern_Himalayan_alpine_shrub_and_meadows    ,0.9867,-0.14253571611580404
Northeast_Himalayan_subalpine_conifer_forests,0.641440121703452,Northeast_Himalayan_subalpine_conifer_forests,North_Western_Ghats_montane_rain_forests      ,0.8652,-0.14253571611580404
Northeast_Himalayan_subalpine_conifer_forests,0.641440121703452,Northeast_Himalayan_subalpine_conifer_forests,Chhota_Nagpur_dry_deciduous_forests           ,0.8947,-0.14253571611580404
Northeast_Himalayan_subalpine_conifer_forests,0.641440121703452,Northeast_Himalayan_subalpine_conifer_forests,Rann_of_Kutch_seasonal_salt_marsh             ,0.855,-0.14253571611580404
Northeast_Himalayan_subalpine_conifer_forests,0.641440121703452,Northeast_Himalayan_subalpine_conifer_forests,Northwestern_Himalayan_alpine_shrub_and_meadows,0.9347,-0.14253571611580404
Northeast_Himalayan_subalpine_conifer_forests,0.641440121703452,Northeast_Himalayan_subalpine_conifer_forests,Upper_Gangetic_Plains_moist_deciduous_forests ,0.8709,-0.14253571611580404
Northeast_Himalayan_subalpine_conifer_forests,0.641440121703452,Northeast_Himalayan_subalpine_conifer_forests,North_Deccan_dry_deciduous_forests            ,0.8841,-0.14253571611580404
Northeast_Himalayan_subalpine_conifer_forests,0.641440121703452,Northeast_Himalayan_subalpine_conifer_forests,Northeast_India_Myanmar_pine_forests          ,0.9377,-0.14253571611580404
Northeast_Himalayan_subalpine_conifer_forests,0.641440121703452,Northeast_Himalayan_subalpine_conifer_forests,Sundarbans_mangroves                          ,0.8368,-0.14253571611580404
Northeast_Himalayan_subalpine_conifer_forests,0.641440121703452,Northeast_Himalayan_subalpine_conifer_forests,Karakoram_West_Tibetan_Plateau_alpine_steppe  ,0.9678,-0.14253571611580404
Northeast_Himalayan_subalpine_conifer_forests,0.641440121703452,Northeast_Himalayan_subalpine_conifer_forests,Baluchistan_xeric_woodlands                   ,0.9516,-0.14253571611580404
Northeast_Himalayan_subalpine_conifer_forests,0.641440121703452,Northeast_Himalayan_subalpine_conifer_forests,Indus_River_Delta_Arabian_Sea_mangroves       ,0.831,-0.14253571611580404
Northeast_Himalayan_subalpine_conifer_forests,0.641440121703452,Northeast_Himalayan_subalpine_conifer_forests,Meghalaya_subtropical_forests                 ,0.9185,-0.14253571611580404
Northeast_Himalayan_subalpine_conifer_forests,0.641440121703452,Northeast_Himalayan_subalpine_conifer_forests,Chin_Hills_Arakan_Yoma_montane_forests        ,0.9402,-0.14253571611580404
Northeast_Himalayan_subalpine_conifer_forests,0.641440121703452,Northeast_Himalayan_subalpine_conifer_forests,North_Western_Ghats_moist_deciduous_forests   ,0.8566,-0.14253571611580404
Northeast_Himalayan_subalpine_conifer_forests,0.641440121703452,Northeast_Himalayan_subalpine_conifer_forests,Northern_Triangle_temperate_forests           ,0.928,-0.14253571611580404
Northeast_Himalayan_subalpine_conifer_forests,0.641440121703452,Northeast_Himalayan_subalpine_conifer_forests,Malabar_Coast_moist_forests                   ,0.71,-0.14253571611580404
Northeast_Himalayan_subalpine_conifer_forests,0.641440121703452,Northeast_Himalayan_subalpine_conifer_forests,Andaman_Islands_rain_forests                  ,0.5675,-0.14253571611580404
Northeast_Himalayan_subalpine_conifer_forests,0.641440121703452,Northeast_Himalayan_subalpine_conifer_forests,Western_Himalayan_alpine_shrub_and_meadows    ,0.9646,-0.14253571611580404
Northeast_Himalayan_subalpine_conifer_forests,0.641440121703452,Northeast_Himalayan_subalpine_conifer_forests,Eastern_Himalayan_subalpine_conifer_forests   ,0.9888,-0.14253571611580404
Northeast_Himalayan_subalpine_conifer_forests,0.641440121703452,Northeast_Himalayan_subalpine_conifer_forests,Deccan_thorn_scrub_forests                    ,0.8537,-0.14253571611580404
Northeast_Himalayan_subalpine_conifer_forests,0.641440121703452,Northeast_Himalayan_subalpine_conifer_forests,Western_Himalayan_subalpine_conifer_forests   ,0.9309,-0.14253571611580404
Northeast_Himalayan_subalpine_conifer_forests,0.641440121703452,Northeast_Himalayan_subalpine_conifer_forests,Lower_Gangetic_Plains_moist_deciduous_forests ,0.8633,-0.14253571611580404
Northeast_Himalayan_subalpine_conifer_forests,0.641440121703452,Northeast_Himalayan_subalpine_conifer_forests,South_Western_Ghats_moist_deciduous_forests   ,0.8112,-0.14253571611580404
Northeast_Himalayan_subalpine_conifer_forests,0.641440121703452,Northeast_Himalayan_subalpine_conifer_forests,Thar_desert                                   ,0.8395,-0.14253571611580404
Northeast_Himalayan_subalpine_conifer_forests,0.641440121703452,Northeast_Himalayan_subalpine_conifer_forests,Godavari_Krishna_mangroves                    ,0.8136,-0.14253571611580404
Northeast_Himalayan_subalpine_conifer_forests,0.641440121703452,Northeast_Himalayan_subalpine_conifer_forests,North_Tibetan_Plateau_Kunlun_Mountains_alpine_desert,0.9813,-0.14253571611580404
Northeast_Himalayan_subalpine_conifer_forests,0.641440121703452,Northeast_Himalayan_subalpine_conifer_forests,Himalayan_subtropical_broadleaf_forests       ,0.9261,-0.14253571611580404
Northeast_Himalayan_subalpine_conifer_forests,0.641440121703452,Northeast_Himalayan_subalpine_conifer_forests,South_Deccan_Plateau_dry_deciduous_forests    ,0.8796,-0.14253571611580404
Northeast_Himalayan_subalpine_conifer_forests,0.641440121703452,Northeast_Himalayan_subalpine_conifer_forests,Orissa_semi_evergreen_forests                 ,0.8345,-0.14253571611580404
Northeast_Himalayan_subalpine_conifer_forests,0.641440121703452,Northeast_Himalayan_subalpine_conifer_forests,Sundarbans_freshwater_swamp_forests           ,0.8558,-0.14253571611580404
Northeast_Himalayan_subalpine_conifer_forests,0.641440121703452,Northeast_Himalayan_subalpine_conifer_forests,Himalayan_subtropical_pine_forests            ,0.8833,-0.14253571611580404
Meghalaya_subtropical_forests,0.4617693751112792,Meghalaya_subtropical_forests,Brahmaputra_Valley_semi_evergreen_forests     ,0.9815,-0.14253571611580404
Meghalaya_subtropical_forests,0.4617693751112792,Meghalaya_subtropical_forests,Western_Himalayan_broadleaf_forests           ,0.943,-0.14253571611580404
Meghalaya_subtropical_forests,0.4617693751112792,Meghalaya_subtropical_forests,Northeast_Himalayan_subalpine_conifer_forests ,0.9185,-0.14253571611580404
Meghalaya_subtropical_forests,0.4617693751112792,Meghalaya_subtropical_forests,South_Western_Ghats_montane_rain_forests      ,0.9015,-0.14253571611580404
Meghalaya_subtropical_forests,0.4617693751112792,Meghalaya_subtropical_forests,Narmada_Valley_dry_deciduous_forests          ,0.9397,-0.14253571611580404
Meghalaya_subtropical_forests,0.4617693751112792,Meghalaya_subtropical_forests,Mizoram_Manipur_Kachin_rain_forests           ,0.988,-0.14253571611580404
Meghalaya_subtropical_forests,0.4617693751112792,Meghalaya_subtropical_forests,Khathiar_Gir_dry_deciduous_forests            ,0.9363,-0.14253571611580404
Meghalaya_subtropical_forests,0.4617693751112792,Meghalaya_subtropical_forests,Aravalli_west_thorn_scrub_forests             ,0.9411,-0.14253571611580404
Meghalaya_subtropical_forests,0.4617693751112792,Meghalaya_subtropical_forests,Maldives_Lakshadweep_Chagos_Archipelago_tropical_moist_forests,0.6147,-0.14253571611580404
Meghalaya_subtropical_forests,0.4617693751112792,Meghalaya_subtropical_forests,East_Deccan_moist_deciduous_forests           ,0.9559,-0.14253571611580404
Meghalaya_subtropical_forests,0.4617693751112792,Meghalaya_subtropical_forests,East_Deccan_dry_evergreen_forests             ,0.905,-0.14253571611580404
Meghalaya_subtropical_forests,0.4617693751112792,Meghalaya_subtropical_forests,Central_Deccan_Plateau_dry_deciduous_forests  ,0.9463,-0.14253571611580404
Meghalaya_subtropical_forests,0.4617693751112792,Meghalaya_subtropical_forests,Eastern_Himalayan_broadleaf_forests           ,0.9829,-0.14253571611580404
Meghalaya_subtropical_forests,0.4617693751112792,Meghalaya_subtropical_forests,Central_Tibetan_Plateau_alpine_steppe         ,0.8526,-0.14253571611580404
Meghalaya_subtropical_forests,0.4617693751112792,Meghalaya_subtropical_forests,Terai_Duar_savanna_and_grasslands             ,0.9674,-0.14253571611580404
Meghalaya_subtropical_forests,0.4617693751112792,Meghalaya_subtropical_forests,Nicobar_Islands_rain_forests                  ,0.6677,-0.14253571611580404
Meghalaya_subtropical_forests,0.4617693751112792,Meghalaya_subtropical_forests,Eastern_Himalayan_alpine_shrub_and_meadows    ,0.9273,-0.14253571611580404
Meghalaya_subtropical_forests,0.4617693751112792,Meghalaya_subtropical_forests,North_Western_Ghats_montane_rain_forests      ,0.9255,-0.14253571611580404
Meghalaya_subtropical_forests,0.4617693751112792,Meghalaya_subtropical_forests,Chhota_Nagpur_dry_deciduous_forests           ,0.9603,-0.14253571611580404
Meghalaya_subtropical_forests,0.4617693751112792,Meghalaya_subtropical_forests,Rann_of_Kutch_seasonal_salt_marsh             ,0.9195,-0.14253571611580404
Meghalaya_subtropical_forests,0.4617693751112792,Meghalaya_subtropical_forests,Northwestern_Himalayan_alpine_shrub_and_meadows,0.868,-0.14253571611580404
Meghalaya_subtropical_forests,0.4617693751112792,Meghalaya_subtropical_forests,Upper_Gangetic_Plains_moist_deciduous_forests ,0.9483,-0.14253571611580404
Meghalaya_subtropical_forests,0.4617693751112792,Meghalaya_subtropical_forests,North_Deccan_dry_deciduous_forests            ,0.9596,-0.14253571611580404
Meghalaya_subtropical_forests,0.4617693751112792,Meghalaya_subtropical_forests,Northeast_India_Myanmar_pine_forests          ,0.941,-0.14253571611580404
Meghalaya_subtropical_forests,0.4617693751112792,Meghalaya_subtropical_forests,Sundarbans_mangroves                          ,0.968,-0.14253571611580404
Meghalaya_subtropical_forests,0.4617693751112792,Meghalaya_subtropical_forests,Karakoram_West_Tibetan_Plateau_alpine_steppe  ,0.8595,-0.14253571611580404
Meghalaya_subtropical_forests,0.4617693751112792,Meghalaya_subtropical_forests,Baluchistan_xeric_woodlands                   ,0.9335,-0.14253571611580404
Meghalaya_subtropical_forests,0.4617693751112792,Meghalaya_subtropical_forests,Indus_River_Delta_Arabian_Sea_mangroves       ,0.8972,-0.14253571611580404
Meghalaya_subtropical_forests,0.4617693751112792,Meghalaya_subtropical_forests,Meghalaya_subtropical_forests                 ,1.0,-0.14253571611580404
Meghalaya_subtropical_forests,0.4617693751112792,Meghalaya_subtropical_forests,Chin_Hills_Arakan_Yoma_montane_forests        ,0.9694,-0.14253571611580404
Meghalaya_subtropical_forests,0.4617693751112792,Meghalaya_subtropical_forests,North_Western_Ghats_moist_deciduous_forests   ,0.9357,-0.14253571611580404
Meghalaya_subtropical_forests,0.4617693751112792,Meghalaya_subtropical_forests,Northern_Triangle_temperate_forests           ,0.9469,-0.14253571611580404
Meghalaya_subtropical_forests,0.4617693751112792,Meghalaya_subtropical_forests,Malabar_Coast_moist_forests                   ,0.8527,-0.14253571611580404
Meghalaya_subtropical_forests,0.4617693751112792,Meghalaya_subtropical_forests,Andaman_Islands_rain_forests                  ,0.7485,-0.14253571611580404
Meghalaya_subtropical_forests,0.4617693751112792,Meghalaya_subtropical_forests,Western_Himalayan_alpine_shrub_and_meadows    ,0.8868,-0.14253571611580404
Meghalaya_subtropical_forests,0.4617693751112792,Meghalaya_subtropical_forests,Eastern_Himalayan_subalpine_conifer_forests   ,0.9605,-0.14253571611580404
Meghalaya_subtropical_forests,0.4617693751112792,Meghalaya_subtropical_forests,Deccan_thorn_scrub_forests                    ,0.9201,-0.14253571611580404
Meghalaya_subtropical_forests,0.4617693751112792,Meghalaya_subtropical_forests,Western_Himalayan_subalpine_conifer_forests   ,0.9452,-0.14253571611580404
Meghalaya_subtropical_forests,0.4617693751112792,Meghalaya_subtropical_forests,Lower_Gangetic_Plains_moist_deciduous_forests ,0.9708,-0.14253571611580404
Meghalaya_subtropical_forests,0.4617693751112792,Meghalaya_subtropical_forests,South_Western_Ghats_moist_deciduous_forests   ,0.8973,-0.14253571611580404
Meghalaya_subtropical_forests,0.4617693751112792,Meghalaya_subtropical_forests,Thar_desert                                   ,0.9063,-0.14253571611580404
Meghalaya_subtropical_forests,0.4617693751112792,Meghalaya_subtropical_forests,Godavari_Krishna_mangroves                    ,0.9156,-0.14253571611580404
Meghalaya_subtropical_forests,0.4617693751112792,Meghalaya_subtropical_forests,North_Tibetan_Plateau_Kunlun_Mountains_alpine_desert,0.858,-0.14253571611580404
Meghalaya_subtropical_forests,0.4617693751112792,Meghalaya_subtropical_forests,Himalayan_subtropical_broadleaf_forests       ,0.9834,-0.14253571611580404
Meghalaya_subtropical_forests,0.4617693751112792,Meghalaya_subtropical_forests,South_Deccan_Plateau_dry_deciduous_forests    ,0.9303,-0.14253571611580404
Meghalaya_subtropical_forests,0.4617693751112792,Meghalaya_subtropical_forests,Orissa_semi_evergreen_forests                 ,0.95,-0.14253571611580404
Meghalaya_subtropical_forests,0.4617693751112792,Meghalaya_subtropical_forests,Sundarbans_freshwater_swamp_forests           ,0.9686,-0.14253571611580404
Meghalaya_subtropical_forests,0.4617693751112792,Meghalaya_subtropical_forests,Himalayan_subtropical_pine_forests            ,0.965,-0.14253571611580404
Lower_Gangetic_Plains_moist_deciduous_forests,0.1423092119088622,Lower_Gangetic_Plains_moist_deciduous_forests,Brahmaputra_Valley_semi_evergreen_forests     ,0.9585,-0.14253571611580404
Lower_Gangetic_Plains_moist_deciduous_forests,0.1423092119088622,Lower_Gangetic_Plains_moist_deciduous_forests,Western_Himalayan_broadleaf_forests           ,0.9086,-0.14253571611580404
Lower_Gangetic_Plains_moist_deciduous_forests,0.1423092119088622,Lower_Gangetic_Plains_moist_deciduous_forests,Northeast_Himalayan_subalpine_conifer_forests ,0.8633,-0.14253571611580404
Lower_Gangetic_Plains_moist_deciduous_forests,0.1423092119088622,Lower_Gangetic_Plains_moist_deciduous_forests,South_Western_Ghats_montane_rain_forests      ,0.8942,-0.14253571611580404
Lower_Gangetic_Plains_moist_deciduous_forests,0.1423092119088622,Lower_Gangetic_Plains_moist_deciduous_forests,Narmada_Valley_dry_deciduous_forests          ,0.9529,-0.14253571611580404
Lower_Gangetic_Plains_moist_deciduous_forests,0.1423092119088622,Lower_Gangetic_Plains_moist_deciduous_forests,Mizoram_Manipur_Kachin_rain_forests           ,0.9728,-0.14253571611580404
Lower_Gangetic_Plains_moist_deciduous_forests,0.1423092119088622,Lower_Gangetic_Plains_moist_deciduous_forests,Khathiar_Gir_dry_deciduous_forests            ,0.9605,-0.14253571611580404
Lower_Gangetic_Plains_moist_deciduous_forests,0.1423092119088622,Lower_Gangetic_Plains_moist_deciduous_forests,Aravalli_west_thorn_scrub_forests             ,0.9774,-0.14253571611580404
Lower_Gangetic_Plains_moist_deciduous_forests,0.1423092119088622,Lower_Gangetic_Plains_moist_deciduous_forests,Maldives_Lakshadweep_Chagos_Archipelago_tropical_moist_forests,0.6287,-0.14253571611580404
Lower_Gangetic_Plains_moist_deciduous_forests,0.1423092119088622,Lower_Gangetic_Plains_moist_deciduous_forests,East_Deccan_moist_deciduous_forests           ,0.9782,-0.14253571611580404
Lower_Gangetic_Plains_moist_deciduous_forests,0.1423092119088622,Lower_Gangetic_Plains_moist_deciduous_forests,East_Deccan_dry_evergreen_forests             ,0.9272,-0.14253571611580404
Lower_Gangetic_Plains_moist_deciduous_forests,0.1423092119088622,Lower_Gangetic_Plains_moist_deciduous_forests,Central_Deccan_Plateau_dry_deciduous_forests  ,0.9668,-0.14253571611580404
Lower_Gangetic_Plains_moist_deciduous_forests,0.1423092119088622,Lower_Gangetic_Plains_moist_deciduous_forests,Eastern_Himalayan_broadleaf_forests           ,0.9558,-0.14253571611580404
Lower_Gangetic_Plains_moist_deciduous_forests,0.1423092119088622,Lower_Gangetic_Plains_moist_deciduous_forests,Central_Tibetan_Plateau_alpine_steppe         ,0.7902,-0.14253571611580404
Lower_Gangetic_Plains_moist_deciduous_forests,0.1423092119088622,Lower_Gangetic_Plains_moist_deciduous_forests,Terai_Duar_savanna_and_grasslands             ,0.986,-0.14253571611580404
Lower_Gangetic_Plains_moist_deciduous_forests,0.1423092119088622,Lower_Gangetic_Plains_moist_deciduous_forests,Nicobar_Islands_rain_forests                  ,0.694,-0.14253571611580404
Lower_Gangetic_Plains_moist_deciduous_forests,0.1423092119088622,Lower_Gangetic_Plains_moist_deciduous_forests,Eastern_Himalayan_alpine_shrub_and_meadows    ,0.8805,-0.14253571611580404
Lower_Gangetic_Plains_moist_deciduous_forests,0.1423092119088622,Lower_Gangetic_Plains_moist_deciduous_forests,North_Western_Ghats_montane_rain_forests      ,0.9241,-0.14253571611580404
Lower_Gangetic_Plains_moist_deciduous_forests,0.1423092119088622,Lower_Gangetic_Plains_moist_deciduous_forests,Chhota_Nagpur_dry_deciduous_forests           ,0.979,-0.14253571611580404
Lower_Gangetic_Plains_moist_deciduous_forests,0.1423092119088622,Lower_Gangetic_Plains_moist_deciduous_forests,Rann_of_Kutch_seasonal_salt_marsh             ,0.9647,-0.14253571611580404
Lower_Gangetic_Plains_moist_deciduous_forests,0.1423092119088622,Lower_Gangetic_Plains_moist_deciduous_forests,Northwestern_Himalayan_alpine_shrub_and_meadows,0.7837,-0.14253571611580404
Lower_Gangetic_Plains_moist_deciduous_forests,0.1423092119088622,Lower_Gangetic_Plains_moist_deciduous_forests,Upper_Gangetic_Plains_moist_deciduous_forests ,0.975,-0.14253571611580404
Lower_Gangetic_Plains_moist_deciduous_forests,0.1423092119088622,Lower_Gangetic_Plains_moist_deciduous_forests,North_Deccan_dry_deciduous_forests            ,0.9785,-0.14253571611580404
Lower_Gangetic_Plains_moist_deciduous_forests,0.1423092119088622,Lower_Gangetic_Plains_moist_deciduous_forests,Northeast_India_Myanmar_pine_forests          ,0.8862,-0.14253571611580404
Lower_Gangetic_Plains_moist_deciduous_forests,0.1423092119088622,Lower_Gangetic_Plains_moist_deciduous_forests,Sundarbans_mangroves                          ,0.9618,-0.14253571611580404
Lower_Gangetic_Plains_moist_deciduous_forests,0.1423092119088622,Lower_Gangetic_Plains_moist_deciduous_forests,Karakoram_West_Tibetan_Plateau_alpine_steppe  ,0.7821,-0.14253571611580404
Lower_Gangetic_Plains_moist_deciduous_forests,0.1423092119088622,Lower_Gangetic_Plains_moist_deciduous_forests,Baluchistan_xeric_woodlands                   ,0.9117,-0.14253571611580404
Lower_Gangetic_Plains_moist_deciduous_forests,0.1423092119088622,Lower_Gangetic_Plains_moist_deciduous_forests,Indus_River_Delta_Arabian_Sea_mangroves       ,0.9545,-0.14253571611580404
Lower_Gangetic_Plains_moist_deciduous_forests,0.1423092119088622,Lower_Gangetic_Plains_moist_deciduous_forests,Meghalaya_subtropical_forests                 ,0.9708,-0.14253571611580404
Lower_Gangetic_Plains_moist_deciduous_forests,0.1423092119088622,Lower_Gangetic_Plains_moist_deciduous_forests,Chin_Hills_Arakan_Yoma_montane_forests        ,0.9495,-0.14253571611580404
Lower_Gangetic_Plains_moist_deciduous_forests,0.1423092119088622,Lower_Gangetic_Plains_moist_deciduous_forests,North_Western_Ghats_moist_deciduous_forests   ,0.9519,-0.14253571611580404
Lower_Gangetic_Plains_moist_deciduous_forests,0.1423092119088622,Lower_Gangetic_Plains_moist_deciduous_forests,Northern_Triangle_temperate_forests           ,0.8733,-0.14253571611580404
Lower_Gangetic_Plains_moist_deciduous_forests,0.1423092119088622,Lower_Gangetic_Plains_moist_deciduous_forests,Malabar_Coast_moist_forests                   ,0.8772,-0.14253571611580404
Lower_Gangetic_Plains_moist_deciduous_forests,0.1423092119088622,Lower_Gangetic_Plains_moist_deciduous_forests,Andaman_Islands_rain_forests                  ,0.7762,-0.14253571611580404
Lower_Gangetic_Plains_moist_deciduous_forests,0.1423092119088622,Lower_Gangetic_Plains_moist_deciduous_forests,Western_Himalayan_alpine_shrub_and_meadows    ,0.8151,-0.14253571611580404
Lower_Gangetic_Plains_moist_deciduous_forests,0.1423092119088622,Lower_Gangetic_Plains_moist_deciduous_forests,Eastern_Himalayan_subalpine_conifer_forests   ,0.9174,-0.14253571611580404
Lower_Gangetic_Plains_moist_deciduous_forests,0.1423092119088622,Lower_Gangetic_Plains_moist_deciduous_forests,Deccan_thorn_scrub_forests                    ,0.9517,-0.14253571611580404
Lower_Gangetic_Plains_moist_deciduous_forests,0.1423092119088622,Lower_Gangetic_Plains_moist_deciduous_forests,Western_Himalayan_subalpine_conifer_forests   ,0.9108,-0.14253571611580404
Lower_Gangetic_Plains_moist_deciduous_forests,0.1423092119088622,Lower_Gangetic_Plains_moist_deciduous_forests,Lower_Gangetic_Plains_moist_deciduous_forests ,1.0,-0.14253571611580404
Lower_Gangetic_Plains_moist_deciduous_forests,0.1423092119088622,Lower_Gangetic_Plains_moist_deciduous_forests,South_Western_Ghats_moist_deciduous_forests   ,0.9041,-0.14253571611580404
Lower_Gangetic_Plains_moist_deciduous_forests,0.1423092119088622,Lower_Gangetic_Plains_moist_deciduous_forests,Thar_desert                                   ,0.9536,-0.14253571611580404
Lower_Gangetic_Plains_moist_deciduous_forests,0.1423092119088622,Lower_Gangetic_Plains_moist_deciduous_forests,Godavari_Krishna_mangroves                    ,0.9429,-0.14253571611580404
Lower_Gangetic_Plains_moist_deciduous_forests,0.1423092119088622,Lower_Gangetic_Plains_moist_deciduous_forests,North_Tibetan_Plateau_Kunlun_Mountains_alpine_desert,0.8018,-0.14253571611580404
Lower_Gangetic_Plains_moist_deciduous_forests,0.1423092119088622,Lower_Gangetic_Plains_moist_deciduous_forests,Himalayan_subtropical_broadleaf_forests       ,0.974,-0.14253571611580404
Lower_Gangetic_Plains_moist_deciduous_forests,0.1423092119088622,Lower_Gangetic_Plains_moist_deciduous_forests,South_Deccan_Plateau_dry_deciduous_forests    ,0.9387,-0.14253571611580404
Lower_Gangetic_Plains_moist_deciduous_forests,0.1423092119088622,Lower_Gangetic_Plains_moist_deciduous_forests,Orissa_semi_evergreen_forests                 ,0.9792,-0.14253571611580404
Lower_Gangetic_Plains_moist_deciduous_forests,0.1423092119088622,Lower_Gangetic_Plains_moist_deciduous_forests,Sundarbans_freshwater_swamp_forests           ,0.9807,-0.14253571611580404
Lower_Gangetic_Plains_moist_deciduous_forests,0.1423092119088622,Lower_Gangetic_Plains_moist_deciduous_forests,Himalayan_subtropical_pine_forests            ,0.9563,-0.14253571611580404
Karakoram_West_Tibetan_Plateau_alpine_steppe,0.3912598761443547,Karakoram_West_Tibetan_Plateau_alpine_steppe,Brahmaputra_Valley_semi_evergreen_forests     ,0.8084,-0.14253571611580404
Karakoram_West_Tibetan_Plateau_alpine_steppe,0.3912598761443547,Karakoram_West_Tibetan_Plateau_alpine_steppe,Western_Himalayan_broadleaf_forests           ,0.889,-0.14253571611580404
Karakoram_West_Tibetan_Plateau_alpine_steppe,0.3912598761443547,Karakoram_West_Tibetan_Plateau_alpine_steppe,Northeast_Himalayan_subalpine_conifer_forests ,0.9678,-0.14253571611580404
Karakoram_West_Tibetan_Plateau_alpine_steppe,0.3912598761443547,Karakoram_West_Tibetan_Plateau_alpine_steppe,South_Western_Ghats_montane_rain_forests      ,0.7669,-0.14253571611580404
Karakoram_West_Tibetan_Plateau_alpine_steppe,0.3912598761443547,Karakoram_West_Tibetan_Plateau_alpine_steppe,Narmada_Valley_dry_deciduous_forests          ,0.8335,-0.14253571611580404
Karakoram_West_Tibetan_Plateau_alpine_steppe,0.3912598761443547,Karakoram_West_Tibetan_Plateau_alpine_steppe,Mizoram_Manipur_Kachin_rain_forests           ,0.8209,-0.14253571611580404
Karakoram_West_Tibetan_Plateau_alpine_steppe,0.3912598761443547,Karakoram_West_Tibetan_Plateau_alpine_steppe,Khathiar_Gir_dry_deciduous_forests            ,0.8194,-0.14253571611580404
Karakoram_West_Tibetan_Plateau_alpine_steppe,0.3912598761443547,Karakoram_West_Tibetan_Plateau_alpine_steppe,Aravalli_west_thorn_scrub_forests             ,0.8038,-0.14253571611580404
Karakoram_West_Tibetan_Plateau_alpine_steppe,0.3912598761443547,Karakoram_West_Tibetan_Plateau_alpine_steppe,Maldives_Lakshadweep_Chagos_Archipelago_tropical_moist_forests,0.3997,-0.14253571611580404
Karakoram_West_Tibetan_Plateau_alpine_steppe,0.3912598761443547,Karakoram_West_Tibetan_Plateau_alpine_steppe,East_Deccan_moist_deciduous_forests           ,0.8196,-0.14253571611580404
Karakoram_West_Tibetan_Plateau_alpine_steppe,0.3912598761443547,Karakoram_West_Tibetan_Plateau_alpine_steppe,East_Deccan_dry_evergreen_forests             ,0.7386,-0.14253571611580404
Karakoram_West_Tibetan_Plateau_alpine_steppe,0.3912598761443547,Karakoram_West_Tibetan_Plateau_alpine_steppe,Central_Deccan_Plateau_dry_deciduous_forests  ,0.8239,-0.14253571611580404
Karakoram_West_Tibetan_Plateau_alpine_steppe,0.3912598761443547,Karakoram_West_Tibetan_Plateau_alpine_steppe,Eastern_Himalayan_broadleaf_forests           ,0.8524,-0.14253571611580404
Karakoram_West_Tibetan_Plateau_alpine_steppe,0.3912598761443547,Karakoram_West_Tibetan_Plateau_alpine_steppe,Central_Tibetan_Plateau_alpine_steppe         ,0.9748,-0.14253571611580404
Karakoram_West_Tibetan_Plateau_alpine_steppe,0.3912598761443547,Karakoram_West_Tibetan_Plateau_alpine_steppe,Terai_Duar_savanna_and_grasslands             ,0.7733,-0.14253571611580404
Karakoram_West_Tibetan_Plateau_alpine_steppe,0.3912598761443547,Karakoram_West_Tibetan_Plateau_alpine_steppe,Nicobar_Islands_rain_forests                  ,0.449,-0.14253571611580404
Karakoram_West_Tibetan_Plateau_alpine_steppe,0.3912598761443547,Karakoram_West_Tibetan_Plateau_alpine_steppe,Eastern_Himalayan_alpine_shrub_and_meadows    ,0.9627,-0.14253571611580404
Karakoram_West_Tibetan_Plateau_alpine_steppe,0.3912598761443547,Karakoram_West_Tibetan_Plateau_alpine_steppe,North_Western_Ghats_montane_rain_forests      ,0.7762,-0.14253571611580404
Karakoram_West_Tibetan_Plateau_alpine_steppe,0.3912598761443547,Karakoram_West_Tibetan_Plateau_alpine_steppe,Chhota_Nagpur_dry_deciduous_forests           ,0.8312,-0.14253571611580404
Karakoram_West_Tibetan_Plateau_alpine_steppe,0.3912598761443547,Karakoram_West_Tibetan_Plateau_alpine_steppe,Rann_of_Kutch_seasonal_salt_marsh             ,0.7844,-0.14253571611580404
Karakoram_West_Tibetan_Plateau_alpine_steppe,0.3912598761443547,Karakoram_West_Tibetan_Plateau_alpine_steppe,Northwestern_Himalayan_alpine_shrub_and_meadows,0.969,-0.14253571611580404
Karakoram_West_Tibetan_Plateau_alpine_steppe,0.3912598761443547,Karakoram_West_Tibetan_Plateau_alpine_steppe,Upper_Gangetic_Plains_moist_deciduous_forests ,0.7925,-0.14253571611580404
Karakoram_West_Tibetan_Plateau_alpine_steppe,0.3912598761443547,Karakoram_West_Tibetan_Plateau_alpine_steppe,North_Deccan_dry_deciduous_forests            ,0.8158,-0.14253571611580404
Karakoram_West_Tibetan_Plateau_alpine_steppe,0.3912598761443547,Karakoram_West_Tibetan_Plateau_alpine_steppe,Northeast_India_Myanmar_pine_forests          ,0.8782,-0.14253571611580404
Karakoram_West_Tibetan_Plateau_alpine_steppe,0.3912598761443547,Karakoram_West_Tibetan_Plateau_alpine_steppe,Sundarbans_mangroves                          ,0.782,-0.14253571611580404
Karakoram_West_Tibetan_Plateau_alpine_steppe,0.3912598761443547,Karakoram_West_Tibetan_Plateau_alpine_steppe,Karakoram_West_Tibetan_Plateau_alpine_steppe  ,1.0,-0.14253571611580404
Karakoram_West_Tibetan_Plateau_alpine_steppe,0.3912598761443547,Karakoram_West_Tibetan_Plateau_alpine_steppe,Baluchistan_xeric_woodlands                   ,0.9421,-0.14253571611580404
Karakoram_West_Tibetan_Plateau_alpine_steppe,0.3912598761443547,Karakoram_West_Tibetan_Plateau_alpine_steppe,Indus_River_Delta_Arabian_Sea_mangroves       ,0.7451,-0.14253571611580404
Karakoram_West_Tibetan_Plateau_alpine_steppe,0.3912598761443547,Karakoram_West_Tibetan_Plateau_alpine_steppe,Meghalaya_subtropical_forests                 ,0.8595,-0.14253571611580404
Karakoram_West_Tibetan_Plateau_alpine_steppe,0.3912598761443547,Karakoram_West_Tibetan_Plateau_alpine_steppe,Chin_Hills_Arakan_Yoma_montane_forests        ,0.8692,-0.14253571611580404
Karakoram_West_Tibetan_Plateau_alpine_steppe,0.3912598761443547,Karakoram_West_Tibetan_Plateau_alpine_steppe,North_Western_Ghats_moist_deciduous_forests   ,0.7591,-0.14253571611580404
Karakoram_West_Tibetan_Plateau_alpine_steppe,0.3912598761443547,Karakoram_West_Tibetan_Plateau_alpine_steppe,Northern_Triangle_temperate_forests           ,0.8878,-0.14253571611580404
Karakoram_West_Tibetan_Plateau_alpine_steppe,0.3912598761443547,Karakoram_West_Tibetan_Plateau_alpine_steppe,Malabar_Coast_moist_forests                   ,0.6144,-0.14253571611580404
Karakoram_West_Tibetan_Plateau_alpine_steppe,0.3912598761443547,Karakoram_West_Tibetan_Plateau_alpine_steppe,Andaman_Islands_rain_forests                  ,0.4795,-0.14253571611580404
Karakoram_West_Tibetan_Plateau_alpine_steppe,0.3912598761443547,Karakoram_West_Tibetan_Plateau_alpine_steppe,Western_Himalayan_alpine_shrub_and_meadows    ,0.9741,-0.14253571611580404
Karakoram_West_Tibetan_Plateau_alpine_steppe,0.3912598761443547,Karakoram_West_Tibetan_Plateau_alpine_steppe,Eastern_Himalayan_subalpine_conifer_forests   ,0.9428,-0.14253571611580404
Karakoram_West_Tibetan_Plateau_alpine_steppe,0.3912598761443547,Karakoram_West_Tibetan_Plateau_alpine_steppe,Deccan_thorn_scrub_forests                    ,0.7847,-0.14253571611580404
Karakoram_West_Tibetan_Plateau_alpine_steppe,0.3912598761443547,Karakoram_West_Tibetan_Plateau_alpine_steppe,Western_Himalayan_subalpine_conifer_forests   ,0.9144,-0.14253571611580404
Karakoram_West_Tibetan_Plateau_alpine_steppe,0.3912598761443547,Karakoram_West_Tibetan_Plateau_alpine_steppe,Lower_Gangetic_Plains_moist_deciduous_forests ,0.7821,-0.14253571611580404
Karakoram_West_Tibetan_Plateau_alpine_steppe,0.3912598761443547,Karakoram_West_Tibetan_Plateau_alpine_steppe,South_Western_Ghats_moist_deciduous_forests   ,0.756,-0.14253571611580404
Karakoram_West_Tibetan_Plateau_alpine_steppe,0.3912598761443547,Karakoram_West_Tibetan_Plateau_alpine_steppe,Thar_desert                                   ,0.762,-0.14253571611580404
Karakoram_West_Tibetan_Plateau_alpine_steppe,0.3912598761443547,Karakoram_West_Tibetan_Plateau_alpine_steppe,Godavari_Krishna_mangroves                    ,0.7442,-0.14253571611580404
Karakoram_West_Tibetan_Plateau_alpine_steppe,0.3912598761443547,Karakoram_West_Tibetan_Plateau_alpine_steppe,North_Tibetan_Plateau_Kunlun_Mountains_alpine_desert,0.9756,-0.14253571611580404
Karakoram_West_Tibetan_Plateau_alpine_steppe,0.3912598761443547,Karakoram_West_Tibetan_Plateau_alpine_steppe,Himalayan_subtropical_broadleaf_forests       ,0.8483,-0.14253571611580404
Karakoram_West_Tibetan_Plateau_alpine_steppe,0.3912598761443547,Karakoram_West_Tibetan_Plateau_alpine_steppe,South_Deccan_Plateau_dry_deciduous_forests    ,0.8359,-0.14253571611580404
Karakoram_West_Tibetan_Plateau_alpine_steppe,0.3912598761443547,Karakoram_West_Tibetan_Plateau_alpine_steppe,Orissa_semi_evergreen_forests                 ,0.7688,-0.14253571611580404
Karakoram_West_Tibetan_Plateau_alpine_steppe,0.3912598761443547,Karakoram_West_Tibetan_Plateau_alpine_steppe,Sundarbans_freshwater_swamp_forests           ,0.7988,-0.14253571611580404
Karakoram_West_Tibetan_Plateau_alpine_steppe,0.3912598761443547,Karakoram_West_Tibetan_Plateau_alpine_steppe,Himalayan_subtropical_pine_forests            ,0.8177,-0.14253571611580404
Narmada_Valley_dry_deciduous_forests,0.0233469113326945,Narmada_Valley_dry_deciduous_forests,Brahmaputra_Valley_semi_evergreen_forests     ,0.9023,-0.14253571611580404
Narmada_Valley_dry_deciduous_forests,0.0233469113326945,Narmada_Valley_dry_deciduous_forests,Western_Himalayan_broadleaf_forests           ,0.8769,-0.14253571611580404
Narmada_Valley_dry_deciduous_forests,0.0233469113326945,Narmada_Valley_dry_deciduous_forests,Northeast_Himalayan_subalpine_conifer_forests ,0.8983,-0.14253571611580404
Narmada_Valley_dry_deciduous_forests,0.0233469113326945,Narmada_Valley_dry_deciduous_forests,South_Western_Ghats_montane_rain_forests      ,0.8475,-0.14253571611580404
Narmada_Valley_dry_deciduous_forests,0.0233469113326945,Narmada_Valley_dry_deciduous_forests,Narmada_Valley_dry_deciduous_forests          ,1.0,-0.14253571611580404
Narmada_Valley_dry_deciduous_forests,0.0233469113326945,Narmada_Valley_dry_deciduous_forests,Mizoram_Manipur_Kachin_rain_forests           ,0.9296,-0.14253571611580404
Narmada_Valley_dry_deciduous_forests,0.0233469113326945,Narmada_Valley_dry_deciduous_forests,Khathiar_Gir_dry_deciduous_forests            ,0.9954,-0.14253571611580404
Narmada_Valley_dry_deciduous_forests,0.0233469113326945,Narmada_Valley_dry_deciduous_forests,Aravalli_west_thorn_scrub_forests             ,0.9783,-0.14253571611580404
Narmada_Valley_dry_deciduous_forests,0.0233469113326945,Narmada_Valley_dry_deciduous_forests,Maldives_Lakshadweep_Chagos_Archipelago_tropical_moist_forests,0.5588,-0.14253571611580404
Narmada_Valley_dry_deciduous_forests,0.0233469113326945,Narmada_Valley_dry_deciduous_forests,East_Deccan_moist_deciduous_forests           ,0.9771,-0.14253571611580404
Narmada_Valley_dry_deciduous_forests,0.0233469113326945,Narmada_Valley_dry_deciduous_forests,East_Deccan_dry_evergreen_forests             ,0.9167,-0.14253571611580404
Narmada_Valley_dry_deciduous_forests,0.0233469113326945,Narmada_Valley_dry_deciduous_forests,Central_Deccan_Plateau_dry_deciduous_forests  ,0.982,-0.14253571611580404
Narmada_Valley_dry_deciduous_forests,0.0233469113326945,Narmada_Valley_dry_deciduous_forests,Eastern_Himalayan_broadleaf_forests           ,0.917,-0.14253571611580404
Narmada_Valley_dry_deciduous_forests,0.0233469113326945,Narmada_Valley_dry_deciduous_forests,Central_Tibetan_Plateau_alpine_steppe         ,0.8468,-0.14253571611580404
Narmada_Valley_dry_deciduous_forests,0.0233469113326945,Narmada_Valley_dry_deciduous_forests,Terai_Duar_savanna_and_grasslands             ,0.9447,-0.14253571611580404
Narmada_Valley_dry_deciduous_forests,0.0233469113326945,Narmada_Valley_dry_deciduous_forests,Nicobar_Islands_rain_forests                  ,0.5893,-0.14253571611580404
Narmada_Valley_dry_deciduous_forests,0.0233469113326945,Narmada_Valley_dry_deciduous_forests,Eastern_Himalayan_alpine_shrub_and_meadows    ,0.9157,-0.14253571611580404
Narmada_Valley_dry_deciduous_forests,0.0233469113326945,Narmada_Valley_dry_deciduous_forests,North_Western_Ghats_montane_rain_forests      ,0.9216,-0.14253571611580404
Narmada_Valley_dry_deciduous_forests,0.0233469113326945,Narmada_Valley_dry_deciduous_forests,Chhota_Nagpur_dry_deciduous_forests           ,0.9825,-0.14253571611580404
Narmada_Valley_dry_deciduous_forests,0.0233469113326945,Narmada_Valley_dry_deciduous_forests,Rann_of_Kutch_seasonal_salt_marsh             ,0.9846,-0.14253571611580404
Narmada_Valley_dry_deciduous_forests,0.0233469113326945,Narmada_Valley_dry_deciduous_forests,Northwestern_Himalayan_alpine_shrub_and_meadows,0.8119,-0.14253571611580404
Narmada_Valley_dry_deciduous_forests,0.0233469113326945,Narmada_Valley_dry_deciduous_forests,Upper_Gangetic_Plains_moist_deciduous_forests ,0.985,-0.14253571611580404
Narmada_Valley_dry_deciduous_forests,0.0233469113326945,Narmada_Valley_dry_deciduous_forests,North_Deccan_dry_deciduous_forests            ,0.9739,-0.14253571611580404
Narmada_Valley_dry_deciduous_forests,0.0233469113326945,Narmada_Valley_dry_deciduous_forests,Northeast_India_Myanmar_pine_forests          ,0.8476,-0.14253571611580404
Narmada_Valley_dry_deciduous_forests,0.0233469113326945,Narmada_Valley_dry_deciduous_forests,Sundarbans_mangroves                          ,0.9145,-0.14253571611580404
Narmada_Valley_dry_deciduous_forests,0.0233469113326945,Narmada_Valley_dry_deciduous_forests,Karakoram_West_Tibetan_Plateau_alpine_steppe  ,0.8335,-0.14253571611580404
Narmada_Valley_dry_deciduous_forests,0.0233469113326945,Narmada_Valley_dry_deciduous_forests,Baluchistan_xeric_woodlands                   ,0.9432,-0.14253571611580404
Narmada_Valley_dry_deciduous_forests,0.0233469113326945,Narmada_Valley_dry_deciduous_forests,Indus_River_Delta_Arabian_Sea_mangroves       ,0.9507,-0.14253571611580404
Narmada_Valley_dry_deciduous_forests,0.0233469113326945,Narmada_Valley_dry_deciduous_forests,Meghalaya_subtropical_forests                 ,0.9397,-0.14253571611580404
Narmada_Valley_dry_deciduous_forests,0.0233469113326945,Narmada_Valley_dry_deciduous_forests,Chin_Hills_Arakan_Yoma_montane_forests        ,0.9239,-0.14253571611580404
Narmada_Valley_dry_deciduous_forests,0.0233469113326945,Narmada_Valley_dry_deciduous_forests,North_Western_Ghats_moist_deciduous_forests   ,0.942,-0.14253571611580404
Narmada_Valley_dry_deciduous_forests,0.0233469113326945,Narmada_Valley_dry_deciduous_forests,Northern_Triangle_temperate_forests           ,0.8383,-0.14253571611580404
Narmada_Valley_dry_deciduous_forests,0.0233469113326945,Narmada_Valley_dry_deciduous_forests,Malabar_Coast_moist_forests                   ,0.8129,-0.14253571611580404
Narmada_Valley_dry_deciduous_forests,0.0233469113326945,Narmada_Valley_dry_deciduous_forests,Andaman_Islands_rain_forests                  ,0.6601,-0.14253571611580404
Narmada_Valley_dry_deciduous_forests,0.0233469113326945,Narmada_Valley_dry_deciduous_forests,Western_Himalayan_alpine_shrub_and_meadows    ,0.8286,-0.14253571611580404
Narmada_Valley_dry_deciduous_forests,0.0233469113326945,Narmada_Valley_dry_deciduous_forests,Eastern_Himalayan_subalpine_conifer_forests   ,0.9209,-0.14253571611580404
Narmada_Valley_dry_deciduous_forests,0.0233469113326945,Narmada_Valley_dry_deciduous_forests,Deccan_thorn_scrub_forests                    ,0.9506,-0.14253571611580404
Narmada_Valley_dry_deciduous_forests,0.0233469113326945,Narmada_Valley_dry_deciduous_forests,Western_Himalayan_subalpine_conifer_forests   ,0.8911,-0.14253571611580404
Narmada_Valley_dry_deciduous_forests,0.0233469113326945,Narmada_Valley_dry_deciduous_forests,Lower_Gangetic_Plains_moist_deciduous_forests ,0.9529,-0.14253571611580404
Narmada_Valley_dry_deciduous_forests,0.0233469113326945,Narmada_Valley_dry_deciduous_forests,South_Western_Ghats_moist_deciduous_forests   ,0.8654,-0.14253571611580404
Narmada_Valley_dry_deciduous_forests,0.0233469113326945,Narmada_Valley_dry_deciduous_forests,Thar_desert                                   ,0.9616,-0.14253571611580404
Narmada_Valley_dry_deciduous_forests,0.0233469113326945,Narmada_Valley_dry_deciduous_forests,Godavari_Krishna_mangroves                    ,0.9315,-0.14253571611580404
Narmada_Valley_dry_deciduous_forests,0.0233469113326945,Narmada_Valley_dry_deciduous_forests,North_Tibetan_Plateau_Kunlun_Mountains_alpine_desert,0.8637,-0.14253571611580404
Narmada_Valley_dry_deciduous_forests,0.0233469113326945,Narmada_Valley_dry_deciduous_forests,Himalayan_subtropical_broadleaf_forests       ,0.9425,-0.14253571611580404
Narmada_Valley_dry_deciduous_forests,0.0233469113326945,Narmada_Valley_dry_deciduous_forests,South_Deccan_Plateau_dry_deciduous_forests    ,0.9417,-0.14253571611580404
Narmada_Valley_dry_deciduous_forests,0.0233469113326945,Narmada_Valley_dry_deciduous_forests,Orissa_semi_evergreen_forests                 ,0.9472,-0.14253571611580404
Narmada_Valley_dry_deciduous_forests,0.0233469113326945,Narmada_Valley_dry_deciduous_forests,Sundarbans_freshwater_swamp_forests           ,0.9419,-0.14253571611580404
Narmada_Valley_dry_deciduous_forests,0.0233469113326945,Narmada_Valley_dry_deciduous_forests,Himalayan_subtropical_pine_forests            ,0.9114,-0.14253571611580404
Northeast_India_Myanmar_pine_forests,0.3471089523654679,Northeast_India_Myanmar_pine_forests,Brahmaputra_Valley_semi_evergreen_forests     ,0.9304,-0.14253571611580404
Northeast_India_Myanmar_pine_forests,0.3471089523654679,Northeast_India_Myanmar_pine_forests,Western_Himalayan_broadleaf_forests           ,0.925,-0.14253571611580404
Northeast_India_Myanmar_pine_forests,0.3471089523654679,Northeast_India_Myanmar_pine_forests,Northeast_Himalayan_subalpine_conifer_forests ,0.9377,-0.14253571611580404
Northeast_India_Myanmar_pine_forests,0.3471089523654679,Northeast_India_Myanmar_pine_forests,South_Western_Ghats_montane_rain_forests      ,0.842,-0.14253571611580404
Northeast_India_Myanmar_pine_forests,0.3471089523654679,Northeast_India_Myanmar_pine_forests,Narmada_Valley_dry_deciduous_forests          ,0.8476,-0.14253571611580404
Northeast_India_Myanmar_pine_forests,0.3471089523654679,Northeast_India_Myanmar_pine_forests,Mizoram_Manipur_Kachin_rain_forests           ,0.9371,-0.14253571611580404
Northeast_India_Myanmar_pine_forests,0.3471089523654679,Northeast_India_Myanmar_pine_forests,Khathiar_Gir_dry_deciduous_forests            ,0.8331,-0.14253571611580404
Northeast_India_Myanmar_pine_forests,0.3471089523654679,Northeast_India_Myanmar_pine_forests,Aravalli_west_thorn_scrub_forests             ,0.8526,-0.14253571611580404
Northeast_India_Myanmar_pine_forests,0.3471089523654679,Northeast_India_Myanmar_pine_forests,Maldives_Lakshadweep_Chagos_Archipelago_tropical_moist_forests,0.4528,-0.14253571611580404
Northeast_India_Myanmar_pine_forests,0.3471089523654679,Northeast_India_Myanmar_pine_forests,East_Deccan_moist_deciduous_forests           ,0.8548,-0.14253571611580404
Northeast_India_Myanmar_pine_forests,0.3471089523654679,Northeast_India_Myanmar_pine_forests,East_Deccan_dry_evergreen_forests             ,0.7817,-0.14253571611580404
Northeast_India_Myanmar_pine_forests,0.3471089523654679,Northeast_India_Myanmar_pine_forests,Central_Deccan_Plateau_dry_deciduous_forests  ,0.8343,-0.14253571611580404
Northeast_India_Myanmar_pine_forests,0.3471089523654679,Northeast_India_Myanmar_pine_forests,Eastern_Himalayan_broadleaf_forests           ,0.9526,-0.14253571611580404
Northeast_India_Myanmar_pine_forests,0.3471089523654679,Northeast_India_Myanmar_pine_forests,Central_Tibetan_Plateau_alpine_steppe         ,0.8955,-0.14253571611580404
Northeast_India_Myanmar_pine_forests,0.3471089523654679,Northeast_India_Myanmar_pine_forests,Terai_Duar_savanna_and_grasslands             ,0.9044,-0.14253571611580404
Northeast_India_Myanmar_pine_forests,0.3471089523654679,Northeast_India_Myanmar_pine_forests,Nicobar_Islands_rain_forests                  ,0.5708,-0.14253571611580404
Northeast_India_Myanmar_pine_forests,0.3471089523654679,Northeast_India_Myanmar_pine_forests,Eastern_Himalayan_alpine_shrub_and_meadows    ,0.9126,-0.14253571611580404
Northeast_India_Myanmar_pine_forests,0.3471089523654679,Northeast_India_Myanmar_pine_forests,North_Western_Ghats_montane_rain_forests      ,0.8444,-0.14253571611580404
Northeast_India_Myanmar_pine_forests,0.3471089523654679,Northeast_India_Myanmar_pine_forests,Chhota_Nagpur_dry_deciduous_forests           ,0.8651,-0.14253571611580404
Northeast_India_Myanmar_pine_forests,0.3471089523654679,Northeast_India_Myanmar_pine_forests,Rann_of_Kutch_seasonal_salt_marsh             ,0.8176,-0.14253571611580404
Northeast_India_Myanmar_pine_forests,0.3471089523654679,Northeast_India_Myanmar_pine_forests,Northwestern_Himalayan_alpine_shrub_and_meadows,0.8901,-0.14253571611580404
Northeast_India_Myanmar_pine_forests,0.3471089523654679,Northeast_India_Myanmar_pine_forests,Upper_Gangetic_Plains_moist_deciduous_forests ,0.8525,-0.14253571611580404
Northeast_India_Myanmar_pine_forests,0.3471089523654679,Northeast_India_Myanmar_pine_forests,North_Deccan_dry_deciduous_forests            ,0.8661,-0.14253571611580404
Northeast_India_Myanmar_pine_forests,0.3471089523654679,Northeast_India_Myanmar_pine_forests,Northeast_India_Myanmar_pine_forests          ,1.0,-0.14253571611580404
Northeast_India_Myanmar_pine_forests,0.3471089523654679,Northeast_India_Myanmar_pine_forests,Sundarbans_mangroves                          ,0.878,-0.14253571611580404
Northeast_India_Myanmar_pine_forests,0.3471089523654679,Northeast_India_Myanmar_pine_forests,Karakoram_West_Tibetan_Plateau_alpine_steppe  ,0.8782,-0.14253571611580404
Northeast_India_Myanmar_pine_forests,0.3471089523654679,Northeast_India_Myanmar_pine_forests,Baluchistan_xeric_woodlands                   ,0.8801,-0.14253571611580404
Northeast_India_Myanmar_pine_forests,0.3471089523654679,Northeast_India_Myanmar_pine_forests,Indus_River_Delta_Arabian_Sea_mangroves       ,0.8012,-0.14253571611580404
Northeast_India_Myanmar_pine_forests,0.3471089523654679,Northeast_India_Myanmar_pine_forests,Meghalaya_subtropical_forests                 ,0.941,-0.14253571611580404
Northeast_India_Myanmar_pine_forests,0.3471089523654679,Northeast_India_Myanmar_pine_forests,Chin_Hills_Arakan_Yoma_montane_forests        ,0.9645,-0.14253571611580404
Northeast_India_Myanmar_pine_forests,0.3471089523654679,Northeast_India_Myanmar_pine_forests,North_Western_Ghats_moist_deciduous_forests   ,0.8332,-0.14253571611580404
Northeast_India_Myanmar_pine_forests,0.3471089523654679,Northeast_India_Myanmar_pine_forests,Northern_Triangle_temperate_forests           ,0.9755,-0.14253571611580404
Northeast_India_Myanmar_pine_forests,0.3471089523654679,Northeast_India_Myanmar_pine_forests,Malabar_Coast_moist_forests                   ,0.7348,-0.14253571611580404
Northeast_India_Myanmar_pine_forests,0.3471089523654679,Northeast_India_Myanmar_pine_forests,Andaman_Islands_rain_forests                  ,0.6535,-0.14253571611580404
Northeast_India_Myanmar_pine_forests,0.3471089523654679,Northeast_India_Myanmar_pine_forests,Western_Himalayan_alpine_shrub_and_meadows    ,0.922,-0.14253571611580404
Northeast_India_Myanmar_pine_forests,0.3471089523654679,Northeast_India_Myanmar_pine_forests,Eastern_Himalayan_subalpine_conifer_forests   ,0.9625,-0.14253571611580404
Northeast_India_Myanmar_pine_forests,0.3471089523654679,Northeast_India_Myanmar_pine_forests,Deccan_thorn_scrub_forests                    ,0.8092,-0.14253571611580404
Northeast_India_Myanmar_pine_forests,0.3471089523654679,Northeast_India_Myanmar_pine_forests,Western_Himalayan_subalpine_conifer_forests   ,0.9252,-0.14253571611580404
Northeast_India_Myanmar_pine_forests,0.3471089523654679,Northeast_India_Myanmar_pine_forests,Lower_Gangetic_Plains_moist_deciduous_forests ,0.8862,-0.14253571611580404
Northeast_India_Myanmar_pine_forests,0.3471089523654679,Northeast_India_Myanmar_pine_forests,South_Western_Ghats_moist_deciduous_forests   ,0.8088,-0.14253571611580404
Northeast_India_Myanmar_pine_forests,0.3471089523654679,Northeast_India_Myanmar_pine_forests,Thar_desert                                   ,0.8114,-0.14253571611580404
Northeast_India_Myanmar_pine_forests,0.3471089523654679,Northeast_India_Myanmar_pine_forests,Godavari_Krishna_mangroves                    ,0.7919,-0.14253571611580404
Northeast_India_Myanmar_pine_forests,0.3471089523654679,Northeast_India_Myanmar_pine_forests,North_Tibetan_Plateau_Kunlun_Mountains_alpine_desert,0.8792,-0.14253571611580404
Northeast_India_Myanmar_pine_forests,0.3471089523654679,Northeast_India_Myanmar_pine_forests,Himalayan_subtropical_broadleaf_forests       ,0.9519,-0.14253571611580404
Northeast_India_Myanmar_pine_forests,0.3471089523654679,Northeast_India_Myanmar_pine_forests,South_Deccan_Plateau_dry_deciduous_forests    ,0.8319,-0.14253571611580404
Northeast_India_Myanmar_pine_forests,0.3471089523654679,Northeast_India_Myanmar_pine_forests,Orissa_semi_evergreen_forests                 ,0.8463,-0.14253571611580404
Northeast_India_Myanmar_pine_forests,0.3471089523654679,Northeast_India_Myanmar_pine_forests,Sundarbans_freshwater_swamp_forests           ,0.8816,-0.14253571611580404
Northeast_India_Myanmar_pine_forests,0.3471089523654679,Northeast_India_Myanmar_pine_forests,Himalayan_subtropical_pine_forests            ,0.9181,-0.14253571611580404
Mizoram_Manipur_Kachin_rain_forests,0.2765305292059606,Mizoram_Manipur_Kachin_rain_forests,Brahmaputra_Valley_semi_evergreen_forests     ,0.9747,-0.14253571611580404
Mizoram_Manipur_Kachin_rain_forests,0.2765305292059606,Mizoram_Manipur_Kachin_rain_forests,Western_Himalayan_broadleaf_forests           ,0.9377,-0.14253571611580404
Mizoram_Manipur_Kachin_rain_forests,0.2765305292059606,Mizoram_Manipur_Kachin_rain_forests,Northeast_Himalayan_subalpine_conifer_forests ,0.8977,-0.14253571611580404
Mizoram_Manipur_Kachin_rain_forests,0.2765305292059606,Mizoram_Manipur_Kachin_rain_forests,South_Western_Ghats_montane_rain_forests      ,0.9096,-0.14253571611580404
Mizoram_Manipur_Kachin_rain_forests,0.2765305292059606,Mizoram_Manipur_Kachin_rain_forests,Narmada_Valley_dry_deciduous_forests          ,0.9296,-0.14253571611580404
Mizoram_Manipur_Kachin_rain_forests,0.2765305292059606,Mizoram_Manipur_Kachin_rain_forests,Mizoram_Manipur_Kachin_rain_forests           ,1.0,-0.14253571611580404
Mizoram_Manipur_Kachin_rain_forests,0.2765305292059606,Mizoram_Manipur_Kachin_rain_forests,Khathiar_Gir_dry_deciduous_forests            ,0.9305,-0.14253571611580404
Mizoram_Manipur_Kachin_rain_forests,0.2765305292059606,Mizoram_Manipur_Kachin_rain_forests,Aravalli_west_thorn_scrub_forests             ,0.9397,-0.14253571611580404
Mizoram_Manipur_Kachin_rain_forests,0.2765305292059606,Mizoram_Manipur_Kachin_rain_forests,Maldives_Lakshadweep_Chagos_Archipelago_tropical_moist_forests,0.6541,-0.14253571611580404
Mizoram_Manipur_Kachin_rain_forests,0.2765305292059606,Mizoram_Manipur_Kachin_rain_forests,East_Deccan_moist_deciduous_forests           ,0.958,-0.14253571611580404
Mizoram_Manipur_Kachin_rain_forests,0.2765305292059606,Mizoram_Manipur_Kachin_rain_forests,East_Deccan_dry_evergreen_forests             ,0.9212,-0.14253571611580404
Mizoram_Manipur_Kachin_rain_forests,0.2765305292059606,Mizoram_Manipur_Kachin_rain_forests,Central_Deccan_Plateau_dry_deciduous_forests  ,0.9386,-0.14253571611580404
Mizoram_Manipur_Kachin_rain_forests,0.2765305292059606,Mizoram_Manipur_Kachin_rain_forests,Eastern_Himalayan_broadleaf_forests           ,0.9868,-0.14253571611580404
Mizoram_Manipur_Kachin_rain_forests,0.2765305292059606,Mizoram_Manipur_Kachin_rain_forests,Central_Tibetan_Plateau_alpine_steppe         ,0.8214,-0.14253571611580404
Mizoram_Manipur_Kachin_rain_forests,0.2765305292059606,Mizoram_Manipur_Kachin_rain_forests,Terai_Duar_savanna_and_grasslands             ,0.9768,-0.14253571611580404
Mizoram_Manipur_Kachin_rain_forests,0.2765305292059606,Mizoram_Manipur_Kachin_rain_forests,Nicobar_Islands_rain_forests                  ,0.708,-0.14253571611580404
Mizoram_Manipur_Kachin_rain_forests,0.2765305292059606,Mizoram_Manipur_Kachin_rain_forests,Eastern_Himalayan_alpine_shrub_and_meadows    ,0.9072,-0.14253571611580404
Mizoram_Manipur_Kachin_rain_forests,0.2765305292059606,Mizoram_Manipur_Kachin_rain_forests,North_Western_Ghats_montane_rain_forests      ,0.929,-0.14253571611580404
Mizoram_Manipur_Kachin_rain_forests,0.2765305292059606,Mizoram_Manipur_Kachin_rain_forests,Chhota_Nagpur_dry_deciduous_forests           ,0.9595,-0.14253571611580404
Mizoram_Manipur_Kachin_rain_forests,0.2765305292059606,Mizoram_Manipur_Kachin_rain_forests,Rann_of_Kutch_seasonal_salt_marsh             ,0.9144,-0.14253571611580404
Mizoram_Manipur_Kachin_rain_forests,0.2765305292059606,Mizoram_Manipur_Kachin_rain_forests,Northwestern_Himalayan_alpine_shrub_and_meadows,0.8369,-0.14253571611580404
Mizoram_Manipur_Kachin_rain_forests,0.2765305292059606,Mizoram_Manipur_Kachin_rain_forests,Upper_Gangetic_Plains_moist_deciduous_forests ,0.9544,-0.14253571611580404
Mizoram_Manipur_Kachin_rain_forests,0.2765305292059606,Mizoram_Manipur_Kachin_rain_forests,North_Deccan_dry_deciduous_forests            ,0.9582,-0.14253571611580404
Mizoram_Manipur_Kachin_rain_forests,0.2765305292059606,Mizoram_Manipur_Kachin_rain_forests,Northeast_India_Myanmar_pine_forests          ,0.9371,-0.14253571611580404
Mizoram_Manipur_Kachin_rain_forests,0.2765305292059606,Mizoram_Manipur_Kachin_rain_forests,Sundarbans_mangroves                          ,0.9603,-0.14253571611580404
Mizoram_Manipur_Kachin_rain_forests,0.2765305292059606,Mizoram_Manipur_Kachin_rain_forests,Karakoram_West_Tibetan_Plateau_alpine_steppe  ,0.8209,-0.14253571611580404
Mizoram_Manipur_Kachin_rain_forests,0.2765305292059606,Mizoram_Manipur_Kachin_rain_forests,Baluchistan_xeric_woodlands                   ,0.9138,-0.14253571611580404
Mizoram_Manipur_Kachin_rain_forests,0.2765305292059606,Mizoram_Manipur_Kachin_rain_forests,Indus_River_Delta_Arabian_Sea_mangroves       ,0.9081,-0.14253571611580404
Mizoram_Manipur_Kachin_rain_forests,0.2765305292059606,Mizoram_Manipur_Kachin_rain_forests,Meghalaya_subtropical_forests                 ,0.988,-0.14253571611580404
Mizoram_Manipur_Kachin_rain_forests,0.2765305292059606,Mizoram_Manipur_Kachin_rain_forests,Chin_Hills_Arakan_Yoma_montane_forests        ,0.9787,-0.14253571611580404
Mizoram_Manipur_Kachin_rain_forests,0.2765305292059606,Mizoram_Manipur_Kachin_rain_forests,North_Western_Ghats_moist_deciduous_forests   ,0.9439,-0.14253571611580404
Mizoram_Manipur_Kachin_rain_forests,0.2765305292059606,Mizoram_Manipur_Kachin_rain_forests,Northern_Triangle_temperate_forests           ,0.9358,-0.14253571611580404
Mizoram_Manipur_Kachin_rain_forests,0.2765305292059606,Mizoram_Manipur_Kachin_rain_forests,Malabar_Coast_moist_forests                   ,0.8779,-0.14253571611580404
Mizoram_Manipur_Kachin_rain_forests,0.2765305292059606,Mizoram_Manipur_Kachin_rain_forests,Andaman_Islands_rain_forests                  ,0.7987,-0.14253571611580404
Mizoram_Manipur_Kachin_rain_forests,0.2765305292059606,Mizoram_Manipur_Kachin_rain_forests,Western_Himalayan_alpine_shrub_and_meadows    ,0.8604,-0.14253571611580404
Mizoram_Manipur_Kachin_rain_forests,0.2765305292059606,Mizoram_Manipur_Kachin_rain_forests,Eastern_Himalayan_subalpine_conifer_forests   ,0.9465,-0.14253571611580404
Mizoram_Manipur_Kachin_rain_forests,0.2765305292059606,Mizoram_Manipur_Kachin_rain_forests,Deccan_thorn_scrub_forests                    ,0.9248,-0.14253571611580404
Mizoram_Manipur_Kachin_rain_forests,0.2765305292059606,Mizoram_Manipur_Kachin_rain_forests,Western_Himalayan_subalpine_conifer_forests   ,0.9371,-0.14253571611580404
Mizoram_Manipur_Kachin_rain_forests,0.2765305292059606,Mizoram_Manipur_Kachin_rain_forests,Lower_Gangetic_Plains_moist_deciduous_forests ,0.9728,-0.14253571611580404
Mizoram_Manipur_Kachin_rain_forests,0.2765305292059606,Mizoram_Manipur_Kachin_rain_forests,South_Western_Ghats_moist_deciduous_forests   ,0.9093,-0.14253571611580404
Mizoram_Manipur_Kachin_rain_forests,0.2765305292059606,Mizoram_Manipur_Kachin_rain_forests,Thar_desert                                   ,0.9144,-0.14253571611580404
Mizoram_Manipur_Kachin_rain_forests,0.2765305292059606,Mizoram_Manipur_Kachin_rain_forests,Godavari_Krishna_mangroves                    ,0.9339,-0.14253571611580404
Mizoram_Manipur_Kachin_rain_forests,0.2765305292059606,Mizoram_Manipur_Kachin_rain_forests,North_Tibetan_Plateau_Kunlun_Mountains_alpine_desert,0.8265,-0.14253571611580404
Mizoram_Manipur_Kachin_rain_forests,0.2765305292059606,Mizoram_Manipur_Kachin_rain_forests,Himalayan_subtropical_broadleaf_forests       ,0.9877,-0.14253571611580404
Mizoram_Manipur_Kachin_rain_forests,0.2765305292059606,Mizoram_Manipur_Kachin_rain_forests,South_Deccan_Plateau_dry_deciduous_forests    ,0.9302,-0.14253571611580404
Mizoram_Manipur_Kachin_rain_forests,0.2765305292059606,Mizoram_Manipur_Kachin_rain_forests,Orissa_semi_evergreen_forests                 ,0.9574,-0.14253571611580404
Mizoram_Manipur_Kachin_rain_forests,0.2765305292059606,Mizoram_Manipur_Kachin_rain_forests,Sundarbans_freshwater_swamp_forests           ,0.9547,-0.14253571611580404
Mizoram_Manipur_Kachin_rain_forests,0.2765305292059606,Mizoram_Manipur_Kachin_rain_forests,Himalayan_subtropical_pine_forests            ,0.9717,-0.14253571611580404
Nicobar_Islands_rain_forests,0.5150398612680646,Nicobar_Islands_rain_forests,Brahmaputra_Valley_semi_evergreen_forests     ,0.6536,-0.14253571611580404
Nicobar_Islands_rain_forests,0.5150398612680646,Nicobar_Islands_rain_forests,Western_Himalayan_broadleaf_forests           ,0.7719,-0.14253571611580404
Nicobar_Islands_rain_forests,0.5150398612680646,Nicobar_Islands_rain_forests,Northeast_Himalayan_subalpine_conifer_forests ,0.4937,-0.14253571611580404
Nicobar_Islands_rain_forests,0.5150398612680646,Nicobar_Islands_rain_forests,South_Western_Ghats_montane_rain_forests      ,0.8529,-0.14253571611580404
Nicobar_Islands_rain_forests,0.5150398612680646,Nicobar_Islands_rain_forests,Narmada_Valley_dry_deciduous_forests          ,0.5893,-0.14253571611580404
Nicobar_Islands_rain_forests,0.5150398612680646,Nicobar_Islands_rain_forests,Mizoram_Manipur_Kachin_rain_forests           ,0.708,-0.14253571611580404
Nicobar_Islands_rain_forests,0.5150398612680646,Nicobar_Islands_rain_forests,Khathiar_Gir_dry_deciduous_forests            ,0.5976,-0.14253571611580404
Nicobar_Islands_rain_forests,0.5150398612680646,Nicobar_Islands_rain_forests,Aravalli_west_thorn_scrub_forests             ,0.626,-0.14253571611580404
Nicobar_Islands_rain_forests,0.5150398612680646,Nicobar_Islands_rain_forests,Maldives_Lakshadweep_Chagos_Archipelago_tropical_moist_forests,0.9015,-0.14253571611580404
Nicobar_Islands_rain_forests,0.5150398612680646,Nicobar_Islands_rain_forests,East_Deccan_moist_deciduous_forests           ,0.6843,-0.14253571611580404
Nicobar_Islands_rain_forests,0.5150398612680646,Nicobar_Islands_rain_forests,East_Deccan_dry_evergreen_forests             ,0.7983,-0.14253571611580404
Nicobar_Islands_rain_forests,0.5150398612680646,Nicobar_Islands_rain_forests,Central_Deccan_Plateau_dry_deciduous_forests  ,0.6674,-0.14253571611580404
Nicobar_Islands_rain_forests,0.5150398612680646,Nicobar_Islands_rain_forests,Eastern_Himalayan_broadleaf_forests           ,0.7353,-0.14253571611580404
Nicobar_Islands_rain_forests,0.5150398612680646,Nicobar_Islands_rain_forests,Central_Tibetan_Plateau_alpine_steppe         ,0.3886,-0.14253571611580404
Nicobar_Islands_rain_forests,0.5150398612680646,Nicobar_Islands_rain_forests,Terai_Duar_savanna_and_grasslands             ,0.6516,-0.14253571611580404
Nicobar_Islands_rain_forests,0.5150398612680646,Nicobar_Islands_rain_forests,Nicobar_Islands_rain_forests                  ,1.0,-0.14253571611580404
Nicobar_Islands_rain_forests,0.5150398612680646,Nicobar_Islands_rain_forests,Eastern_Himalayan_alpine_shrub_and_meadows    ,0.5232,-0.14253571611580404
Nicobar_Islands_rain_forests,0.5150398612680646,Nicobar_Islands_rain_forests,North_Western_Ghats_montane_rain_forests      ,0.6738,-0.14253571611580404
Nicobar_Islands_rain_forests,0.5150398612680646,Nicobar_Islands_rain_forests,Chhota_Nagpur_dry_deciduous_forests           ,0.6443,-0.14253571611580404
Nicobar_Islands_rain_forests,0.5150398612680646,Nicobar_Islands_rain_forests,Rann_of_Kutch_seasonal_salt_marsh             ,0.5841,-0.14253571611580404
Nicobar_Islands_rain_forests,0.5150398612680646,Nicobar_Islands_rain_forests,Northwestern_Himalayan_alpine_shrub_and_meadows,0.5524,-0.14253571611580404
Nicobar_Islands_rain_forests,0.5150398612680646,Nicobar_Islands_rain_forests,Upper_Gangetic_Plains_moist_deciduous_forests ,0.6611,-0.14253571611580404
Nicobar_Islands_rain_forests,0.5150398612680646,Nicobar_Islands_rain_forests,North_Deccan_dry_deciduous_forests            ,0.6158,-0.14253571611580404
Nicobar_Islands_rain_forests,0.5150398612680646,Nicobar_Islands_rain_forests,Northeast_India_Myanmar_pine_forests          ,0.5708,-0.14253571611580404
Nicobar_Islands_rain_forests,0.5150398612680646,Nicobar_Islands_rain_forests,Sundarbans_mangroves                          ,0.6481,-0.14253571611580404
Nicobar_Islands_rain_forests,0.5150398612680646,Nicobar_Islands_rain_forests,Karakoram_West_Tibetan_Plateau_alpine_steppe  ,0.449,-0.14253571611580404
Nicobar_Islands_rain_forests,0.5150398612680646,Nicobar_Islands_rain_forests,Baluchistan_xeric_woodlands                   ,0.6006,-0.14253571611580404
Nicobar_Islands_rain_forests,0.5150398612680646,Nicobar_Islands_rain_forests,Indus_River_Delta_Arabian_Sea_mangroves       ,0.7015,-0.14253571611580404
Nicobar_Islands_rain_forests,0.5150398612680646,Nicobar_Islands_rain_forests,Meghalaya_subtropical_forests                 ,0.6677,-0.14253571611580404
Nicobar_Islands_rain_forests,0.5150398612680646,Nicobar_Islands_rain_forests,Chin_Hills_Arakan_Yoma_montane_forests        ,0.6403,-0.14253571611580404
Nicobar_Islands_rain_forests,0.5150398612680646,Nicobar_Islands_rain_forests,North_Western_Ghats_moist_deciduous_forests   ,0.7104,-0.14253571611580404
Nicobar_Islands_rain_forests,0.5150398612680646,Nicobar_Islands_rain_forests,Northern_Triangle_temperate_forests           ,0.6088,-0.14253571611580404
Nicobar_Islands_rain_forests,0.5150398612680646,Nicobar_Islands_rain_forests,Malabar_Coast_moist_forests                   ,0.8628,-0.14253571611580404
Nicobar_Islands_rain_forests,0.5150398612680646,Nicobar_Islands_rain_forests,Andaman_Islands_rain_forests                  ,0.9533,-0.14253571611580404
Nicobar_Islands_rain_forests,0.5150398612680646,Nicobar_Islands_rain_forests,Western_Himalayan_alpine_shrub_and_meadows    ,0.5645,-0.14253571611580404
Nicobar_Islands_rain_forests,0.5150398612680646,Nicobar_Islands_rain_forests,Eastern_Himalayan_subalpine_conifer_forests   ,0.5889,-0.14253571611580404
Nicobar_Islands_rain_forests,0.5150398612680646,Nicobar_Islands_rain_forests,Deccan_thorn_scrub_forests                    ,0.759,-0.14253571611580404
Nicobar_Islands_rain_forests,0.5150398612680646,Nicobar_Islands_rain_forests,Western_Himalayan_subalpine_conifer_forests   ,0.736,-0.14253571611580404
Nicobar_Islands_rain_forests,0.5150398612680646,Nicobar_Islands_rain_forests,Lower_Gangetic_Plains_moist_deciduous_forests ,0.694,-0.14253571611580404
Nicobar_Islands_rain_forests,0.5150398612680646,Nicobar_Islands_rain_forests,South_Western_Ghats_moist_deciduous_forests   ,0.8744,-0.14253571611580404
Nicobar_Islands_rain_forests,0.5150398612680646,Nicobar_Islands_rain_forests,Thar_desert                                   ,0.5676,-0.14253571611580404
Nicobar_Islands_rain_forests,0.5150398612680646,Nicobar_Islands_rain_forests,Godavari_Krishna_mangroves                    ,0.7321,-0.14253571611580404
Nicobar_Islands_rain_forests,0.5150398612680646,Nicobar_Islands_rain_forests,North_Tibetan_Plateau_Kunlun_Mountains_alpine_desert,0.3955,-0.14253571611580404
Nicobar_Islands_rain_forests,0.5150398612680646,Nicobar_Islands_rain_forests,Himalayan_subtropical_broadleaf_forests       ,0.6672,-0.14253571611580404
Nicobar_Islands_rain_forests,0.5150398612680646,Nicobar_Islands_rain_forests,South_Deccan_Plateau_dry_deciduous_forests    ,0.7597,-0.14253571611580404
Nicobar_Islands_rain_forests,0.5150398612680646,Nicobar_Islands_rain_forests,Orissa_semi_evergreen_forests                 ,0.6889,-0.14253571611580404
Nicobar_Islands_rain_forests,0.5150398612680646,Nicobar_Islands_rain_forests,Sundarbans_freshwater_swamp_forests           ,0.6366,-0.14253571611580404
Nicobar_Islands_rain_forests,0.5150398612680646,Nicobar_Islands_rain_forests,Himalayan_subtropical_pine_forests            ,0.8054,-0.14253571611580404
Malabar_Coast_moist_forests,0.199953801822371,Malabar_Coast_moist_forests,Brahmaputra_Valley_semi_evergreen_forests     ,0.8034,-0.14253571611580404
Malabar_Coast_moist_forests,0.199953801822371,Malabar_Coast_moist_forests,Western_Himalayan_broadleaf_forests           ,0.8385,-0.14253571611580404
Malabar_Coast_moist_forests,0.199953801822371,Malabar_Coast_moist_forests,Northeast_Himalayan_subalpine_conifer_forests ,0.71,-0.14253571611580404
Malabar_Coast_moist_forests,0.199953801822371,Malabar_Coast_moist_forests,South_Western_Ghats_montane_rain_forests      ,0.9557,-0.14253571611580404
Malabar_Coast_moist_forests,0.199953801822371,Malabar_Coast_moist_forests,Narmada_Valley_dry_deciduous_forests          ,0.8129,-0.14253571611580404
Malabar_Coast_moist_forests,0.199953801822371,Malabar_Coast_moist_forests,Mizoram_Manipur_Kachin_rain_forests           ,0.8779,-0.14253571611580404
Malabar_Coast_moist_forests,0.199953801822371,Malabar_Coast_moist_forests,Khathiar_Gir_dry_deciduous_forests            ,0.8237,-0.14253571611580404
Malabar_Coast_moist_forests,0.199953801822371,Malabar_Coast_moist_forests,Aravalli_west_thorn_scrub_forests             ,0.8264,-0.14253571611580404
Malabar_Coast_moist_forests,0.199953801822371,Malabar_Coast_moist_forests,Maldives_Lakshadweep_Chagos_Archipelago_tropical_moist_forests,0.8255,-0.14253571611580404
Malabar_Coast_moist_forests,0.199953801822371,Malabar_Coast_moist_forests,East_Deccan_moist_deciduous_forests           ,0.866,-0.14253571611580404
Malabar_Coast_moist_forests,0.199953801822371,Malabar_Coast_moist_forests,East_Deccan_dry_evergreen_forests             ,0.8862,-0.14253571611580404
Malabar_Coast_moist_forests,0.199953801822371,Malabar_Coast_moist_forests,Central_Deccan_Plateau_dry_deciduous_forests  ,0.8597,-0.14253571611580404
Malabar_Coast_moist_forests,0.199953801822371,Malabar_Coast_moist_forests,Eastern_Himalayan_broadleaf_forests           ,0.8874,-0.14253571611580404
Malabar_Coast_moist_forests,0.199953801822371,Malabar_Coast_moist_forests,Central_Tibetan_Plateau_alpine_steppe         ,0.62,-0.14253571611580404
Malabar_Coast_moist_forests,0.199953801822371,Malabar_Coast_moist_forests,Terai_Duar_savanna_and_grasslands             ,0.8456,-0.14253571611580404
Malabar_Coast_moist_forests,0.199953801822371,Malabar_Coast_moist_forests,Nicobar_Islands_rain_forests                  ,0.8628,-0.14253571611580404
Malabar_Coast_moist_forests,0.199953801822371,Malabar_Coast_moist_forests,Eastern_Himalayan_alpine_shrub_and_meadows    ,0.7378,-0.14253571611580404
Malabar_Coast_moist_forests,0.199953801822371,Malabar_Coast_moist_forests,North_Western_Ghats_montane_rain_forests      ,0.9309,-0.14253571611580404
Malabar_Coast_moist_forests,0.199953801822371,Malabar_Coast_moist_forests,Chhota_Nagpur_dry_deciduous_forests           ,0.8395,-0.14253571611580404
Malabar_Coast_moist_forests,0.199953801822371,Malabar_Coast_moist_forests,Rann_of_Kutch_seasonal_salt_marsh             ,0.8038,-0.14253571611580404
Malabar_Coast_moist_forests,0.199953801822371,Malabar_Coast_moist_forests,Northwestern_Himalayan_alpine_shrub_and_meadows,0.6253,-0.14253571611580404
Malabar_Coast_moist_forests,0.199953801822371,Malabar_Coast_moist_forests,Upper_Gangetic_Plains_moist_deciduous_forests ,0.8507,-0.14253571611580404
Malabar_Coast_moist_forests,0.199953801822371,Malabar_Coast_moist_forests,North_Deccan_dry_deciduous_forests            ,0.8175,-0.14253571611580404
Malabar_Coast_moist_forests,0.199953801822371,Malabar_Coast_moist_forests,Northeast_India_Myanmar_pine_forests          ,0.7348,-0.14253571611580404
Malabar_Coast_moist_forests,0.199953801822371,Malabar_Coast_moist_forests,Sundarbans_mangroves                          ,0.8225,-0.14253571611580404
Malabar_Coast_moist_forests,0.199953801822371,Malabar_Coast_moist_forests,Karakoram_West_Tibetan_Plateau_alpine_steppe  ,0.6144,-0.14253571611580404
Malabar_Coast_moist_forests,0.199953801822371,Malabar_Coast_moist_forests,Baluchistan_xeric_woodlands                   ,0.7812,-0.14253571611580404
Malabar_Coast_moist_forests,0.199953801822371,Malabar_Coast_moist_forests,Indus_River_Delta_Arabian_Sea_mangroves       ,0.8828,-0.14253571611580404
Malabar_Coast_moist_forests,0.199953801822371,Malabar_Coast_moist_forests,Meghalaya_subtropical_forests                 ,0.8527,-0.14253571611580404
Malabar_Coast_moist_forests,0.199953801822371,Malabar_Coast_moist_forests,Chin_Hills_Arakan_Yoma_montane_forests        ,0.8339,-0.14253571611580404
Malabar_Coast_moist_forests,0.199953801822371,Malabar_Coast_moist_forests,North_Western_Ghats_moist_deciduous_forests   ,0.9428,-0.14253571611580404
Malabar_Coast_moist_forests,0.199953801822371,Malabar_Coast_moist_forests,Northern_Triangle_temperate_forests           ,0.7661,-0.14253571611580404
Malabar_Coast_moist_forests,0.199953801822371,Malabar_Coast_moist_forests,Malabar_Coast_moist_forests                   ,1.0,-0.14253571611580404
Malabar_Coast_moist_forests,0.199953801822371,Malabar_Coast_moist_forests,Andaman_Islands_rain_forests                  ,0.9349,-0.14253571611580404
Malabar_Coast_moist_forests,0.199953801822371,Malabar_Coast_moist_forests,Western_Himalayan_alpine_shrub_and_meadows    ,0.6955,-0.14253571611580404
Malabar_Coast_moist_forests,0.199953801822371,Malabar_Coast_moist_forests,Eastern_Himalayan_subalpine_conifer_forests   ,0.7868,-0.14253571611580404
Malabar_Coast_moist_forests,0.199953801822371,Malabar_Coast_moist_forests,Deccan_thorn_scrub_forests                    ,0.9042,-0.14253571611580404
Malabar_Coast_moist_forests,0.199953801822371,Malabar_Coast_moist_forests,Western_Himalayan_subalpine_conifer_forests   ,0.8143,-0.14253571611580404
Malabar_Coast_moist_forests,0.199953801822371,Malabar_Coast_moist_forests,Lower_Gangetic_Plains_moist_deciduous_forests ,0.8772,-0.14253571611580404
Malabar_Coast_moist_forests,0.199953801822371,Malabar_Coast_moist_forests,South_Western_Ghats_moist_deciduous_forests   ,0.959,-0.14253571611580404
Malabar_Coast_moist_forests,0.199953801822371,Malabar_Coast_moist_forests,Thar_desert                                   ,0.773,-0.14253571611580404
Malabar_Coast_moist_forests,0.199953801822371,Malabar_Coast_moist_forests,Godavari_Krishna_mangroves                    ,0.8602,-0.14253571611580404
Malabar_Coast_moist_forests,0.199953801822371,Malabar_Coast_moist_forests,North_Tibetan_Plateau_Kunlun_Mountains_alpine_desert,0.6344,-0.14253571611580404
Malabar_Coast_moist_forests,0.199953801822371,Malabar_Coast_moist_forests,Himalayan_subtropical_broadleaf_forests       ,0.8526,-0.14253571611580404
Malabar_Coast_moist_forests,0.199953801822371,Malabar_Coast_moist_forests,South_Deccan_Plateau_dry_deciduous_forests    ,0.8832,-0.14253571611580404
Malabar_Coast_moist_forests,0.199953801822371,Malabar_Coast_moist_forests,Orissa_semi_evergreen_forests                 ,0.8339,-0.14253571611580404
Malabar_Coast_moist_forests,0.199953801822371,Malabar_Coast_moist_forests,Sundarbans_freshwater_swamp_forests           ,0.8154,-0.14253571611580404
Malabar_Coast_moist_forests,0.199953801822371,Malabar_Coast_moist_forests,Himalayan_subtropical_pine_forests            ,0.9095,-0.14253571611580404
Northern_Triangle_temperate_forests,0.381948958505282,Northern_Triangle_temperate_forests,Brahmaputra_Valley_semi_evergreen_forests     ,0.9363,-0.14253571611580404
Northern_Triangle_temperate_forests,0.381948958505282,Northern_Triangle_temperate_forests,Western_Himalayan_broadleaf_forests           ,0.9371,-0.14253571611580404
Northern_Triangle_temperate_forests,0.381948958505282,Northern_Triangle_temperate_forests,Northeast_Himalayan_subalpine_conifer_forests ,0.928,-0.14253571611580404
Northern_Triangle_temperate_forests,0.381948958505282,Northern_Triangle_temperate_forests,South_Western_Ghats_montane_rain_forests      ,0.8652,-0.14253571611580404
Northern_Triangle_temperate_forests,0.381948958505282,Northern_Triangle_temperate_forests,Narmada_Valley_dry_deciduous_forests          ,0.8383,-0.14253571611580404
Northern_Triangle_temperate_forests,0.381948958505282,Northern_Triangle_temperate_forests,Mizoram_Manipur_Kachin_rain_forests           ,0.9358,-0.14253571611580404
Northern_Triangle_temperate_forests,0.381948958505282,Northern_Triangle_temperate_forests,Khathiar_Gir_dry_deciduous_forests            ,0.8247,-0.14253571611580404
Northern_Triangle_temperate_forests,0.381948958505282,Northern_Triangle_temperate_forests,Aravalli_west_thorn_scrub_forests             ,0.8266,-0.14253571611580404
Northern_Triangle_temperate_forests,0.381948958505282,Northern_Triangle_temperate_forests,Maldives_Lakshadweep_Chagos_Archipelago_tropical_moist_forests,0.5111,-0.14253571611580404
Northern_Triangle_temperate_forests,0.381948958505282,Northern_Triangle_temperate_forests,East_Deccan_moist_deciduous_forests           ,0.8498,-0.14253571611580404
Northern_Triangle_temperate_forests,0.381948958505282,Northern_Triangle_temperate_forests,East_Deccan_dry_evergreen_forests             ,0.7796,-0.14253571611580404
Northern_Triangle_temperate_forests,0.381948958505282,Northern_Triangle_temperate_forests,Central_Deccan_Plateau_dry_deciduous_forests  ,0.8338,-0.14253571611580404
Northern_Triangle_temperate_forests,0.381948958505282,Northern_Triangle_temperate_forests,Eastern_Himalayan_broadleaf_forests           ,0.9566,-0.14253571611580404
Northern_Triangle_temperate_forests,0.381948958505282,Northern_Triangle_temperate_forests,Central_Tibetan_Plateau_alpine_steppe         ,0.8819,-0.14253571611580404
Northern_Triangle_temperate_forests,0.381948958505282,Northern_Triangle_temperate_forests,Terai_Duar_savanna_and_grasslands             ,0.8809,-0.14253571611580404
Northern_Triangle_temperate_forests,0.381948958505282,Northern_Triangle_temperate_forests,Nicobar_Islands_rain_forests                  ,0.6088,-0.14253571611580404
Northern_Triangle_temperate_forests,0.381948958505282,Northern_Triangle_temperate_forests,Eastern_Himalayan_alpine_shrub_and_meadows    ,0.9217,-0.14253571611580404
Northern_Triangle_temperate_forests,0.381948958505282,Northern_Triangle_temperate_forests,North_Western_Ghats_montane_rain_forests      ,0.8623,-0.14253571611580404
Northern_Triangle_temperate_forests,0.381948958505282,Northern_Triangle_temperate_forests,Chhota_Nagpur_dry_deciduous_forests           ,0.8551,-0.14253571611580404
Northern_Triangle_temperate_forests,0.381948958505282,Northern_Triangle_temperate_forests,Rann_of_Kutch_seasonal_salt_marsh             ,0.7936,-0.14253571611580404
Northern_Triangle_temperate_forests,0.381948958505282,Northern_Triangle_temperate_forests,Northwestern_Himalayan_alpine_shrub_and_meadows,0.9048,-0.14253571611580404
Northern_Triangle_temperate_forests,0.381948958505282,Northern_Triangle_temperate_forests,Upper_Gangetic_Plains_moist_deciduous_forests ,0.8349,-0.14253571611580404
Northern_Triangle_temperate_forests,0.381948958505282,Northern_Triangle_temperate_forests,North_Deccan_dry_deciduous_forests            ,0.8512,-0.14253571611580404
Northern_Triangle_temperate_forests,0.381948958505282,Northern_Triangle_temperate_forests,Northeast_India_Myanmar_pine_forests          ,0.9755,-0.14253571611580404
Northern_Triangle_temperate_forests,0.381948958505282,Northern_Triangle_temperate_forests,Sundarbans_mangroves                          ,0.8925,-0.14253571611580404
Northern_Triangle_temperate_forests,0.381948958505282,Northern_Triangle_temperate_forests,Karakoram_West_Tibetan_Plateau_alpine_steppe  ,0.8878,-0.14253571611580404
Northern_Triangle_temperate_forests,0.381948958505282,Northern_Triangle_temperate_forests,Baluchistan_xeric_woodlands                   ,0.8905,-0.14253571611580404
Northern_Triangle_temperate_forests,0.381948958505282,Northern_Triangle_temperate_forests,Indus_River_Delta_Arabian_Sea_mangroves       ,0.7747,-0.14253571611580404
Northern_Triangle_temperate_forests,0.381948958505282,Northern_Triangle_temperate_forests,Meghalaya_subtropical_forests                 ,0.9469,-0.14253571611580404
Northern_Triangle_temperate_forests,0.381948958505282,Northern_Triangle_temperate_forests,Chin_Hills_Arakan_Yoma_montane_forests        ,0.9415,-0.14253571611580404
Northern_Triangle_temperate_forests,0.381948958505282,Northern_Triangle_temperate_forests,North_Western_Ghats_moist_deciduous_forests   ,0.843,-0.14253571611580404
Northern_Triangle_temperate_forests,0.381948958505282,Northern_Triangle_temperate_forests,Northern_Triangle_temperate_forests           ,1.0,-0.14253571611580404
Northern_Triangle_temperate_forests,0.381948958505282,Northern_Triangle_temperate_forests,Malabar_Coast_moist_forests                   ,0.7661,-0.14253571611580404
Northern_Triangle_temperate_forests,0.381948958505282,Northern_Triangle_temperate_forests,Andaman_Islands_rain_forests                  ,0.6852,-0.14253571611580404
Northern_Triangle_temperate_forests,0.381948958505282,Northern_Triangle_temperate_forests,Western_Himalayan_alpine_shrub_and_meadows    ,0.9377,-0.14253571611580404
Northern_Triangle_temperate_forests,0.381948958505282,Northern_Triangle_temperate_forests,Eastern_Himalayan_subalpine_conifer_forests   ,0.9562,-0.14253571611580404
Northern_Triangle_temperate_forests,0.381948958505282,Northern_Triangle_temperate_forests,Deccan_thorn_scrub_forests                    ,0.8023,-0.14253571611580404
Northern_Triangle_temperate_forests,0.381948958505282,Northern_Triangle_temperate_forests,Western_Himalayan_subalpine_conifer_forests   ,0.9351,-0.14253571611580404
Northern_Triangle_temperate_forests,0.381948958505282,Northern_Triangle_temperate_forests,Lower_Gangetic_Plains_moist_deciduous_forests ,0.8733,-0.14253571611580404
Northern_Triangle_temperate_forests,0.381948958505282,Northern_Triangle_temperate_forests,South_Western_Ghats_moist_deciduous_forests   ,0.8288,-0.14253571611580404
Northern_Triangle_temperate_forests,0.381948958505282,Northern_Triangle_temperate_forests,Thar_desert                                   ,0.7755,-0.14253571611580404
Northern_Triangle_temperate_forests,0.381948958505282,Northern_Triangle_temperate_forests,Godavari_Krishna_mangroves                    ,0.7799,-0.14253571611580404
Northern_Triangle_temperate_forests,0.381948958505282,Northern_Triangle_temperate_forests,North_Tibetan_Plateau_Kunlun_Mountains_alpine_desert,0.8697,-0.14253571611580404
Northern_Triangle_temperate_forests,0.381948958505282,Northern_Triangle_temperate_forests,Himalayan_subtropical_broadleaf_forests       ,0.935,-0.14253571611580404
Northern_Triangle_temperate_forests,0.381948958505282,Northern_Triangle_temperate_forests,South_Deccan_Plateau_dry_deciduous_forests    ,0.8301,-0.14253571611580404
Northern_Triangle_temperate_forests,0.381948958505282,Northern_Triangle_temperate_forests,Orissa_semi_evergreen_forests                 ,0.8297,-0.14253571611580404
Northern_Triangle_temperate_forests,0.381948958505282,Northern_Triangle_temperate_forests,Sundarbans_freshwater_swamp_forests           ,0.878,-0.14253571611580404
Northern_Triangle_temperate_forests,0.381948958505282,Northern_Triangle_temperate_forests,Himalayan_subtropical_pine_forests            ,0.9205,-0.14253571611580404
Northwestern_Himalayan_alpine_shrub_and_meadows,0.3382561101152555,Northwestern_Himalayan_alpine_shrub_and_meadows,Brahmaputra_Valley_semi_evergreen_forests     ,0.8403,-0.14253571611580404
Northwestern_Himalayan_alpine_shrub_and_meadows,0.3382561101152555,Northwestern_Himalayan_alpine_shrub_and_meadows,Western_Himalayan_broadleaf_forests           ,0.9319,-0.14253571611580404
Northwestern_Himalayan_alpine_shrub_and_meadows,0.3382561101152555,Northwestern_Himalayan_alpine_shrub_and_meadows,Northeast_Himalayan_subalpine_conifer_forests ,0.9347,-0.14253571611580404
Northwestern_Himalayan_alpine_shrub_and_meadows,0.3382561101152555,Northwestern_Himalayan_alpine_shrub_and_meadows,South_Western_Ghats_montane_rain_forests      ,0.7882,-0.14253571611580404
Northwestern_Himalayan_alpine_shrub_and_meadows,0.3382561101152555,Northwestern_Himalayan_alpine_shrub_and_meadows,Narmada_Valley_dry_deciduous_forests          ,0.8119,-0.14253571611580404
Northwestern_Himalayan_alpine_shrub_and_meadows,0.3382561101152555,Northwestern_Himalayan_alpine_shrub_and_meadows,Mizoram_Manipur_Kachin_rain_forests           ,0.8369,-0.14253571611580404
Northwestern_Himalayan_alpine_shrub_and_meadows,0.3382561101152555,Northwestern_Himalayan_alpine_shrub_and_meadows,Khathiar_Gir_dry_deciduous_forests            ,0.791,-0.14253571611580404
Northwestern_Himalayan_alpine_shrub_and_meadows,0.3382561101152555,Northwestern_Himalayan_alpine_shrub_and_meadows,Aravalli_west_thorn_scrub_forests             ,0.7961,-0.14253571611580404
Northwestern_Himalayan_alpine_shrub_and_meadows,0.3382561101152555,Northwestern_Himalayan_alpine_shrub_and_meadows,Maldives_Lakshadweep_Chagos_Archipelago_tropical_moist_forests,0.4555,-0.14253571611580404
Northwestern_Himalayan_alpine_shrub_and_meadows,0.3382561101152555,Northwestern_Himalayan_alpine_shrub_and_meadows,East_Deccan_moist_deciduous_forests           ,0.8192,-0.14253571611580404
Northwestern_Himalayan_alpine_shrub_and_meadows,0.3382561101152555,Northwestern_Himalayan_alpine_shrub_and_meadows,East_Deccan_dry_evergreen_forests             ,0.7681,-0.14253571611580404
Northwestern_Himalayan_alpine_shrub_and_meadows,0.3382561101152555,Northwestern_Himalayan_alpine_shrub_and_meadows,Central_Deccan_Plateau_dry_deciduous_forests  ,0.8091,-0.14253571611580404
Northwestern_Himalayan_alpine_shrub_and_meadows,0.3382561101152555,Northwestern_Himalayan_alpine_shrub_and_meadows,Eastern_Himalayan_broadleaf_forests           ,0.872,-0.14253571611580404
Northwestern_Himalayan_alpine_shrub_and_meadows,0.3382561101152555,Northwestern_Himalayan_alpine_shrub_and_meadows,Central_Tibetan_Plateau_alpine_steppe         ,0.9199,-0.14253571611580404
Northwestern_Himalayan_alpine_shrub_and_meadows,0.3382561101152555,Northwestern_Himalayan_alpine_shrub_and_meadows,Terai_Duar_savanna_and_grasslands             ,0.7835,-0.14253571611580404
Northwestern_Himalayan_alpine_shrub_and_meadows,0.3382561101152555,Northwestern_Himalayan_alpine_shrub_and_meadows,Nicobar_Islands_rain_forests                  ,0.5524,-0.14253571611580404
Northwestern_Himalayan_alpine_shrub_and_meadows,0.3382561101152555,Northwestern_Himalayan_alpine_shrub_and_meadows,Eastern_Himalayan_alpine_shrub_and_meadows    ,0.9273,-0.14253571611580404
Northwestern_Himalayan_alpine_shrub_and_meadows,0.3382561101152555,Northwestern_Himalayan_alpine_shrub_and_meadows,North_Western_Ghats_montane_rain_forests      ,0.7476,-0.14253571611580404
Northwestern_Himalayan_alpine_shrub_and_meadows,0.3382561101152555,Northwestern_Himalayan_alpine_shrub_and_meadows,Chhota_Nagpur_dry_deciduous_forests           ,0.823,-0.14253571611580404
Northwestern_Himalayan_alpine_shrub_and_meadows,0.3382561101152555,Northwestern_Himalayan_alpine_shrub_and_meadows,Rann_of_Kutch_seasonal_salt_marsh             ,0.7554,-0.14253571611580404
Northwestern_Himalayan_alpine_shrub_and_meadows,0.3382561101152555,Northwestern_Himalayan_alpine_shrub_and_meadows,Northwestern_Himalayan_alpine_shrub_and_meadows,1.0,-0.14253571611580404
Northwestern_Himalayan_alpine_shrub_and_meadows,0.3382561101152555,Northwestern_Himalayan_alpine_shrub_and_meadows,Upper_Gangetic_Plains_moist_deciduous_forests ,0.7862,-0.14253571611580404
Northwestern_Himalayan_alpine_shrub_and_meadows,0.3382561101152555,Northwestern_Himalayan_alpine_shrub_and_meadows,North_Deccan_dry_deciduous_forests            ,0.8143,-0.14253571611580404
Northwestern_Himalayan_alpine_shrub_and_meadows,0.3382561101152555,Northwestern_Himalayan_alpine_shrub_and_meadows,Northeast_India_Myanmar_pine_forests          ,0.8901,-0.14253571611580404
Northwestern_Himalayan_alpine_shrub_and_meadows,0.3382561101152555,Northwestern_Himalayan_alpine_shrub_and_meadows,Sundarbans_mangroves                          ,0.7913,-0.14253571611580404
Northwestern_Himalayan_alpine_shrub_and_meadows,0.3382561101152555,Northwestern_Himalayan_alpine_shrub_and_meadows,Karakoram_West_Tibetan_Plateau_alpine_steppe  ,0.969,-0.14253571611580404
Northwestern_Himalayan_alpine_shrub_and_meadows,0.3382561101152555,Northwestern_Himalayan_alpine_shrub_and_meadows,Baluchistan_xeric_woodlands                   ,0.9166,-0.14253571611580404
Northwestern_Himalayan_alpine_shrub_and_meadows,0.3382561101152555,Northwestern_Himalayan_alpine_shrub_and_meadows,Indus_River_Delta_Arabian_Sea_mangroves       ,0.7272,-0.14253571611580404
Northwestern_Himalayan_alpine_shrub_and_meadows,0.3382561101152555,Northwestern_Himalayan_alpine_shrub_and_meadows,Meghalaya_subtropical_forests                 ,0.868,-0.14253571611580404
Northwestern_Himalayan_alpine_shrub_and_meadows,0.3382561101152555,Northwestern_Himalayan_alpine_shrub_and_meadows,Chin_Hills_Arakan_Yoma_montane_forests        ,0.8641,-0.14253571611580404
Northwestern_Himalayan_alpine_shrub_and_meadows,0.3382561101152555,Northwestern_Himalayan_alpine_shrub_and_meadows,North_Western_Ghats_moist_deciduous_forests   ,0.7411,-0.14253571611580404
Northwestern_Himalayan_alpine_shrub_and_meadows,0.3382561101152555,Northwestern_Himalayan_alpine_shrub_and_meadows,Northern_Triangle_temperate_forests           ,0.9048,-0.14253571611580404
Northwestern_Himalayan_alpine_shrub_and_meadows,0.3382561101152555,Northwestern_Himalayan_alpine_shrub_and_meadows,Malabar_Coast_moist_forests                   ,0.6253,-0.14253571611580404
Northwestern_Himalayan_alpine_shrub_and_meadows,0.3382561101152555,Northwestern_Himalayan_alpine_shrub_and_meadows,Andaman_Islands_rain_forests                  ,0.5433,-0.14253571611580404
Northwestern_Himalayan_alpine_shrub_and_meadows,0.3382561101152555,Northwestern_Himalayan_alpine_shrub_and_meadows,Western_Himalayan_alpine_shrub_and_meadows    ,0.9684,-0.14253571611580404
Northwestern_Himalayan_alpine_shrub_and_meadows,0.3382561101152555,Northwestern_Himalayan_alpine_shrub_and_meadows,Eastern_Himalayan_subalpine_conifer_forests   ,0.9282,-0.14253571611580404
Northwestern_Himalayan_alpine_shrub_and_meadows,0.3382561101152555,Northwestern_Himalayan_alpine_shrub_and_meadows,Deccan_thorn_scrub_forests                    ,0.7833,-0.14253571611580404
Northwestern_Himalayan_alpine_shrub_and_meadows,0.3382561101152555,Northwestern_Himalayan_alpine_shrub_and_meadows,Western_Himalayan_subalpine_conifer_forests   ,0.9506,-0.14253571611580404
Northwestern_Himalayan_alpine_shrub_and_meadows,0.3382561101152555,Northwestern_Himalayan_alpine_shrub_and_meadows,Lower_Gangetic_Plains_moist_deciduous_forests ,0.7837,-0.14253571611580404
Northwestern_Himalayan_alpine_shrub_and_meadows,0.3382561101152555,Northwestern_Himalayan_alpine_shrub_and_meadows,South_Western_Ghats_moist_deciduous_forests   ,0.7763,-0.14253571611580404
Northwestern_Himalayan_alpine_shrub_and_meadows,0.3382561101152555,Northwestern_Himalayan_alpine_shrub_and_meadows,Thar_desert                                   ,0.7532,-0.14253571611580404
Northwestern_Himalayan_alpine_shrub_and_meadows,0.3382561101152555,Northwestern_Himalayan_alpine_shrub_and_meadows,Godavari_Krishna_mangroves                    ,0.7596,-0.14253571611580404
Northwestern_Himalayan_alpine_shrub_and_meadows,0.3382561101152555,Northwestern_Himalayan_alpine_shrub_and_meadows,North_Tibetan_Plateau_Kunlun_Mountains_alpine_desert,0.9115,-0.14253571611580404
Northwestern_Himalayan_alpine_shrub_and_meadows,0.3382561101152555,Northwestern_Himalayan_alpine_shrub_and_meadows,Himalayan_subtropical_broadleaf_forests       ,0.8577,-0.14253571611580404
Northwestern_Himalayan_alpine_shrub_and_meadows,0.3382561101152555,Northwestern_Himalayan_alpine_shrub_and_meadows,South_Deccan_Plateau_dry_deciduous_forests    ,0.8374,-0.14253571611580404
Northwestern_Himalayan_alpine_shrub_and_meadows,0.3382561101152555,Northwestern_Himalayan_alpine_shrub_and_meadows,Orissa_semi_evergreen_forests                 ,0.7898,-0.14253571611580404
Northwestern_Himalayan_alpine_shrub_and_meadows,0.3382561101152555,Northwestern_Himalayan_alpine_shrub_and_meadows,Sundarbans_freshwater_swamp_forests           ,0.8027,-0.14253571611580404
Northwestern_Himalayan_alpine_shrub_and_meadows,0.3382561101152555,Northwestern_Himalayan_alpine_shrub_and_meadows,Himalayan_subtropical_pine_forests            ,0.8551,-0.14253571611580404
North_Western_Ghats_moist_deciduous_forests,0.2491479520485081,North_Western_Ghats_moist_deciduous_forests,Brahmaputra_Valley_semi_evergreen_forests     ,0.8824,-0.14253571611580404
North_Western_Ghats_moist_deciduous_forests,0.2491479520485081,North_Western_Ghats_moist_deciduous_forests,Western_Himalayan_broadleaf_forests           ,0.8839,-0.14253571611580404
North_Western_Ghats_moist_deciduous_forests,0.2491479520485081,North_Western_Ghats_moist_deciduous_forests,Northeast_Himalayan_subalpine_conifer_forests ,0.8566,-0.14253571611580404
North_Western_Ghats_moist_deciduous_forests,0.2491479520485081,North_Western_Ghats_moist_deciduous_forests,South_Western_Ghats_montane_rain_forests      ,0.9312,-0.14253571611580404
North_Western_Ghats_moist_deciduous_forests,0.2491479520485081,North_Western_Ghats_moist_deciduous_forests,Narmada_Valley_dry_deciduous_forests          ,0.942,-0.14253571611580404
North_Western_Ghats_moist_deciduous_forests,0.2491479520485081,North_Western_Ghats_moist_deciduous_forests,Mizoram_Manipur_Kachin_rain_forests           ,0.9439,-0.14253571611580404
North_Western_Ghats_moist_deciduous_forests,0.2491479520485081,North_Western_Ghats_moist_deciduous_forests,Khathiar_Gir_dry_deciduous_forests            ,0.9469,-0.14253571611580404
North_Western_Ghats_moist_deciduous_forests,0.2491479520485081,North_Western_Ghats_moist_deciduous_forests,Aravalli_west_thorn_scrub_forests             ,0.9414,-0.14253571611580404
North_Western_Ghats_moist_deciduous_forests,0.2491479520485081,North_Western_Ghats_moist_deciduous_forests,Maldives_Lakshadweep_Chagos_Archipelago_tropical_moist_forests,0.6853,-0.14253571611580404
North_Western_Ghats_moist_deciduous_forests,0.2491479520485081,North_Western_Ghats_moist_deciduous_forests,East_Deccan_moist_deciduous_forests           ,0.9605,-0.14253571611580404
North_Western_Ghats_moist_deciduous_forests,0.2491479520485081,North_Western_Ghats_moist_deciduous_forests,East_Deccan_dry_evergreen_forests             ,0.9146,-0.14253571611580404
North_Western_Ghats_moist_deciduous_forests,0.2491479520485081,North_Western_Ghats_moist_deciduous_forests,Central_Deccan_Plateau_dry_deciduous_forests  ,0.9551,-0.14253571611580404
North_Western_Ghats_moist_deciduous_forests,0.2491479520485081,North_Western_Ghats_moist_deciduous_forests,Eastern_Himalayan_broadleaf_forests           ,0.9436,-0.14253571611580404
North_Western_Ghats_moist_deciduous_forests,0.2491479520485081,North_Western_Ghats_moist_deciduous_forests,Central_Tibetan_Plateau_alpine_steppe         ,0.7869,-0.14253571611580404
North_Western_Ghats_moist_deciduous_forests,0.2491479520485081,North_Western_Ghats_moist_deciduous_forests,Terai_Duar_savanna_and_grasslands             ,0.9374,-0.14253571611580404
North_Western_Ghats_moist_deciduous_forests,0.2491479520485081,North_Western_Ghats_moist_deciduous_forests,Nicobar_Islands_rain_forests                  ,0.7104,-0.14253571611580404
North_Western_Ghats_moist_deciduous_forests,0.2491479520485081,North_Western_Ghats_moist_deciduous_forests,Eastern_Himalayan_alpine_shrub_and_meadows    ,0.8756,-0.14253571611580404
North_Western_Ghats_moist_deciduous_forests,0.2491479520485081,North_Western_Ghats_moist_deciduous_forests,North_Western_Ghats_montane_rain_forests      ,0.9866,-0.14253571611580404
North_Western_Ghats_moist_deciduous_forests,0.2491479520485081,North_Western_Ghats_moist_deciduous_forests,Chhota_Nagpur_dry_deciduous_forests           ,0.9466,-0.14253571611580404
North_Western_Ghats_moist_deciduous_forests,0.2491479520485081,North_Western_Ghats_moist_deciduous_forests,Rann_of_Kutch_seasonal_salt_marsh             ,0.9254,-0.14253571611580404
North_Western_Ghats_moist_deciduous_forests,0.2491479520485081,North_Western_Ghats_moist_deciduous_forests,Northwestern_Himalayan_alpine_shrub_and_meadows,0.7411,-0.14253571611580404
North_Western_Ghats_moist_deciduous_forests,0.2491479520485081,North_Western_Ghats_moist_deciduous_forests,Upper_Gangetic_Plains_moist_deciduous_forests ,0.9496,-0.14253571611580404
North_Western_Ghats_moist_deciduous_forests,0.2491479520485081,North_Western_Ghats_moist_deciduous_forests,North_Deccan_dry_deciduous_forests            ,0.9357,-0.14253571611580404
North_Western_Ghats_moist_deciduous_forests,0.2491479520485081,North_Western_Ghats_moist_deciduous_forests,Northeast_India_Myanmar_pine_forests          ,0.8332,-0.14253571611580404
North_Western_Ghats_moist_deciduous_forests,0.2491479520485081,North_Western_Ghats_moist_deciduous_forests,Sundarbans_mangroves                          ,0.8982,-0.14253571611580404
North_Western_Ghats_moist_deciduous_forests,0.2491479520485081,North_Western_Ghats_moist_deciduous_forests,Karakoram_West_Tibetan_Plateau_alpine_steppe  ,0.7591,-0.14253571611580404
North_Western_Ghats_moist_deciduous_forests,0.2491479520485081,North_Western_Ghats_moist_deciduous_forests,Baluchistan_xeric_woodlands                   ,0.892,-0.14253571611580404
North_Western_Ghats_moist_deciduous_forests,0.2491479520485081,North_Western_Ghats_moist_deciduous_forests,Indus_River_Delta_Arabian_Sea_mangroves       ,0.9499,-0.14253571611580404
North_Western_Ghats_moist_deciduous_forests,0.2491479520485081,North_Western_Ghats_moist_deciduous_forests,Meghalaya_subtropical_forests                 ,0.9357,-0.14253571611580404
North_Western_Ghats_moist_deciduous_forests,0.2491479520485081,North_Western_Ghats_moist_deciduous_forests,Chin_Hills_Arakan_Yoma_montane_forests        ,0.9232,-0.14253571611580404
North_Western_Ghats_moist_deciduous_forests,0.2491479520485081,North_Western_Ghats_moist_deciduous_forests,North_Western_Ghats_moist_deciduous_forests   ,1.0,-0.14253571611580404
North_Western_Ghats_moist_deciduous_forests,0.2491479520485081,North_Western_Ghats_moist_deciduous_forests,Northern_Triangle_temperate_forests           ,0.843,-0.14253571611580404
North_Western_Ghats_moist_deciduous_forests,0.2491479520485081,North_Western_Ghats_moist_deciduous_forests,Malabar_Coast_moist_forests                   ,0.9428,-0.14253571611580404
North_Western_Ghats_moist_deciduous_forests,0.2491479520485081,North_Western_Ghats_moist_deciduous_forests,Andaman_Islands_rain_forests                  ,0.8098,-0.14253571611580404
North_Western_Ghats_moist_deciduous_forests,0.2491479520485081,North_Western_Ghats_moist_deciduous_forests,Western_Himalayan_alpine_shrub_and_meadows    ,0.7969,-0.14253571611580404
North_Western_Ghats_moist_deciduous_forests,0.2491479520485081,North_Western_Ghats_moist_deciduous_forests,Eastern_Himalayan_subalpine_conifer_forests   ,0.9029,-0.14253571611580404
North_Western_Ghats_moist_deciduous_forests,0.2491479520485081,North_Western_Ghats_moist_deciduous_forests,Deccan_thorn_scrub_forests                    ,0.9575,-0.14253571611580404
North_Western_Ghats_moist_deciduous_forests,0.2491479520485081,North_Western_Ghats_moist_deciduous_forests,Western_Himalayan_subalpine_conifer_forests   ,0.8791,-0.14253571611580404
North_Western_Ghats_moist_deciduous_forests,0.2491479520485081,North_Western_Ghats_moist_deciduous_forests,Lower_Gangetic_Plains_moist_deciduous_forests ,0.9519,-0.14253571611580404
North_Western_Ghats_moist_deciduous_forests,0.2491479520485081,North_Western_Ghats_moist_deciduous_forests,South_Western_Ghats_moist_deciduous_forests   ,0.9348,-0.14253571611580404
North_Western_Ghats_moist_deciduous_forests,0.2491479520485081,North_Western_Ghats_moist_deciduous_forests,Thar_desert                                   ,0.9052,-0.14253571611580404
North_Western_Ghats_moist_deciduous_forests,0.2491479520485081,North_Western_Ghats_moist_deciduous_forests,Godavari_Krishna_mangroves                    ,0.9182,-0.14253571611580404
North_Western_Ghats_moist_deciduous_forests,0.2491479520485081,North_Western_Ghats_moist_deciduous_forests,North_Tibetan_Plateau_Kunlun_Mountains_alpine_desert,0.8006,-0.14253571611580404
North_Western_Ghats_moist_deciduous_forests,0.2491479520485081,North_Western_Ghats_moist_deciduous_forests,Himalayan_subtropical_broadleaf_forests       ,0.9442,-0.14253571611580404
North_Western_Ghats_moist_deciduous_forests,0.2491479520485081,North_Western_Ghats_moist_deciduous_forests,South_Deccan_Plateau_dry_deciduous_forests    ,0.9367,-0.14253571611580404
North_Western_Ghats_moist_deciduous_forests,0.2491479520485081,North_Western_Ghats_moist_deciduous_forests,Orissa_semi_evergreen_forests                 ,0.9172,-0.14253571611580404
North_Western_Ghats_moist_deciduous_forests,0.2491479520485081,North_Western_Ghats_moist_deciduous_forests,Sundarbans_freshwater_swamp_forests           ,0.9068,-0.14253571611580404
North_Western_Ghats_moist_deciduous_forests,0.2491479520485081,North_Western_Ghats_moist_deciduous_forests,Himalayan_subtropical_pine_forests            ,0.9422,-0.14253571611580404
North_Deccan_dry_deciduous_forests,0.0043369255333477,North_Deccan_dry_deciduous_forests,Brahmaputra_Valley_semi_evergreen_forests     ,0.9438,-0.14253571611580404
North_Deccan_dry_deciduous_forests,0.0043369255333477,North_Deccan_dry_deciduous_forests,Western_Himalayan_broadleaf_forests           ,0.8893,-0.14253571611580404
North_Deccan_dry_deciduous_forests,0.0043369255333477,North_Deccan_dry_deciduous_forests,Northeast_Himalayan_subalpine_conifer_forests ,0.8841,-0.14253571611580404
North_Deccan_dry_deciduous_forests,0.0043369255333477,North_Deccan_dry_deciduous_forests,South_Western_Ghats_montane_rain_forests      ,0.8435,-0.14253571611580404
North_Deccan_dry_deciduous_forests,0.0043369255333477,North_Deccan_dry_deciduous_forests,Narmada_Valley_dry_deciduous_forests          ,0.9739,-0.14253571611580404
North_Deccan_dry_deciduous_forests,0.0043369255333477,North_Deccan_dry_deciduous_forests,Mizoram_Manipur_Kachin_rain_forests           ,0.9582,-0.14253571611580404
North_Deccan_dry_deciduous_forests,0.0043369255333477,North_Deccan_dry_deciduous_forests,Khathiar_Gir_dry_deciduous_forests            ,0.9807,-0.14253571611580404
North_Deccan_dry_deciduous_forests,0.0043369255333477,North_Deccan_dry_deciduous_forests,Aravalli_west_thorn_scrub_forests             ,0.9885,-0.14253571611580404
North_Deccan_dry_deciduous_forests,0.0043369255333477,North_Deccan_dry_deciduous_forests,Maldives_Lakshadweep_Chagos_Archipelago_tropical_moist_forests,0.5888,-0.14253571611580404
North_Deccan_dry_deciduous_forests,0.0043369255333477,North_Deccan_dry_deciduous_forests,East_Deccan_moist_deciduous_forests           ,0.9896,-0.14253571611580404
North_Deccan_dry_deciduous_forests,0.0043369255333477,North_Deccan_dry_deciduous_forests,East_Deccan_dry_evergreen_forests             ,0.9301,-0.14253571611580404
North_Deccan_dry_deciduous_forests,0.0043369255333477,North_Deccan_dry_deciduous_forests,Central_Deccan_Plateau_dry_deciduous_forests  ,0.976,-0.14253571611580404
North_Deccan_dry_deciduous_forests,0.0043369255333477,North_Deccan_dry_deciduous_forests,Eastern_Himalayan_broadleaf_forests           ,0.9313,-0.14253571611580404
North_Deccan_dry_deciduous_forests,0.0043369255333477,North_Deccan_dry_deciduous_forests,Central_Tibetan_Plateau_alpine_steppe         ,0.8224,-0.14253571611580404
North_Deccan_dry_deciduous_forests,0.0043369255333477,North_Deccan_dry_deciduous_forests,Terai_Duar_savanna_and_grasslands             ,0.9766,-0.14253571611580404
North_Deccan_dry_deciduous_forests,0.0043369255333477,North_Deccan_dry_deciduous_forests,Nicobar_Islands_rain_forests                  ,0.6158,-0.14253571611580404
North_Deccan_dry_deciduous_forests,0.0043369255333477,North_Deccan_dry_deciduous_forests,Eastern_Himalayan_alpine_shrub_and_meadows    ,0.9076,-0.14253571611580404
North_Deccan_dry_deciduous_forests,0.0043369255333477,North_Deccan_dry_deciduous_forests,North_Western_Ghats_montane_rain_forests      ,0.9055,-0.14253571611580404
North_Deccan_dry_deciduous_forests,0.0043369255333477,North_Deccan_dry_deciduous_forests,Chhota_Nagpur_dry_deciduous_forests           ,0.9951,-0.14253571611580404
North_Deccan_dry_deciduous_forests,0.0043369255333477,North_Deccan_dry_deciduous_forests,Rann_of_Kutch_seasonal_salt_marsh             ,0.9769,-0.14253571611580404
North_Deccan_dry_deciduous_forests,0.0043369255333477,North_Deccan_dry_deciduous_forests,Northwestern_Himalayan_alpine_shrub_and_meadows,0.8143,-0.14253571611580404
North_Deccan_dry_deciduous_forests,0.0043369255333477,North_Deccan_dry_deciduous_forests,Upper_Gangetic_Plains_moist_deciduous_forests ,0.983,-0.14253571611580404
North_Deccan_dry_deciduous_forests,0.0043369255333477,North_Deccan_dry_deciduous_forests,North_Deccan_dry_deciduous_forests            ,1.0,-0.14253571611580404
North_Deccan_dry_deciduous_forests,0.0043369255333477,North_Deccan_dry_deciduous_forests,Northeast_India_Myanmar_pine_forests          ,0.8661,-0.14253571611580404
North_Deccan_dry_deciduous_forests,0.0043369255333477,North_Deccan_dry_deciduous_forests,Sundarbans_mangroves                          ,0.9548,-0.14253571611580404
North_Deccan_dry_deciduous_forests,0.0043369255333477,North_Deccan_dry_deciduous_forests,Karakoram_West_Tibetan_Plateau_alpine_steppe  ,0.8158,-0.14253571611580404
North_Deccan_dry_deciduous_forests,0.0043369255333477,North_Deccan_dry_deciduous_forests,Baluchistan_xeric_woodlands                   ,0.9321,-0.14253571611580404
North_Deccan_dry_deciduous_forests,0.0043369255333477,North_Deccan_dry_deciduous_forests,Indus_River_Delta_Arabian_Sea_mangroves       ,0.9396,-0.14253571611580404
North_Deccan_dry_deciduous_forests,0.0043369255333477,North_Deccan_dry_deciduous_forests,Meghalaya_subtropical_forests                 ,0.9596,-0.14253571611580404
North_Deccan_dry_deciduous_forests,0.0043369255333477,North_Deccan_dry_deciduous_forests,Chin_Hills_Arakan_Yoma_montane_forests        ,0.9364,-0.14253571611580404
North_Deccan_dry_deciduous_forests,0.0043369255333477,North_Deccan_dry_deciduous_forests,North_Western_Ghats_moist_deciduous_forests   ,0.9357,-0.14253571611580404
North_Deccan_dry_deciduous_forests,0.0043369255333477,North_Deccan_dry_deciduous_forests,Northern_Triangle_temperate_forests           ,0.8512,-0.14253571611580404
North_Deccan_dry_deciduous_forests,0.0043369255333477,North_Deccan_dry_deciduous_forests,Malabar_Coast_moist_forests                   ,0.8175,-0.14253571611580404
North_Deccan_dry_deciduous_forests,0.0043369255333477,North_Deccan_dry_deciduous_forests,Andaman_Islands_rain_forests                  ,0.6938,-0.14253571611580404
North_Deccan_dry_deciduous_forests,0.0043369255333477,North_Deccan_dry_deciduous_forests,Western_Himalayan_alpine_shrub_and_meadows    ,0.8208,-0.14253571611580404
North_Deccan_dry_deciduous_forests,0.0043369255333477,North_Deccan_dry_deciduous_forests,Eastern_Himalayan_subalpine_conifer_forests   ,0.9186,-0.14253571611580404
North_Deccan_dry_deciduous_forests,0.0043369255333477,North_Deccan_dry_deciduous_forests,Deccan_thorn_scrub_forests                    ,0.9436,-0.14253571611580404
North_Deccan_dry_deciduous_forests,0.0043369255333477,North_Deccan_dry_deciduous_forests,Western_Himalayan_subalpine_conifer_forests   ,0.9032,-0.14253571611580404
North_Deccan_dry_deciduous_forests,0.0043369255333477,North_Deccan_dry_deciduous_forests,Lower_Gangetic_Plains_moist_deciduous_forests ,0.9785,-0.14253571611580404
North_Deccan_dry_deciduous_forests,0.0043369255333477,North_Deccan_dry_deciduous_forests,South_Western_Ghats_moist_deciduous_forests   ,0.8637,-0.14253571611580404
North_Deccan_dry_deciduous_forests,0.0043369255333477,North_Deccan_dry_deciduous_forests,Thar_desert                                   ,0.985,-0.14253571611580404
North_Deccan_dry_deciduous_forests,0.0043369255333477,North_Deccan_dry_deciduous_forests,Godavari_Krishna_mangroves                    ,0.9561,-0.14253571611580404
North_Deccan_dry_deciduous_forests,0.0043369255333477,North_Deccan_dry_deciduous_forests,North_Tibetan_Plateau_Kunlun_Mountains_alpine_desert,0.8379,-0.14253571611580404
North_Deccan_dry_deciduous_forests,0.0043369255333477,North_Deccan_dry_deciduous_forests,Himalayan_subtropical_broadleaf_forests       ,0.9647,-0.14253571611580404
North_Deccan_dry_deciduous_forests,0.0043369255333477,North_Deccan_dry_deciduous_forests,South_Deccan_Plateau_dry_deciduous_forests    ,0.9408,-0.14253571611580404
North_Deccan_dry_deciduous_forests,0.0043369255333477,North_Deccan_dry_deciduous_forests,Orissa_semi_evergreen_forests                 ,0.9859,-0.14253571611580404
North_Deccan_dry_deciduous_forests,0.0043369255333477,North_Deccan_dry_deciduous_forests,Sundarbans_freshwater_swamp_forests           ,0.9722,-0.14253571611580404
North_Deccan_dry_deciduous_forests,0.0043369255333477,North_Deccan_dry_deciduous_forests,Himalayan_subtropical_pine_forests            ,0.9274,-0.14253571611580404
Orissa_semi_evergreen_forests,0.0098651299655057,Orissa_semi_evergreen_forests,Brahmaputra_Valley_semi_evergreen_forests     ,0.9453,-0.14253571611580404
Orissa_semi_evergreen_forests,0.0098651299655057,Orissa_semi_evergreen_forests,Western_Himalayan_broadleaf_forests           ,0.889,-0.14253571611580404
Orissa_semi_evergreen_forests,0.0098651299655057,Orissa_semi_evergreen_forests,Northeast_Himalayan_subalpine_conifer_forests ,0.8345,-0.14253571611580404
Orissa_semi_evergreen_forests,0.0098651299655057,Orissa_semi_evergreen_forests,South_Western_Ghats_montane_rain_forests      ,0.8483,-0.14253571611580404
Orissa_semi_evergreen_forests,0.0098651299655057,Orissa_semi_evergreen_forests,Narmada_Valley_dry_deciduous_forests          ,0.9472,-0.14253571611580404
Orissa_semi_evergreen_forests,0.0098651299655057,Orissa_semi_evergreen_forests,Mizoram_Manipur_Kachin_rain_forests           ,0.9574,-0.14253571611580404
Orissa_semi_evergreen_forests,0.0098651299655057,Orissa_semi_evergreen_forests,Khathiar_Gir_dry_deciduous_forests            ,0.9556,-0.14253571611580404
Orissa_semi_evergreen_forests,0.0098651299655057,Orissa_semi_evergreen_forests,Aravalli_west_thorn_scrub_forests             ,0.9749,-0.14253571611580404
Orissa_semi_evergreen_forests,0.0098651299655057,Orissa_semi_evergreen_forests,Maldives_Lakshadweep_Chagos_Archipelago_tropical_moist_forests,0.6427,-0.14253571611580404
Orissa_semi_evergreen_forests,0.0098651299655057,Orissa_semi_evergreen_forests,East_Deccan_moist_deciduous_forests           ,0.9787,-0.14253571611580404
Orissa_semi_evergreen_forests,0.0098651299655057,Orissa_semi_evergreen_forests,East_Deccan_dry_evergreen_forests             ,0.9532,-0.14253571611580404
Orissa_semi_evergreen_forests,0.0098651299655057,Orissa_semi_evergreen_forests,Central_Deccan_Plateau_dry_deciduous_forests  ,0.9635,-0.14253571611580404
Orissa_semi_evergreen_forests,0.0098651299655057,Orissa_semi_evergreen_forests,Eastern_Himalayan_broadleaf_forests           ,0.9254,-0.14253571611580404
Orissa_semi_evergreen_forests,0.0098651299655057,Orissa_semi_evergreen_forests,Central_Tibetan_Plateau_alpine_steppe         ,0.7579,-0.14253571611580404
Orissa_semi_evergreen_forests,0.0098651299655057,Orissa_semi_evergreen_forests,Terai_Duar_savanna_and_grasslands             ,0.9715,-0.14253571611580404
Orissa_semi_evergreen_forests,0.0098651299655057,Orissa_semi_evergreen_forests,Nicobar_Islands_rain_forests                  ,0.6889,-0.14253571611580404
Orissa_semi_evergreen_forests,0.0098651299655057,Orissa_semi_evergreen_forests,Eastern_Himalayan_alpine_shrub_and_meadows    ,0.8607,-0.14253571611580404
Orissa_semi_evergreen_forests,0.0098651299655057,Orissa_semi_evergreen_forests,North_Western_Ghats_montane_rain_forests      ,0.8776,-0.14253571611580404
Orissa_semi_evergreen_forests,0.0098651299655057,Orissa_semi_evergreen_forests,Chhota_Nagpur_dry_deciduous_forests           ,0.9824,-0.14253571611580404
Orissa_semi_evergreen_forests,0.0098651299655057,Orissa_semi_evergreen_forests,Rann_of_Kutch_seasonal_salt_marsh             ,0.9607,-0.14253571611580404
Orissa_semi_evergreen_forests,0.0098651299655057,Orissa_semi_evergreen_forests,Northwestern_Himalayan_alpine_shrub_and_meadows,0.7898,-0.14253571611580404
Orissa_semi_evergreen_forests,0.0098651299655057,Orissa_semi_evergreen_forests,Upper_Gangetic_Plains_moist_deciduous_forests ,0.9767,-0.14253571611580404
Orissa_semi_evergreen_forests,0.0098651299655057,Orissa_semi_evergreen_forests,North_Deccan_dry_deciduous_forests            ,0.9859,-0.14253571611580404
Orissa_semi_evergreen_forests,0.0098651299655057,Orissa_semi_evergreen_forests,Northeast_India_Myanmar_pine_forests          ,0.8463,-0.14253571611580404
Orissa_semi_evergreen_forests,0.0098651299655057,Orissa_semi_evergreen_forests,Sundarbans_mangroves                          ,0.9531,-0.14253571611580404
Orissa_semi_evergreen_forests,0.0098651299655057,Orissa_semi_evergreen_forests,Karakoram_West_Tibetan_Plateau_alpine_steppe  ,0.7688,-0.14253571611580404
Orissa_semi_evergreen_forests,0.0098651299655057,Orissa_semi_evergreen_forests,Baluchistan_xeric_woodlands                   ,0.9055,-0.14253571611580404
Orissa_semi_evergreen_forests,0.0098651299655057,Orissa_semi_evergreen_forests,Indus_River_Delta_Arabian_Sea_mangroves       ,0.939,-0.14253571611580404
Orissa_semi_evergreen_forests,0.0098651299655057,Orissa_semi_evergreen_forests,Meghalaya_subtropical_forests                 ,0.95,-0.14253571611580404
Orissa_semi_evergreen_forests,0.0098651299655057,Orissa_semi_evergreen_forests,Chin_Hills_Arakan_Yoma_montane_forests        ,0.9252,-0.14253571611580404
Orissa_semi_evergreen_forests,0.0098651299655057,Orissa_semi_evergreen_forests,North_Western_Ghats_moist_deciduous_forests   ,0.9172,-0.14253571611580404
Orissa_semi_evergreen_forests,0.0098651299655057,Orissa_semi_evergreen_forests,Northern_Triangle_temperate_forests           ,0.8297,-0.14253571611580404
Orissa_semi_evergreen_forests,0.0098651299655057,Orissa_semi_evergreen_forests,Malabar_Coast_moist_forests                   ,0.8339,-0.14253571611580404
Orissa_semi_evergreen_forests,0.0098651299655057,Orissa_semi_evergreen_forests,Andaman_Islands_rain_forests                  ,0.7492,-0.14253571611580404
Orissa_semi_evergreen_forests,0.0098651299655057,Orissa_semi_evergreen_forests,Western_Himalayan_alpine_shrub_and_meadows    ,0.7848,-0.14253571611580404
Orissa_semi_evergreen_forests,0.0098651299655057,Orissa_semi_evergreen_forests,Eastern_Himalayan_subalpine_conifer_forests   ,0.8851,-0.14253571611580404
Orissa_semi_evergreen_forests,0.0098651299655057,Orissa_semi_evergreen_forests,Deccan_thorn_scrub_forests                    ,0.9458,-0.14253571611580404
Orissa_semi_evergreen_forests,0.0098651299655057,Orissa_semi_evergreen_forests,Western_Himalayan_subalpine_conifer_forests   ,0.8998,-0.14253571611580404
Orissa_semi_evergreen_forests,0.0098651299655057,Orissa_semi_evergreen_forests,Lower_Gangetic_Plains_moist_deciduous_forests ,0.9792,-0.14253571611580404
Orissa_semi_evergreen_forests,0.0098651299655057,Orissa_semi_evergreen_forests,South_Western_Ghats_moist_deciduous_forests   ,0.8762,-0.14253571611580404
Orissa_semi_evergreen_forests,0.0098651299655057,Orissa_semi_evergreen_forests,Thar_desert                                   ,0.9706,-0.14253571611580404
Orissa_semi_evergreen_forests,0.0098651299655057,Orissa_semi_evergreen_forests,Godavari_Krishna_mangroves                    ,0.9736,-0.14253571611580404
Orissa_semi_evergreen_forests,0.0098651299655057,Orissa_semi_evergreen_forests,North_Tibetan_Plateau_Kunlun_Mountains_alpine_desert,0.7744,-0.14253571611580404
Orissa_semi_evergreen_forests,0.0098651299655057,Orissa_semi_evergreen_forests,Himalayan_subtropical_broadleaf_forests       ,0.9512,-0.14253571611580404
Orissa_semi_evergreen_forests,0.0098651299655057,Orissa_semi_evergreen_forests,South_Deccan_Plateau_dry_deciduous_forests    ,0.9399,-0.14253571611580404
Orissa_semi_evergreen_forests,0.0098651299655057,Orissa_semi_evergreen_forests,Orissa_semi_evergreen_forests                 ,1.0,-0.14253571611580404
Orissa_semi_evergreen_forests,0.0098651299655057,Orissa_semi_evergreen_forests,Sundarbans_freshwater_swamp_forests           ,0.9687,-0.14253571611580404
Orissa_semi_evergreen_forests,0.0098651299655057,Orissa_semi_evergreen_forests,Himalayan_subtropical_pine_forests            ,0.9332,-0.14253571611580404
South_Western_Ghats_moist_deciduous_forests,0.1078244514920595,South_Western_Ghats_moist_deciduous_forests,Brahmaputra_Valley_semi_evergreen_forests     ,0.8469,-0.14253571611580404
South_Western_Ghats_moist_deciduous_forests,0.1078244514920595,South_Western_Ghats_moist_deciduous_forests,Western_Himalayan_broadleaf_forests           ,0.9304,-0.14253571611580404
South_Western_Ghats_moist_deciduous_forests,0.1078244514920595,South_Western_Ghats_moist_deciduous_forests,Northeast_Himalayan_subalpine_conifer_forests ,0.8112,-0.14253571611580404
South_Western_Ghats_moist_deciduous_forests,0.1078244514920595,South_Western_Ghats_moist_deciduous_forests,South_Western_Ghats_montane_rain_forests      ,0.9883,-0.14253571611580404
South_Western_Ghats_moist_deciduous_forests,0.1078244514920595,South_Western_Ghats_moist_deciduous_forests,Narmada_Valley_dry_deciduous_forests          ,0.8654,-0.14253571611580404
South_Western_Ghats_moist_deciduous_forests,0.1078244514920595,South_Western_Ghats_moist_deciduous_forests,Mizoram_Manipur_Kachin_rain_forests           ,0.9093,-0.14253571611580404
South_Western_Ghats_moist_deciduous_forests,0.1078244514920595,South_Western_Ghats_moist_deciduous_forests,Khathiar_Gir_dry_deciduous_forests            ,0.8698,-0.14253571611580404
South_Western_Ghats_moist_deciduous_forests,0.1078244514920595,South_Western_Ghats_moist_deciduous_forests,Aravalli_west_thorn_scrub_forests             ,0.8773,-0.14253571611580404
South_Western_Ghats_moist_deciduous_forests,0.1078244514920595,South_Western_Ghats_moist_deciduous_forests,Maldives_Lakshadweep_Chagos_Archipelago_tropical_moist_forests,0.8095,-0.14253571611580404
South_Western_Ghats_moist_deciduous_forests,0.1078244514920595,South_Western_Ghats_moist_deciduous_forests,East_Deccan_moist_deciduous_forests           ,0.9099,-0.14253571611580404
South_Western_Ghats_moist_deciduous_forests,0.1078244514920595,South_Western_Ghats_moist_deciduous_forests,East_Deccan_dry_evergreen_forests             ,0.9331,-0.14253571611580404
South_Western_Ghats_moist_deciduous_forests,0.1078244514920595,South_Western_Ghats_moist_deciduous_forests,Central_Deccan_Plateau_dry_deciduous_forests  ,0.9088,-0.14253571611580404
South_Western_Ghats_moist_deciduous_forests,0.1078244514920595,South_Western_Ghats_moist_deciduous_forests,Eastern_Himalayan_broadleaf_forests           ,0.9277,-0.14253571611580404
South_Western_Ghats_moist_deciduous_forests,0.1078244514920595,South_Western_Ghats_moist_deciduous_forests,Central_Tibetan_Plateau_alpine_steppe         ,0.7376,-0.14253571611580404
South_Western_Ghats_moist_deciduous_forests,0.1078244514920595,South_Western_Ghats_moist_deciduous_forests,Terai_Duar_savanna_and_grasslands             ,0.8675,-0.14253571611580404
South_Western_Ghats_moist_deciduous_forests,0.1078244514920595,South_Western_Ghats_moist_deciduous_forests,Nicobar_Islands_rain_forests                  ,0.8744,-0.14253571611580404
South_Western_Ghats_moist_deciduous_forests,0.1078244514920595,South_Western_Ghats_moist_deciduous_forests,Eastern_Himalayan_alpine_shrub_and_meadows    ,0.8286,-0.14253571611580404
South_Western_Ghats_moist_deciduous_forests,0.1078244514920595,South_Western_Ghats_moist_deciduous_forests,North_Western_Ghats_montane_rain_forests      ,0.9219,-0.14253571611580404
South_Western_Ghats_moist_deciduous_forests,0.1078244514920595,South_Western_Ghats_moist_deciduous_forests,Chhota_Nagpur_dry_deciduous_forests           ,0.8904,-0.14253571611580404
South_Western_Ghats_moist_deciduous_forests,0.1078244514920595,South_Western_Ghats_moist_deciduous_forests,Rann_of_Kutch_seasonal_salt_marsh             ,0.8478,-0.14253571611580404
South_Western_Ghats_moist_deciduous_forests,0.1078244514920595,South_Western_Ghats_moist_deciduous_forests,Northwestern_Himalayan_alpine_shrub_and_meadows,0.7763,-0.14253571611580404
South_Western_Ghats_moist_deciduous_forests,0.1078244514920595,South_Western_Ghats_moist_deciduous_forests,Upper_Gangetic_Plains_moist_deciduous_forests ,0.8887,-0.14253571611580404
South_Western_Ghats_moist_deciduous_forests,0.1078244514920595,South_Western_Ghats_moist_deciduous_forests,North_Deccan_dry_deciduous_forests            ,0.8637,-0.14253571611580404
South_Western_Ghats_moist_deciduous_forests,0.1078244514920595,South_Western_Ghats_moist_deciduous_forests,Northeast_India_Myanmar_pine_forests          ,0.8088,-0.14253571611580404
South_Western_Ghats_moist_deciduous_forests,0.1078244514920595,South_Western_Ghats_moist_deciduous_forests,Sundarbans_mangroves                          ,0.8506,-0.14253571611580404
South_Western_Ghats_moist_deciduous_forests,0.1078244514920595,South_Western_Ghats_moist_deciduous_forests,Karakoram_West_Tibetan_Plateau_alpine_steppe  ,0.756,-0.14253571611580404
South_Western_Ghats_moist_deciduous_forests,0.1078244514920595,South_Western_Ghats_moist_deciduous_forests,Baluchistan_xeric_woodlands                   ,0.8794,-0.14253571611580404
South_Western_Ghats_moist_deciduous_forests,0.1078244514920595,South_Western_Ghats_moist_deciduous_forests,Indus_River_Delta_Arabian_Sea_mangroves       ,0.9166,-0.14253571611580404
South_Western_Ghats_moist_deciduous_forests,0.1078244514920595,South_Western_Ghats_moist_deciduous_forests,Meghalaya_subtropical_forests                 ,0.8973,-0.14253571611580404
South_Western_Ghats_moist_deciduous_forests,0.1078244514920595,South_Western_Ghats_moist_deciduous_forests,Chin_Hills_Arakan_Yoma_montane_forests        ,0.8835,-0.14253571611580404
South_Western_Ghats_moist_deciduous_forests,0.1078244514920595,South_Western_Ghats_moist_deciduous_forests,North_Western_Ghats_moist_deciduous_forests   ,0.9348,-0.14253571611580404
South_Western_Ghats_moist_deciduous_forests,0.1078244514920595,South_Western_Ghats_moist_deciduous_forests,Northern_Triangle_temperate_forests           ,0.8288,-0.14253571611580404
South_Western_Ghats_moist_deciduous_forests,0.1078244514920595,South_Western_Ghats_moist_deciduous_forests,Malabar_Coast_moist_forests                   ,0.959,-0.14253571611580404
South_Western_Ghats_moist_deciduous_forests,0.1078244514920595,South_Western_Ghats_moist_deciduous_forests,Andaman_Islands_rain_forests                  ,0.8982,-0.14253571611580404
South_Western_Ghats_moist_deciduous_forests,0.1078244514920595,South_Western_Ghats_moist_deciduous_forests,Western_Himalayan_alpine_shrub_and_meadows    ,0.821,-0.14253571611580404
South_Western_Ghats_moist_deciduous_forests,0.1078244514920595,South_Western_Ghats_moist_deciduous_forests,Eastern_Himalayan_subalpine_conifer_forests   ,0.8685,-0.14253571611580404
South_Western_Ghats_moist_deciduous_forests,0.1078244514920595,South_Western_Ghats_moist_deciduous_forests,Deccan_thorn_scrub_forests                    ,0.9516,-0.14253571611580404
South_Western_Ghats_moist_deciduous_forests,0.1078244514920595,South_Western_Ghats_moist_deciduous_forests,Western_Himalayan_subalpine_conifer_forests   ,0.9142,-0.14253571611580404
South_Western_Ghats_moist_deciduous_forests,0.1078244514920595,South_Western_Ghats_moist_deciduous_forests,Lower_Gangetic_Plains_moist_deciduous_forests ,0.9041,-0.14253571611580404
South_Western_Ghats_moist_deciduous_forests,0.1078244514920595,South_Western_Ghats_moist_deciduous_forests,South_Western_Ghats_moist_deciduous_forests   ,1.0,-0.14253571611580404
South_Western_Ghats_moist_deciduous_forests,0.1078244514920595,South_Western_Ghats_moist_deciduous_forests,Thar_desert                                   ,0.8162,-0.14253571611580404
South_Western_Ghats_moist_deciduous_forests,0.1078244514920595,South_Western_Ghats_moist_deciduous_forests,Godavari_Krishna_mangroves                    ,0.8964,-0.14253571611580404
South_Western_Ghats_moist_deciduous_forests,0.1078244514920595,South_Western_Ghats_moist_deciduous_forests,North_Tibetan_Plateau_Kunlun_Mountains_alpine_desert,0.7496,-0.14253571611580404
South_Western_Ghats_moist_deciduous_forests,0.1078244514920595,South_Western_Ghats_moist_deciduous_forests,Himalayan_subtropical_broadleaf_forests       ,0.8947,-0.14253571611580404
South_Western_Ghats_moist_deciduous_forests,0.1078244514920595,South_Western_Ghats_moist_deciduous_forests,South_Deccan_Plateau_dry_deciduous_forests    ,0.9592,-0.14253571611580404
South_Western_Ghats_moist_deciduous_forests,0.1078244514920595,South_Western_Ghats_moist_deciduous_forests,Orissa_semi_evergreen_forests                 ,0.8762,-0.14253571611580404
South_Western_Ghats_moist_deciduous_forests,0.1078244514920595,South_Western_Ghats_moist_deciduous_forests,Sundarbans_freshwater_swamp_forests           ,0.8615,-0.14253571611580404
South_Western_Ghats_moist_deciduous_forests,0.1078244514920595,South_Western_Ghats_moist_deciduous_forests,Himalayan_subtropical_pine_forests            ,0.9556,-0.14253571611580404
North_Tibetan_Plateau_Kunlun_Mountains_alpine_desert,0.5223424001355048,North_Tibetan_Plateau_Kunlun_Mountains_alpine_desert,Brahmaputra_Valley_semi_evergreen_forests     ,0.795,-0.14253571611580404
North_Tibetan_Plateau_Kunlun_Mountains_alpine_desert,0.5223424001355048,North_Tibetan_Plateau_Kunlun_Mountains_alpine_desert,Western_Himalayan_broadleaf_forests           ,0.8551,-0.14253571611580404
North_Tibetan_Plateau_Kunlun_Mountains_alpine_desert,0.5223424001355048,North_Tibetan_Plateau_Kunlun_Mountains_alpine_desert,Northeast_Himalayan_subalpine_conifer_forests ,0.9813,-0.14253571611580404
North_Tibetan_Plateau_Kunlun_Mountains_alpine_desert,0.5223424001355048,North_Tibetan_Plateau_Kunlun_Mountains_alpine_desert,South_Western_Ghats_montane_rain_forests      ,0.7622,-0.14253571611580404
North_Tibetan_Plateau_Kunlun_Mountains_alpine_desert,0.5223424001355048,North_Tibetan_Plateau_Kunlun_Mountains_alpine_desert,Narmada_Valley_dry_deciduous_forests          ,0.8637,-0.14253571611580404
North_Tibetan_Plateau_Kunlun_Mountains_alpine_desert,0.5223424001355048,North_Tibetan_Plateau_Kunlun_Mountains_alpine_desert,Mizoram_Manipur_Kachin_rain_forests           ,0.8265,-0.14253571611580404
North_Tibetan_Plateau_Kunlun_Mountains_alpine_desert,0.5223424001355048,North_Tibetan_Plateau_Kunlun_Mountains_alpine_desert,Khathiar_Gir_dry_deciduous_forests            ,0.8556,-0.14253571611580404
North_Tibetan_Plateau_Kunlun_Mountains_alpine_desert,0.5223424001355048,North_Tibetan_Plateau_Kunlun_Mountains_alpine_desert,Aravalli_west_thorn_scrub_forests             ,0.8358,-0.14253571611580404
North_Tibetan_Plateau_Kunlun_Mountains_alpine_desert,0.5223424001355048,North_Tibetan_Plateau_Kunlun_Mountains_alpine_desert,Maldives_Lakshadweep_Chagos_Archipelago_tropical_moist_forests,0.3697,-0.14253571611580404
North_Tibetan_Plateau_Kunlun_Mountains_alpine_desert,0.5223424001355048,North_Tibetan_Plateau_Kunlun_Mountains_alpine_desert,East_Deccan_moist_deciduous_forests           ,0.8385,-0.14253571611580404
North_Tibetan_Plateau_Kunlun_Mountains_alpine_desert,0.5223424001355048,North_Tibetan_Plateau_Kunlun_Mountains_alpine_desert,East_Deccan_dry_evergreen_forests             ,0.7353,-0.14253571611580404
North_Tibetan_Plateau_Kunlun_Mountains_alpine_desert,0.5223424001355048,North_Tibetan_Plateau_Kunlun_Mountains_alpine_desert,Central_Deccan_Plateau_dry_deciduous_forests  ,0.8398,-0.14253571611580404
North_Tibetan_Plateau_Kunlun_Mountains_alpine_desert,0.5223424001355048,North_Tibetan_Plateau_Kunlun_Mountains_alpine_desert,Eastern_Himalayan_broadleaf_forests           ,0.851,-0.14253571611580404
North_Tibetan_Plateau_Kunlun_Mountains_alpine_desert,0.5223424001355048,North_Tibetan_Plateau_Kunlun_Mountains_alpine_desert,Central_Tibetan_Plateau_alpine_steppe         ,0.9965,-0.14253571611580404
North_Tibetan_Plateau_Kunlun_Mountains_alpine_desert,0.5223424001355048,North_Tibetan_Plateau_Kunlun_Mountains_alpine_desert,Terai_Duar_savanna_and_grasslands             ,0.7983,-0.14253571611580404
North_Tibetan_Plateau_Kunlun_Mountains_alpine_desert,0.5223424001355048,North_Tibetan_Plateau_Kunlun_Mountains_alpine_desert,Nicobar_Islands_rain_forests                  ,0.3955,-0.14253571611580404
North_Tibetan_Plateau_Kunlun_Mountains_alpine_desert,0.5223424001355048,North_Tibetan_Plateau_Kunlun_Mountains_alpine_desert,Eastern_Himalayan_alpine_shrub_and_meadows    ,0.972,-0.14253571611580404
North_Tibetan_Plateau_Kunlun_Mountains_alpine_desert,0.5223424001355048,North_Tibetan_Plateau_Kunlun_Mountains_alpine_desert,North_Western_Ghats_montane_rain_forests      ,0.8199,-0.14253571611580404
North_Tibetan_Plateau_Kunlun_Mountains_alpine_desert,0.5223424001355048,North_Tibetan_Plateau_Kunlun_Mountains_alpine_desert,Chhota_Nagpur_dry_deciduous_forests           ,0.852,-0.14253571611580404
North_Tibetan_Plateau_Kunlun_Mountains_alpine_desert,0.5223424001355048,North_Tibetan_Plateau_Kunlun_Mountains_alpine_desert,Rann_of_Kutch_seasonal_salt_marsh             ,0.8257,-0.14253571611580404
North_Tibetan_Plateau_Kunlun_Mountains_alpine_desert,0.5223424001355048,North_Tibetan_Plateau_Kunlun_Mountains_alpine_desert,Northwestern_Himalayan_alpine_shrub_and_meadows,0.9115,-0.14253571611580404
North_Tibetan_Plateau_Kunlun_Mountains_alpine_desert,0.5223424001355048,North_Tibetan_Plateau_Kunlun_Mountains_alpine_desert,Upper_Gangetic_Plains_moist_deciduous_forests ,0.8225,-0.14253571611580404
North_Tibetan_Plateau_Kunlun_Mountains_alpine_desert,0.5223424001355048,North_Tibetan_Plateau_Kunlun_Mountains_alpine_desert,North_Deccan_dry_deciduous_forests            ,0.8379,-0.14253571611580404
North_Tibetan_Plateau_Kunlun_Mountains_alpine_desert,0.5223424001355048,North_Tibetan_Plateau_Kunlun_Mountains_alpine_desert,Northeast_India_Myanmar_pine_forests          ,0.8792,-0.14253571611580404
North_Tibetan_Plateau_Kunlun_Mountains_alpine_desert,0.5223424001355048,North_Tibetan_Plateau_Kunlun_Mountains_alpine_desert,Sundarbans_mangroves                          ,0.7782,-0.14253571611580404
North_Tibetan_Plateau_Kunlun_Mountains_alpine_desert,0.5223424001355048,North_Tibetan_Plateau_Kunlun_Mountains_alpine_desert,Karakoram_West_Tibetan_Plateau_alpine_steppe  ,0.9756,-0.14253571611580404
North_Tibetan_Plateau_Kunlun_Mountains_alpine_desert,0.5223424001355048,North_Tibetan_Plateau_Kunlun_Mountains_alpine_desert,Baluchistan_xeric_woodlands                   ,0.9353,-0.14253571611580404
North_Tibetan_Plateau_Kunlun_Mountains_alpine_desert,0.5223424001355048,North_Tibetan_Plateau_Kunlun_Mountains_alpine_desert,Indus_River_Delta_Arabian_Sea_mangroves       ,0.7861,-0.14253571611580404
North_Tibetan_Plateau_Kunlun_Mountains_alpine_desert,0.5223424001355048,North_Tibetan_Plateau_Kunlun_Mountains_alpine_desert,Meghalaya_subtropical_forests                 ,0.858,-0.14253571611580404
North_Tibetan_Plateau_Kunlun_Mountains_alpine_desert,0.5223424001355048,North_Tibetan_Plateau_Kunlun_Mountains_alpine_desert,Chin_Hills_Arakan_Yoma_montane_forests        ,0.8851,-0.14253571611580404
North_Tibetan_Plateau_Kunlun_Mountains_alpine_desert,0.5223424001355048,North_Tibetan_Plateau_Kunlun_Mountains_alpine_desert,North_Western_Ghats_moist_deciduous_forests   ,0.8006,-0.14253571611580404
North_Tibetan_Plateau_Kunlun_Mountains_alpine_desert,0.5223424001355048,North_Tibetan_Plateau_Kunlun_Mountains_alpine_desert,Northern_Triangle_temperate_forests           ,0.8697,-0.14253571611580404
North_Tibetan_Plateau_Kunlun_Mountains_alpine_desert,0.5223424001355048,North_Tibetan_Plateau_Kunlun_Mountains_alpine_desert,Malabar_Coast_moist_forests                   ,0.6344,-0.14253571611580404
North_Tibetan_Plateau_Kunlun_Mountains_alpine_desert,0.5223424001355048,North_Tibetan_Plateau_Kunlun_Mountains_alpine_desert,Andaman_Islands_rain_forests                  ,0.4618,-0.14253571611580404
North_Tibetan_Plateau_Kunlun_Mountains_alpine_desert,0.5223424001355048,North_Tibetan_Plateau_Kunlun_Mountains_alpine_desert,Western_Himalayan_alpine_shrub_and_meadows    ,0.949,-0.14253571611580404
North_Tibetan_Plateau_Kunlun_Mountains_alpine_desert,0.5223424001355048,North_Tibetan_Plateau_Kunlun_Mountains_alpine_desert,Eastern_Himalayan_subalpine_conifer_forests   ,0.9503,-0.14253571611580404
North_Tibetan_Plateau_Kunlun_Mountains_alpine_desert,0.5223424001355048,North_Tibetan_Plateau_Kunlun_Mountains_alpine_desert,Deccan_thorn_scrub_forests                    ,0.7982,-0.14253571611580404
North_Tibetan_Plateau_Kunlun_Mountains_alpine_desert,0.5223424001355048,North_Tibetan_Plateau_Kunlun_Mountains_alpine_desert,Western_Himalayan_subalpine_conifer_forests   ,0.8795,-0.14253571611580404
North_Tibetan_Plateau_Kunlun_Mountains_alpine_desert,0.5223424001355048,North_Tibetan_Plateau_Kunlun_Mountains_alpine_desert,Lower_Gangetic_Plains_moist_deciduous_forests ,0.8018,-0.14253571611580404
North_Tibetan_Plateau_Kunlun_Mountains_alpine_desert,0.5223424001355048,North_Tibetan_Plateau_Kunlun_Mountains_alpine_desert,South_Western_Ghats_moist_deciduous_forests   ,0.7496,-0.14253571611580404
North_Tibetan_Plateau_Kunlun_Mountains_alpine_desert,0.5223424001355048,North_Tibetan_Plateau_Kunlun_Mountains_alpine_desert,Thar_desert                                   ,0.8042,-0.14253571611580404
North_Tibetan_Plateau_Kunlun_Mountains_alpine_desert,0.5223424001355048,North_Tibetan_Plateau_Kunlun_Mountains_alpine_desert,Godavari_Krishna_mangroves                    ,0.7544,-0.14253571611580404
North_Tibetan_Plateau_Kunlun_Mountains_alpine_desert,0.5223424001355048,North_Tibetan_Plateau_Kunlun_Mountains_alpine_desert,North_Tibetan_Plateau_Kunlun_Mountains_alpine_desert,1.0,-0.14253571611580404
North_Tibetan_Plateau_Kunlun_Mountains_alpine_desert,0.5223424001355048,North_Tibetan_Plateau_Kunlun_Mountains_alpine_desert,Himalayan_subtropical_broadleaf_forests       ,0.8654,-0.14253571611580404
North_Tibetan_Plateau_Kunlun_Mountains_alpine_desert,0.5223424001355048,North_Tibetan_Plateau_Kunlun_Mountains_alpine_desert,South_Deccan_Plateau_dry_deciduous_forests    ,0.8357,-0.14253571611580404
North_Tibetan_Plateau_Kunlun_Mountains_alpine_desert,0.5223424001355048,North_Tibetan_Plateau_Kunlun_Mountains_alpine_desert,Orissa_semi_evergreen_forests                 ,0.7744,-0.14253571611580404
North_Tibetan_Plateau_Kunlun_Mountains_alpine_desert,0.5223424001355048,North_Tibetan_Plateau_Kunlun_Mountains_alpine_desert,Sundarbans_freshwater_swamp_forests           ,0.8,-0.14253571611580404
North_Tibetan_Plateau_Kunlun_Mountains_alpine_desert,0.5223424001355048,North_Tibetan_Plateau_Kunlun_Mountains_alpine_desert,Himalayan_subtropical_pine_forests            ,0.8102,-0.14253571611580404
North_Western_Ghats_montane_rain_forests,0.4155293430424763,North_Western_Ghats_montane_rain_forests,Brahmaputra_Valley_semi_evergreen_forests     ,0.868,-0.14253571611580404
North_Western_Ghats_montane_rain_forests,0.4155293430424763,North_Western_Ghats_montane_rain_forests,Western_Himalayan_broadleaf_forests           ,0.874,-0.14253571611580404
North_Western_Ghats_montane_rain_forests,0.4155293430424763,North_Western_Ghats_montane_rain_forests,Northeast_Himalayan_subalpine_conifer_forests ,0.8652,-0.14253571611580404
North_Western_Ghats_montane_rain_forests,0.4155293430424763,North_Western_Ghats_montane_rain_forests,South_Western_Ghats_montane_rain_forests      ,0.9368,-0.14253571611580404
North_Western_Ghats_montane_rain_forests,0.4155293430424763,North_Western_Ghats_montane_rain_forests,Narmada_Valley_dry_deciduous_forests          ,0.9216,-0.14253571611580404
North_Western_Ghats_montane_rain_forests,0.4155293430424763,North_Western_Ghats_montane_rain_forests,Mizoram_Manipur_Kachin_rain_forests           ,0.929,-0.14253571611580404
North_Western_Ghats_montane_rain_forests,0.4155293430424763,North_Western_Ghats_montane_rain_forests,Khathiar_Gir_dry_deciduous_forests            ,0.9205,-0.14253571611580404
North_Western_Ghats_montane_rain_forests,0.4155293430424763,North_Western_Ghats_montane_rain_forests,Aravalli_west_thorn_scrub_forests             ,0.9115,-0.14253571611580404
North_Western_Ghats_montane_rain_forests,0.4155293430424763,North_Western_Ghats_montane_rain_forests,Maldives_Lakshadweep_Chagos_Archipelago_tropical_moist_forests,0.6316,-0.14253571611580404
North_Western_Ghats_montane_rain_forests,0.4155293430424763,North_Western_Ghats_montane_rain_forests,East_Deccan_moist_deciduous_forests           ,0.9269,-0.14253571611580404
North_Western_Ghats_montane_rain_forests,0.4155293430424763,North_Western_Ghats_montane_rain_forests,East_Deccan_dry_evergreen_forests             ,0.8689,-0.14253571611580404
North_Western_Ghats_montane_rain_forests,0.4155293430424763,North_Western_Ghats_montane_rain_forests,Central_Deccan_Plateau_dry_deciduous_forests  ,0.9254,-0.14253571611580404
North_Western_Ghats_montane_rain_forests,0.4155293430424763,North_Western_Ghats_montane_rain_forests,Eastern_Himalayan_broadleaf_forests           ,0.9343,-0.14253571611580404
North_Western_Ghats_montane_rain_forests,0.4155293430424763,North_Western_Ghats_montane_rain_forests,Central_Tibetan_Plateau_alpine_steppe         ,0.811,-0.14253571611580404
North_Western_Ghats_montane_rain_forests,0.4155293430424763,North_Western_Ghats_montane_rain_forests,Terai_Duar_savanna_and_grasslands             ,0.9082,-0.14253571611580404
North_Western_Ghats_montane_rain_forests,0.4155293430424763,North_Western_Ghats_montane_rain_forests,Nicobar_Islands_rain_forests                  ,0.6738,-0.14253571611580404
North_Western_Ghats_montane_rain_forests,0.4155293430424763,North_Western_Ghats_montane_rain_forests,Eastern_Himalayan_alpine_shrub_and_meadows    ,0.8761,-0.14253571611580404
North_Western_Ghats_montane_rain_forests,0.4155293430424763,North_Western_Ghats_montane_rain_forests,North_Western_Ghats_montane_rain_forests      ,1.0,-0.14253571611580404
North_Western_Ghats_montane_rain_forests,0.4155293430424763,North_Western_Ghats_montane_rain_forests,Chhota_Nagpur_dry_deciduous_forests           ,0.9179,-0.14253571611580404
North_Western_Ghats_montane_rain_forests,0.4155293430424763,North_Western_Ghats_montane_rain_forests,Rann_of_Kutch_seasonal_salt_marsh             ,0.8968,-0.14253571611580404
North_Western_Ghats_montane_rain_forests,0.4155293430424763,North_Western_Ghats_montane_rain_forests,Northwestern_Himalayan_alpine_shrub_and_meadows,0.7476,-0.14253571611580404
North_Western_Ghats_montane_rain_forests,0.4155293430424763,North_Western_Ghats_montane_rain_forests,Upper_Gangetic_Plains_moist_deciduous_forests ,0.9156,-0.14253571611580404
North_Western_Ghats_montane_rain_forests,0.4155293430424763,North_Western_Ghats_montane_rain_forests,North_Deccan_dry_deciduous_forests            ,0.9055,-0.14253571611580404
North_Western_Ghats_montane_rain_forests,0.4155293430424763,North_Western_Ghats_montane_rain_forests,Northeast_India_Myanmar_pine_forests          ,0.8444,-0.14253571611580404
North_Western_Ghats_montane_rain_forests,0.4155293430424763,North_Western_Ghats_montane_rain_forests,Sundarbans_mangroves                          ,0.8764,-0.14253571611580404
North_Western_Ghats_montane_rain_forests,0.4155293430424763,North_Western_Ghats_montane_rain_forests,Karakoram_West_Tibetan_Plateau_alpine_steppe  ,0.7762,-0.14253571611580404
North_Western_Ghats_montane_rain_forests,0.4155293430424763,North_Western_Ghats_montane_rain_forests,Baluchistan_xeric_woodlands                   ,0.8873,-0.14253571611580404
North_Western_Ghats_montane_rain_forests,0.4155293430424763,North_Western_Ghats_montane_rain_forests,Indus_River_Delta_Arabian_Sea_mangroves       ,0.9227,-0.14253571611580404
North_Western_Ghats_montane_rain_forests,0.4155293430424763,North_Western_Ghats_montane_rain_forests,Meghalaya_subtropical_forests                 ,0.9255,-0.14253571611580404
North_Western_Ghats_montane_rain_forests,0.4155293430424763,North_Western_Ghats_montane_rain_forests,Chin_Hills_Arakan_Yoma_montane_forests        ,0.9244,-0.14253571611580404
North_Western_Ghats_montane_rain_forests,0.4155293430424763,North_Western_Ghats_montane_rain_forests,North_Western_Ghats_moist_deciduous_forests   ,0.9866,-0.14253571611580404
North_Western_Ghats_montane_rain_forests,0.4155293430424763,North_Western_Ghats_montane_rain_forests,Northern_Triangle_temperate_forests           ,0.8623,-0.14253571611580404
North_Western_Ghats_montane_rain_forests,0.4155293430424763,North_Western_Ghats_montane_rain_forests,Malabar_Coast_moist_forests                   ,0.9309,-0.14253571611580404
North_Western_Ghats_montane_rain_forests,0.4155293430424763,North_Western_Ghats_montane_rain_forests,Andaman_Islands_rain_forests                  ,0.7728,-0.14253571611580404
North_Western_Ghats_montane_rain_forests,0.4155293430424763,North_Western_Ghats_montane_rain_forests,Western_Himalayan_alpine_shrub_and_meadows    ,0.8145,-0.14253571611580404
North_Western_Ghats_montane_rain_forests,0.4155293430424763,North_Western_Ghats_montane_rain_forests,Eastern_Himalayan_subalpine_conifer_forests   ,0.9046,-0.14253571611580404
North_Western_Ghats_montane_rain_forests,0.4155293430424763,North_Western_Ghats_montane_rain_forests,Deccan_thorn_scrub_forests                    ,0.9225,-0.14253571611580404
North_Western_Ghats_montane_rain_forests,0.4155293430424763,North_Western_Ghats_montane_rain_forests,Western_Himalayan_subalpine_conifer_forests   ,0.8665,-0.14253571611580404
North_Western_Ghats_montane_rain_forests,0.4155293430424763,North_Western_Ghats_montane_rain_forests,Lower_Gangetic_Plains_moist_deciduous_forests ,0.9241,-0.14253571611580404
North_Western_Ghats_montane_rain_forests,0.4155293430424763,North_Western_Ghats_montane_rain_forests,South_Western_Ghats_moist_deciduous_forests   ,0.9219,-0.14253571611580404
North_Western_Ghats_montane_rain_forests,0.4155293430424763,North_Western_Ghats_montane_rain_forests,Thar_desert                                   ,0.8682,-0.14253571611580404
North_Western_Ghats_montane_rain_forests,0.4155293430424763,North_Western_Ghats_montane_rain_forests,Godavari_Krishna_mangroves                    ,0.8694,-0.14253571611580404
North_Western_Ghats_montane_rain_forests,0.4155293430424763,North_Western_Ghats_montane_rain_forests,North_Tibetan_Plateau_Kunlun_Mountains_alpine_desert,0.8199,-0.14253571611580404
North_Western_Ghats_montane_rain_forests,0.4155293430424763,North_Western_Ghats_montane_rain_forests,Himalayan_subtropical_broadleaf_forests       ,0.93,-0.14253571611580404
North_Western_Ghats_montane_rain_forests,0.4155293430424763,North_Western_Ghats_montane_rain_forests,South_Deccan_Plateau_dry_deciduous_forests    ,0.9085,-0.14253571611580404
North_Western_Ghats_montane_rain_forests,0.4155293430424763,North_Western_Ghats_montane_rain_forests,Orissa_semi_evergreen_forests                 ,0.8776,-0.14253571611580404
North_Western_Ghats_montane_rain_forests,0.4155293430424763,North_Western_Ghats_montane_rain_forests,Sundarbans_freshwater_swamp_forests           ,0.8838,-0.14253571611580404
North_Western_Ghats_montane_rain_forests,0.4155293430424763,North_Western_Ghats_montane_rain_forests,Himalayan_subtropical_pine_forests            ,0.9248,-0.14253571611580404
South_Deccan_Plateau_dry_deciduous_forests,0.0440521016459029,South_Deccan_Plateau_dry_deciduous_forests,Brahmaputra_Valley_semi_evergreen_forests     ,0.8795,-0.14253571611580404
South_Deccan_Plateau_dry_deciduous_forests,0.0440521016459029,South_Deccan_Plateau_dry_deciduous_forests,Western_Himalayan_broadleaf_forests           ,0.9291,-0.14253571611580404
South_Deccan_Plateau_dry_deciduous_forests,0.0440521016459029,South_Deccan_Plateau_dry_deciduous_forests,Northeast_Himalayan_subalpine_conifer_forests ,0.8796,-0.14253571611580404
South_Deccan_Plateau_dry_deciduous_forests,0.0440521016459029,South_Deccan_Plateau_dry_deciduous_forests,South_Western_Ghats_montane_rain_forests      ,0.9262,-0.14253571611580404
South_Deccan_Plateau_dry_deciduous_forests,0.0440521016459029,South_Deccan_Plateau_dry_deciduous_forests,Narmada_Valley_dry_deciduous_forests          ,0.9417,-0.14253571611580404
South_Deccan_Plateau_dry_deciduous_forests,0.0440521016459029,South_Deccan_Plateau_dry_deciduous_forests,Mizoram_Manipur_Kachin_rain_forests           ,0.9302,-0.14253571611580404
South_Deccan_Plateau_dry_deciduous_forests,0.0440521016459029,South_Deccan_Plateau_dry_deciduous_forests,Khathiar_Gir_dry_deciduous_forests            ,0.946,-0.14253571611580404
South_Deccan_Plateau_dry_deciduous_forests,0.0440521016459029,South_Deccan_Plateau_dry_deciduous_forests,Aravalli_west_thorn_scrub_forests             ,0.9498,-0.14253571611580404
South_Deccan_Plateau_dry_deciduous_forests,0.0440521016459029,South_Deccan_Plateau_dry_deciduous_forests,Maldives_Lakshadweep_Chagos_Archipelago_tropical_moist_forests,0.7271,-0.14253571611580404
South_Deccan_Plateau_dry_deciduous_forests,0.0440521016459029,South_Deccan_Plateau_dry_deciduous_forests,East_Deccan_moist_deciduous_forests           ,0.9681,-0.14253571611580404
South_Deccan_Plateau_dry_deciduous_forests,0.0440521016459029,South_Deccan_Plateau_dry_deciduous_forests,East_Deccan_dry_evergreen_forests             ,0.9705,-0.14253571611580404
South_Deccan_Plateau_dry_deciduous_forests,0.0440521016459029,South_Deccan_Plateau_dry_deciduous_forests,Central_Deccan_Plateau_dry_deciduous_forests  ,0.9725,-0.14253571611580404
South_Deccan_Plateau_dry_deciduous_forests,0.0440521016459029,South_Deccan_Plateau_dry_deciduous_forests,Eastern_Himalayan_broadleaf_forests           ,0.932,-0.14253571611580404
South_Deccan_Plateau_dry_deciduous_forests,0.0440521016459029,South_Deccan_Plateau_dry_deciduous_forests,Central_Tibetan_Plateau_alpine_steppe         ,0.8157,-0.14253571611580404
South_Deccan_Plateau_dry_deciduous_forests,0.0440521016459029,South_Deccan_Plateau_dry_deciduous_forests,Terai_Duar_savanna_and_grasslands             ,0.911,-0.14253571611580404
South_Deccan_Plateau_dry_deciduous_forests,0.0440521016459029,South_Deccan_Plateau_dry_deciduous_forests,Nicobar_Islands_rain_forests                  ,0.7597,-0.14253571611580404
South_Deccan_Plateau_dry_deciduous_forests,0.0440521016459029,South_Deccan_Plateau_dry_deciduous_forests,Eastern_Himalayan_alpine_shrub_and_meadows    ,0.8994,-0.14253571611580404
South_Deccan_Plateau_dry_deciduous_forests,0.0440521016459029,South_Deccan_Plateau_dry_deciduous_forests,North_Western_Ghats_montane_rain_forests      ,0.9085,-0.14253571611580404
South_Deccan_Plateau_dry_deciduous_forests,0.0440521016459029,South_Deccan_Plateau_dry_deciduous_forests,Chhota_Nagpur_dry_deciduous_forests           ,0.9599,-0.14253571611580404
South_Deccan_Plateau_dry_deciduous_forests,0.0440521016459029,South_Deccan_Plateau_dry_deciduous_forests,Rann_of_Kutch_seasonal_salt_marsh             ,0.9291,-0.14253571611580404
South_Deccan_Plateau_dry_deciduous_forests,0.0440521016459029,South_Deccan_Plateau_dry_deciduous_forests,Northwestern_Himalayan_alpine_shrub_and_meadows,0.8374,-0.14253571611580404
South_Deccan_Plateau_dry_deciduous_forests,0.0440521016459029,South_Deccan_Plateau_dry_deciduous_forests,Upper_Gangetic_Plains_moist_deciduous_forests ,0.9511,-0.14253571611580404
South_Deccan_Plateau_dry_deciduous_forests,0.0440521016459029,South_Deccan_Plateau_dry_deciduous_forests,North_Deccan_dry_deciduous_forests            ,0.9408,-0.14253571611580404
South_Deccan_Plateau_dry_deciduous_forests,0.0440521016459029,South_Deccan_Plateau_dry_deciduous_forests,Northeast_India_Myanmar_pine_forests          ,0.8319,-0.14253571611580404
South_Deccan_Plateau_dry_deciduous_forests,0.0440521016459029,South_Deccan_Plateau_dry_deciduous_forests,Sundarbans_mangroves                          ,0.8932,-0.14253571611580404
South_Deccan_Plateau_dry_deciduous_forests,0.0440521016459029,South_Deccan_Plateau_dry_deciduous_forests,Karakoram_West_Tibetan_Plateau_alpine_steppe  ,0.8359,-0.14253571611580404
South_Deccan_Plateau_dry_deciduous_forests,0.0440521016459029,South_Deccan_Plateau_dry_deciduous_forests,Baluchistan_xeric_woodlands                   ,0.9503,-0.14253571611580404
South_Deccan_Plateau_dry_deciduous_forests,0.0440521016459029,South_Deccan_Plateau_dry_deciduous_forests,Indus_River_Delta_Arabian_Sea_mangroves       ,0.9539,-0.14253571611580404
South_Deccan_Plateau_dry_deciduous_forests,0.0440521016459029,South_Deccan_Plateau_dry_deciduous_forests,Meghalaya_subtropical_forests                 ,0.9303,-0.14253571611580404
South_Deccan_Plateau_dry_deciduous_forests,0.0440521016459029,South_Deccan_Plateau_dry_deciduous_forests,Chin_Hills_Arakan_Yoma_montane_forests        ,0.9147,-0.14253571611580404
South_Deccan_Plateau_dry_deciduous_forests,0.0440521016459029,South_Deccan_Plateau_dry_deciduous_forests,North_Western_Ghats_moist_deciduous_forests   ,0.9367,-0.14253571611580404
South_Deccan_Plateau_dry_deciduous_forests,0.0440521016459029,South_Deccan_Plateau_dry_deciduous_forests,Northern_Triangle_temperate_forests           ,0.8301,-0.14253571611580404
South_Deccan_Plateau_dry_deciduous_forests,0.0440521016459029,South_Deccan_Plateau_dry_deciduous_forests,Malabar_Coast_moist_forests                   ,0.8832,-0.14253571611580404
South_Deccan_Plateau_dry_deciduous_forests,0.0440521016459029,South_Deccan_Plateau_dry_deciduous_forests,Andaman_Islands_rain_forests                  ,0.7913,-0.14253571611580404
South_Deccan_Plateau_dry_deciduous_forests,0.0440521016459029,South_Deccan_Plateau_dry_deciduous_forests,Western_Himalayan_alpine_shrub_and_meadows    ,0.8525,-0.14253571611580404
South_Deccan_Plateau_dry_deciduous_forests,0.0440521016459029,South_Deccan_Plateau_dry_deciduous_forests,Eastern_Himalayan_subalpine_conifer_forests   ,0.915,-0.14253571611580404
South_Deccan_Plateau_dry_deciduous_forests,0.0440521016459029,South_Deccan_Plateau_dry_deciduous_forests,Deccan_thorn_scrub_forests                    ,0.9864,-0.14253571611580404
South_Deccan_Plateau_dry_deciduous_forests,0.0440521016459029,South_Deccan_Plateau_dry_deciduous_forests,Western_Himalayan_subalpine_conifer_forests   ,0.9348,-0.14253571611580404
South_Deccan_Plateau_dry_deciduous_forests,0.0440521016459029,South_Deccan_Plateau_dry_deciduous_forests,Lower_Gangetic_Plains_moist_deciduous_forests ,0.9387,-0.14253571611580404
South_Deccan_Plateau_dry_deciduous_forests,0.0440521016459029,South_Deccan_Plateau_dry_deciduous_forests,South_Western_Ghats_moist_deciduous_forests   ,0.9592,-0.14253571611580404
South_Deccan_Plateau_dry_deciduous_forests,0.0440521016459029,South_Deccan_Plateau_dry_deciduous_forests,Thar_desert                                   ,0.9098,-0.14253571611580404
South_Deccan_Plateau_dry_deciduous_forests,0.0440521016459029,South_Deccan_Plateau_dry_deciduous_forests,Godavari_Krishna_mangroves                    ,0.956,-0.14253571611580404
South_Deccan_Plateau_dry_deciduous_forests,0.0440521016459029,South_Deccan_Plateau_dry_deciduous_forests,North_Tibetan_Plateau_Kunlun_Mountains_alpine_desert,0.8357,-0.14253571611580404
South_Deccan_Plateau_dry_deciduous_forests,0.0440521016459029,South_Deccan_Plateau_dry_deciduous_forests,Himalayan_subtropical_broadleaf_forests       ,0.9266,-0.14253571611580404
South_Deccan_Plateau_dry_deciduous_forests,0.0440521016459029,South_Deccan_Plateau_dry_deciduous_forests,South_Deccan_Plateau_dry_deciduous_forests    ,1.0,-0.14253571611580404
South_Deccan_Plateau_dry_deciduous_forests,0.0440521016459029,South_Deccan_Plateau_dry_deciduous_forests,Orissa_semi_evergreen_forests                 ,0.9399,-0.14253571611580404
South_Deccan_Plateau_dry_deciduous_forests,0.0440521016459029,South_Deccan_Plateau_dry_deciduous_forests,Sundarbans_freshwater_swamp_forests           ,0.918,-0.14253571611580404
South_Deccan_Plateau_dry_deciduous_forests,0.0440521016459029,South_Deccan_Plateau_dry_deciduous_forests,Himalayan_subtropical_pine_forests            ,0.9464,-0.14253571611580404
Rann_of_Kutch_seasonal_salt_marsh,0.0,Rann_of_Kutch_seasonal_salt_marsh,Brahmaputra_Valley_semi_evergreen_forests     ,0.8938,-0.14253571611580404
Rann_of_Kutch_seasonal_salt_marsh,0.0,Rann_of_Kutch_seasonal_salt_marsh,Western_Himalayan_broadleaf_forests           ,0.8427,-0.14253571611580404
Rann_of_Kutch_seasonal_salt_marsh,0.0,Rann_of_Kutch_seasonal_salt_marsh,Northeast_Himalayan_subalpine_conifer_forests ,0.855,-0.14253571611580404
Rann_of_Kutch_seasonal_salt_marsh,0.0,Rann_of_Kutch_seasonal_salt_marsh,South_Western_Ghats_montane_rain_forests      ,0.8224,-0.14253571611580404
Rann_of_Kutch_seasonal_salt_marsh,0.0,Rann_of_Kutch_seasonal_salt_marsh,Narmada_Valley_dry_deciduous_forests          ,0.9846,-0.14253571611580404
Rann_of_Kutch_seasonal_salt_marsh,0.0,Rann_of_Kutch_seasonal_salt_marsh,Mizoram_Manipur_Kachin_rain_forests           ,0.9144,-0.14253571611580404
Rann_of_Kutch_seasonal_salt_marsh,0.0,Rann_of_Kutch_seasonal_salt_marsh,Khathiar_Gir_dry_deciduous_forests            ,0.9902,-0.14253571611580404
Rann_of_Kutch_seasonal_salt_marsh,0.0,Rann_of_Kutch_seasonal_salt_marsh,Aravalli_west_thorn_scrub_forests             ,0.987,-0.14253571611580404
Rann_of_Kutch_seasonal_salt_marsh,0.0,Rann_of_Kutch_seasonal_salt_marsh,Maldives_Lakshadweep_Chagos_Archipelago_tropical_moist_forests,0.5494,-0.14253571611580404
Rann_of_Kutch_seasonal_salt_marsh,0.0,Rann_of_Kutch_seasonal_salt_marsh,East_Deccan_moist_deciduous_forests           ,0.9728,-0.14253571611580404
Rann_of_Kutch_seasonal_salt_marsh,0.0,Rann_of_Kutch_seasonal_salt_marsh,East_Deccan_dry_evergreen_forests             ,0.9134,-0.14253571611580404
Rann_of_Kutch_seasonal_salt_marsh,0.0,Rann_of_Kutch_seasonal_salt_marsh,Central_Deccan_Plateau_dry_deciduous_forests  ,0.9752,-0.14253571611580404
Rann_of_Kutch_seasonal_salt_marsh,0.0,Rann_of_Kutch_seasonal_salt_marsh,Eastern_Himalayan_broadleaf_forests           ,0.889,-0.14253571611580404
Rann_of_Kutch_seasonal_salt_marsh,0.0,Rann_of_Kutch_seasonal_salt_marsh,Central_Tibetan_Plateau_alpine_steppe         ,0.8041,-0.14253571611580404
Rann_of_Kutch_seasonal_salt_marsh,0.0,Rann_of_Kutch_seasonal_salt_marsh,Terai_Duar_savanna_and_grasslands             ,0.9479,-0.14253571611580404
Rann_of_Kutch_seasonal_salt_marsh,0.0,Rann_of_Kutch_seasonal_salt_marsh,Nicobar_Islands_rain_forests                  ,0.5841,-0.14253571611580404
Rann_of_Kutch_seasonal_salt_marsh,0.0,Rann_of_Kutch_seasonal_salt_marsh,Eastern_Himalayan_alpine_shrub_and_meadows    ,0.8768,-0.14253571611580404
Rann_of_Kutch_seasonal_salt_marsh,0.0,Rann_of_Kutch_seasonal_salt_marsh,North_Western_Ghats_montane_rain_forests      ,0.8968,-0.14253571611580404
Rann_of_Kutch_seasonal_salt_marsh,0.0,Rann_of_Kutch_seasonal_salt_marsh,Chhota_Nagpur_dry_deciduous_forests           ,0.9814,-0.14253571611580404
Rann_of_Kutch_seasonal_salt_marsh,0.0,Rann_of_Kutch_seasonal_salt_marsh,Rann_of_Kutch_seasonal_salt_marsh             ,1.0,-0.14253571611580404
Rann_of_Kutch_seasonal_salt_marsh,0.0,Rann_of_Kutch_seasonal_salt_marsh,Northwestern_Himalayan_alpine_shrub_and_meadows,0.7554,-0.14253571611580404
Rann_of_Kutch_seasonal_salt_marsh,0.0,Rann_of_Kutch_seasonal_salt_marsh,Upper_Gangetic_Plains_moist_deciduous_forests ,0.9843,-0.14253571611580404
Rann_of_Kutch_seasonal_salt_marsh,0.0,Rann_of_Kutch_seasonal_salt_marsh,North_Deccan_dry_deciduous_forests            ,0.9769,-0.14253571611580404
Rann_of_Kutch_seasonal_salt_marsh,0.0,Rann_of_Kutch_seasonal_salt_marsh,Northeast_India_Myanmar_pine_forests          ,0.8176,-0.14253571611580404
Rann_of_Kutch_seasonal_salt_marsh,0.0,Rann_of_Kutch_seasonal_salt_marsh,Sundarbans_mangroves                          ,0.9154,-0.14253571611580404
Rann_of_Kutch_seasonal_salt_marsh,0.0,Rann_of_Kutch_seasonal_salt_marsh,Karakoram_West_Tibetan_Plateau_alpine_steppe  ,0.7844,-0.14253571611580404
Rann_of_Kutch_seasonal_salt_marsh,0.0,Rann_of_Kutch_seasonal_salt_marsh,Baluchistan_xeric_woodlands                   ,0.9199,-0.14253571611580404
Rann_of_Kutch_seasonal_salt_marsh,0.0,Rann_of_Kutch_seasonal_salt_marsh,Indus_River_Delta_Arabian_Sea_mangroves       ,0.9661,-0.14253571611580404
Rann_of_Kutch_seasonal_salt_marsh,0.0,Rann_of_Kutch_seasonal_salt_marsh,Meghalaya_subtropical_forests                 ,0.9195,-0.14253571611580404
Rann_of_Kutch_seasonal_salt_marsh,0.0,Rann_of_Kutch_seasonal_salt_marsh,Chin_Hills_Arakan_Yoma_montane_forests        ,0.9075,-0.14253571611580404
Rann_of_Kutch_seasonal_salt_marsh,0.0,Rann_of_Kutch_seasonal_salt_marsh,North_Western_Ghats_moist_deciduous_forests   ,0.9254,-0.14253571611580404
Rann_of_Kutch_seasonal_salt_marsh,0.0,Rann_of_Kutch_seasonal_salt_marsh,Northern_Triangle_temperate_forests           ,0.7936,-0.14253571611580404
Rann_of_Kutch_seasonal_salt_marsh,0.0,Rann_of_Kutch_seasonal_salt_marsh,Malabar_Coast_moist_forests                   ,0.8038,-0.14253571611580404
Rann_of_Kutch_seasonal_salt_marsh,0.0,Rann_of_Kutch_seasonal_salt_marsh,Andaman_Islands_rain_forests                  ,0.6561,-0.14253571611580404
Rann_of_Kutch_seasonal_salt_marsh,0.0,Rann_of_Kutch_seasonal_salt_marsh,Western_Himalayan_alpine_shrub_and_meadows    ,0.7782,-0.14253571611580404
Rann_of_Kutch_seasonal_salt_marsh,0.0,Rann_of_Kutch_seasonal_salt_marsh,Eastern_Himalayan_subalpine_conifer_forests   ,0.8853,-0.14253571611580404
Rann_of_Kutch_seasonal_salt_marsh,0.0,Rann_of_Kutch_seasonal_salt_marsh,Deccan_thorn_scrub_forests                    ,0.9452,-0.14253571611580404
Rann_of_Kutch_seasonal_salt_marsh,0.0,Rann_of_Kutch_seasonal_salt_marsh,Western_Himalayan_subalpine_conifer_forests   ,0.8581,-0.14253571611580404
Rann_of_Kutch_seasonal_salt_marsh,0.0,Rann_of_Kutch_seasonal_salt_marsh,Lower_Gangetic_Plains_moist_deciduous_forests ,0.9647,-0.14253571611580404
Rann_of_Kutch_seasonal_salt_marsh,0.0,Rann_of_Kutch_seasonal_salt_marsh,South_Western_Ghats_moist_deciduous_forests   ,0.8478,-0.14253571611580404
Rann_of_Kutch_seasonal_salt_marsh,0.0,Rann_of_Kutch_seasonal_salt_marsh,Thar_desert                                   ,0.9808,-0.14253571611580404
Rann_of_Kutch_seasonal_salt_marsh,0.0,Rann_of_Kutch_seasonal_salt_marsh,Godavari_Krishna_mangroves                    ,0.9373,-0.14253571611580404
Rann_of_Kutch_seasonal_salt_marsh,0.0,Rann_of_Kutch_seasonal_salt_marsh,North_Tibetan_Plateau_Kunlun_Mountains_alpine_desert,0.8257,-0.14253571611580404
Rann_of_Kutch_seasonal_salt_marsh,0.0,Rann_of_Kutch_seasonal_salt_marsh,Himalayan_subtropical_broadleaf_forests       ,0.9273,-0.14253571611580404
Rann_of_Kutch_seasonal_salt_marsh,0.0,Rann_of_Kutch_seasonal_salt_marsh,South_Deccan_Plateau_dry_deciduous_forests    ,0.9291,-0.14253571611580404
Rann_of_Kutch_seasonal_salt_marsh,0.0,Rann_of_Kutch_seasonal_salt_marsh,Orissa_semi_evergreen_forests                 ,0.9607,-0.14253571611580404
Rann_of_Kutch_seasonal_salt_marsh,0.0,Rann_of_Kutch_seasonal_salt_marsh,Sundarbans_freshwater_swamp_forests           ,0.9506,-0.14253571611580404
Rann_of_Kutch_seasonal_salt_marsh,0.0,Rann_of_Kutch_seasonal_salt_marsh,Himalayan_subtropical_pine_forests            ,0.8901,-0.14253571611580404
South_Western_Ghats_montane_rain_forests,0.3684791510894327,South_Western_Ghats_montane_rain_forests,Brahmaputra_Valley_semi_evergreen_forests     ,0.8535,-0.14253571611580404
South_Western_Ghats_montane_rain_forests,0.3684791510894327,South_Western_Ghats_montane_rain_forests,Western_Himalayan_broadleaf_forests           ,0.9383,-0.14253571611580404
South_Western_Ghats_montane_rain_forests,0.3684791510894327,South_Western_Ghats_montane_rain_forests,Northeast_Himalayan_subalpine_conifer_forests ,0.8252,-0.14253571611580404
South_Western_Ghats_montane_rain_forests,0.3684791510894327,South_Western_Ghats_montane_rain_forests,South_Western_Ghats_montane_rain_forests      ,1.0,-0.14253571611580404
South_Western_Ghats_montane_rain_forests,0.3684791510894327,South_Western_Ghats_montane_rain_forests,Narmada_Valley_dry_deciduous_forests          ,0.8475,-0.14253571611580404
South_Western_Ghats_montane_rain_forests,0.3684791510894327,South_Western_Ghats_montane_rain_forests,Mizoram_Manipur_Kachin_rain_forests           ,0.9096,-0.14253571611580404
South_Western_Ghats_montane_rain_forests,0.3684791510894327,South_Western_Ghats_montane_rain_forests,Khathiar_Gir_dry_deciduous_forests            ,0.8457,-0.14253571611580404
South_Western_Ghats_montane_rain_forests,0.3684791510894327,South_Western_Ghats_montane_rain_forests,Aravalli_west_thorn_scrub_forests             ,0.8562,-0.14253571611580404
South_Western_Ghats_montane_rain_forests,0.3684791510894327,South_Western_Ghats_montane_rain_forests,Maldives_Lakshadweep_Chagos_Archipelago_tropical_moist_forests,0.7562,-0.14253571611580404
South_Western_Ghats_montane_rain_forests,0.3684791510894327,South_Western_Ghats_montane_rain_forests,East_Deccan_moist_deciduous_forests           ,0.8861,-0.14253571611580404
South_Western_Ghats_montane_rain_forests,0.3684791510894327,South_Western_Ghats_montane_rain_forests,East_Deccan_dry_evergreen_forests             ,0.8884,-0.14253571611580404
South_Western_Ghats_montane_rain_forests,0.3684791510894327,South_Western_Ghats_montane_rain_forests,Central_Deccan_Plateau_dry_deciduous_forests  ,0.8808,-0.14253571611580404
South_Western_Ghats_montane_rain_forests,0.3684791510894327,South_Western_Ghats_montane_rain_forests,Eastern_Himalayan_broadleaf_forests           ,0.9378,-0.14253571611580404
South_Western_Ghats_montane_rain_forests,0.3684791510894327,South_Western_Ghats_montane_rain_forests,Central_Tibetan_Plateau_alpine_steppe         ,0.7599,-0.14253571611580404
South_Western_Ghats_montane_rain_forests,0.3684791510894327,South_Western_Ghats_montane_rain_forests,Terai_Duar_savanna_and_grasslands             ,0.8615,-0.14253571611580404
South_Western_Ghats_montane_rain_forests,0.3684791510894327,South_Western_Ghats_montane_rain_forests,Nicobar_Islands_rain_forests                  ,0.8529,-0.14253571611580404
South_Western_Ghats_montane_rain_forests,0.3684791510894327,South_Western_Ghats_montane_rain_forests,Eastern_Himalayan_alpine_shrub_and_meadows    ,0.8313,-0.14253571611580404
South_Western_Ghats_montane_rain_forests,0.3684791510894327,South_Western_Ghats_montane_rain_forests,North_Western_Ghats_montane_rain_forests      ,0.9368,-0.14253571611580404
South_Western_Ghats_montane_rain_forests,0.3684791510894327,South_Western_Ghats_montane_rain_forests,Chhota_Nagpur_dry_deciduous_forests           ,0.8676,-0.14253571611580404
South_Western_Ghats_montane_rain_forests,0.3684791510894327,South_Western_Ghats_montane_rain_forests,Rann_of_Kutch_seasonal_salt_marsh             ,0.8224,-0.14253571611580404
South_Western_Ghats_montane_rain_forests,0.3684791510894327,South_Western_Ghats_montane_rain_forests,Northwestern_Himalayan_alpine_shrub_and_meadows,0.7882,-0.14253571611580404
South_Western_Ghats_montane_rain_forests,0.3684791510894327,South_Western_Ghats_montane_rain_forests,Upper_Gangetic_Plains_moist_deciduous_forests ,0.8636,-0.14253571611580404
South_Western_Ghats_montane_rain_forests,0.3684791510894327,South_Western_Ghats_montane_rain_forests,North_Deccan_dry_deciduous_forests            ,0.8435,-0.14253571611580404
South_Western_Ghats_montane_rain_forests,0.3684791510894327,South_Western_Ghats_montane_rain_forests,Northeast_India_Myanmar_pine_forests          ,0.842,-0.14253571611580404
South_Western_Ghats_montane_rain_forests,0.3684791510894327,South_Western_Ghats_montane_rain_forests,Sundarbans_mangroves                          ,0.8407,-0.14253571611580404
South_Western_Ghats_montane_rain_forests,0.3684791510894327,South_Western_Ghats_montane_rain_forests,Karakoram_West_Tibetan_Plateau_alpine_steppe  ,0.7669,-0.14253571611580404
South_Western_Ghats_montane_rain_forests,0.3684791510894327,South_Western_Ghats_montane_rain_forests,Baluchistan_xeric_woodlands                   ,0.866,-0.14253571611580404
South_Western_Ghats_montane_rain_forests,0.3684791510894327,South_Western_Ghats_montane_rain_forests,Indus_River_Delta_Arabian_Sea_mangroves       ,0.8914,-0.14253571611580404
South_Western_Ghats_montane_rain_forests,0.3684791510894327,South_Western_Ghats_montane_rain_forests,Meghalaya_subtropical_forests                 ,0.9015,-0.14253571611580404
South_Western_Ghats_montane_rain_forests,0.3684791510894327,South_Western_Ghats_montane_rain_forests,Chin_Hills_Arakan_Yoma_montane_forests        ,0.8955,-0.14253571611580404
South_Western_Ghats_montane_rain_forests,0.3684791510894327,South_Western_Ghats_montane_rain_forests,North_Western_Ghats_moist_deciduous_forests   ,0.9312,-0.14253571611580404
South_Western_Ghats_montane_rain_forests,0.3684791510894327,South_Western_Ghats_montane_rain_forests,Northern_Triangle_temperate_forests           ,0.8652,-0.14253571611580404
South_Western_Ghats_montane_rain_forests,0.3684791510894327,South_Western_Ghats_montane_rain_forests,Malabar_Coast_moist_forests                   ,0.9557,-0.14253571611580404
South_Western_Ghats_montane_rain_forests,0.3684791510894327,South_Western_Ghats_montane_rain_forests,Andaman_Islands_rain_forests                  ,0.8818,-0.14253571611580404
South_Western_Ghats_montane_rain_forests,0.3684791510894327,South_Western_Ghats_montane_rain_forests,Western_Himalayan_alpine_shrub_and_meadows    ,0.8435,-0.14253571611580404
South_Western_Ghats_montane_rain_forests,0.3684791510894327,South_Western_Ghats_montane_rain_forests,Eastern_Himalayan_subalpine_conifer_forests   ,0.8817,-0.14253571611580404
South_Western_Ghats_montane_rain_forests,0.3684791510894327,South_Western_Ghats_montane_rain_forests,Deccan_thorn_scrub_forests                    ,0.9198,-0.14253571611580404
South_Western_Ghats_montane_rain_forests,0.3684791510894327,South_Western_Ghats_montane_rain_forests,Western_Himalayan_subalpine_conifer_forests   ,0.9169,-0.14253571611580404
South_Western_Ghats_montane_rain_forests,0.3684791510894327,South_Western_Ghats_montane_rain_forests,Lower_Gangetic_Plains_moist_deciduous_forests ,0.8942,-0.14253571611580404
South_Western_Ghats_montane_rain_forests,0.3684791510894327,South_Western_Ghats_montane_rain_forests,South_Western_Ghats_moist_deciduous_forests   ,0.9883,-0.14253571611580404
South_Western_Ghats_montane_rain_forests,0.3684791510894327,South_Western_Ghats_montane_rain_forests,Thar_desert                                   ,0.7881,-0.14253571611580404
South_Western_Ghats_montane_rain_forests,0.3684791510894327,South_Western_Ghats_montane_rain_forests,Godavari_Krishna_mangroves                    ,0.8514,-0.14253571611580404
South_Western_Ghats_montane_rain_forests,0.3684791510894327,South_Western_Ghats_montane_rain_forests,North_Tibetan_Plateau_Kunlun_Mountains_alpine_desert,0.7622,-0.14253571611580404
South_Western_Ghats_montane_rain_forests,0.3684791510894327,South_Western_Ghats_montane_rain_forests,Himalayan_subtropical_broadleaf_forests       ,0.9016,-0.14253571611580404
South_Western_Ghats_montane_rain_forests,0.3684791510894327,South_Western_Ghats_montane_rain_forests,South_Deccan_Plateau_dry_deciduous_forests    ,0.9262,-0.14253571611580404
South_Western_Ghats_montane_rain_forests,0.3684791510894327,South_Western_Ghats_montane_rain_forests,Orissa_semi_evergreen_forests                 ,0.8483,-0.14253571611580404
South_Western_Ghats_montane_rain_forests,0.3684791510894327,South_Western_Ghats_montane_rain_forests,Sundarbans_freshwater_swamp_forests           ,0.8497,-0.14253571611580404
South_Western_Ghats_montane_rain_forests,0.3684791510894327,South_Western_Ghats_montane_rain_forests,Himalayan_subtropical_pine_forests            ,0.9586,-0.14253571611580404
Sundarbans_mangroves,0.1195684228975836,Sundarbans_mangroves,Brahmaputra_Valley_semi_evergreen_forests     ,0.9758,-0.14253571611580404
Sundarbans_mangroves,0.1195684228975836,Sundarbans_mangroves,Western_Himalayan_broadleaf_forests           ,0.8826,-0.14253571611580404
Sundarbans_mangroves,0.1195684228975836,Sundarbans_mangroves,Northeast_Himalayan_subalpine_conifer_forests ,0.8368,-0.14253571611580404
Sundarbans_mangroves,0.1195684228975836,Sundarbans_mangroves,South_Western_Ghats_montane_rain_forests      ,0.8407,-0.14253571611580404
Sundarbans_mangroves,0.1195684228975836,Sundarbans_mangroves,Narmada_Valley_dry_deciduous_forests          ,0.9145,-0.14253571611580404
Sundarbans_mangroves,0.1195684228975836,Sundarbans_mangroves,Mizoram_Manipur_Kachin_rain_forests           ,0.9603,-0.14253571611580404
Sundarbans_mangroves,0.1195684228975836,Sundarbans_mangroves,Khathiar_Gir_dry_deciduous_forests            ,0.9242,-0.14253571611580404
Sundarbans_mangroves,0.1195684228975836,Sundarbans_mangroves,Aravalli_west_thorn_scrub_forests             ,0.9219,-0.14253571611580404
Sundarbans_mangroves,0.1195684228975836,Sundarbans_mangroves,Maldives_Lakshadweep_Chagos_Archipelago_tropical_moist_forests,0.6407,-0.14253571611580404
Sundarbans_mangroves,0.1195684228975836,Sundarbans_mangroves,East_Deccan_moist_deciduous_forests           ,0.9384,-0.14253571611580404
Sundarbans_mangroves,0.1195684228975836,Sundarbans_mangroves,East_Deccan_dry_evergreen_forests             ,0.8803,-0.14253571611580404
Sundarbans_mangroves,0.1195684228975836,Sundarbans_mangroves,Central_Deccan_Plateau_dry_deciduous_forests  ,0.9317,-0.14253571611580404
Sundarbans_mangroves,0.1195684228975836,Sundarbans_mangroves,Eastern_Himalayan_broadleaf_forests           ,0.9332,-0.14253571611580404
Sundarbans_mangroves,0.1195684228975836,Sundarbans_mangroves,Central_Tibetan_Plateau_alpine_steppe         ,0.7635,-0.14253571611580404
Sundarbans_mangroves,0.1195684228975836,Sundarbans_mangroves,Terai_Duar_savanna_and_grasslands             ,0.9583,-0.14253571611580404
Sundarbans_mangroves,0.1195684228975836,Sundarbans_mangroves,Nicobar_Islands_rain_forests                  ,0.6481,-0.14253571611580404
Sundarbans_mangroves,0.1195684228975836,Sundarbans_mangroves,Eastern_Himalayan_alpine_shrub_and_meadows    ,0.8745,-0.14253571611580404
Sundarbans_mangroves,0.1195684228975836,Sundarbans_mangroves,North_Western_Ghats_montane_rain_forests      ,0.8764,-0.14253571611580404
Sundarbans_mangroves,0.1195684228975836,Sundarbans_mangroves,Chhota_Nagpur_dry_deciduous_forests           ,0.9482,-0.14253571611580404
Sundarbans_mangroves,0.1195684228975836,Sundarbans_mangroves,Rann_of_Kutch_seasonal_salt_marsh             ,0.9154,-0.14253571611580404
Sundarbans_mangroves,0.1195684228975836,Sundarbans_mangroves,Northwestern_Himalayan_alpine_shrub_and_meadows,0.7913,-0.14253571611580404
Sundarbans_mangroves,0.1195684228975836,Sundarbans_mangroves,Upper_Gangetic_Plains_moist_deciduous_forests ,0.9313,-0.14253571611580404
Sundarbans_mangroves,0.1195684228975836,Sundarbans_mangroves,North_Deccan_dry_deciduous_forests            ,0.9548,-0.14253571611580404
Sundarbans_mangroves,0.1195684228975836,Sundarbans_mangroves,Northeast_India_Myanmar_pine_forests          ,0.878,-0.14253571611580404
Sundarbans_mangroves,0.1195684228975836,Sundarbans_mangroves,Sundarbans_mangroves                          ,1.0,-0.14253571611580404
Sundarbans_mangroves,0.1195684228975836,Sundarbans_mangroves,Karakoram_West_Tibetan_Plateau_alpine_steppe  ,0.782,-0.14253571611580404
Sundarbans_mangroves,0.1195684228975836,Sundarbans_mangroves,Baluchistan_xeric_woodlands                   ,0.8946,-0.14253571611580404
Sundarbans_mangroves,0.1195684228975836,Sundarbans_mangroves,Indus_River_Delta_Arabian_Sea_mangroves       ,0.865,-0.14253571611580404
Sundarbans_mangroves,0.1195684228975836,Sundarbans_mangroves,Meghalaya_subtropical_forests                 ,0.968,-0.14253571611580404
Sundarbans_mangroves,0.1195684228975836,Sundarbans_mangroves,Chin_Hills_Arakan_Yoma_montane_forests        ,0.9132,-0.14253571611580404
Sundarbans_mangroves,0.1195684228975836,Sundarbans_mangroves,North_Western_Ghats_moist_deciduous_forests   ,0.8982,-0.14253571611580404
Sundarbans_mangroves,0.1195684228975836,Sundarbans_mangroves,Northern_Triangle_temperate_forests           ,0.8925,-0.14253571611580404
Sundarbans_mangroves,0.1195684228975836,Sundarbans_mangroves,Malabar_Coast_moist_forests                   ,0.8225,-0.14253571611580404
Sundarbans_mangroves,0.1195684228975836,Sundarbans_mangroves,Andaman_Islands_rain_forests                  ,0.7409,-0.14253571611580404
Sundarbans_mangroves,0.1195684228975836,Sundarbans_mangroves,Western_Himalayan_alpine_shrub_and_meadows    ,0.808,-0.14253571611580404
Sundarbans_mangroves,0.1195684228975836,Sundarbans_mangroves,Eastern_Himalayan_subalpine_conifer_forests   ,0.8893,-0.14253571611580404
Sundarbans_mangroves,0.1195684228975836,Sundarbans_mangroves,Deccan_thorn_scrub_forests                    ,0.8844,-0.14253571611580404
Sundarbans_mangroves,0.1195684228975836,Sundarbans_mangroves,Western_Himalayan_subalpine_conifer_forests   ,0.8866,-0.14253571611580404
Sundarbans_mangroves,0.1195684228975836,Sundarbans_mangroves,Lower_Gangetic_Plains_moist_deciduous_forests ,0.9618,-0.14253571611580404
Sundarbans_mangroves,0.1195684228975836,Sundarbans_mangroves,South_Western_Ghats_moist_deciduous_forests   ,0.8506,-0.14253571611580404
Sundarbans_mangroves,0.1195684228975836,Sundarbans_mangroves,Thar_desert                                   ,0.9069,-0.14253571611580404
Sundarbans_mangroves,0.1195684228975836,Sundarbans_mangroves,Godavari_Krishna_mangroves                    ,0.9018,-0.14253571611580404
Sundarbans_mangroves,0.1195684228975836,Sundarbans_mangroves,North_Tibetan_Plateau_Kunlun_Mountains_alpine_desert,0.7782,-0.14253571611580404
Sundarbans_mangroves,0.1195684228975836,Sundarbans_mangroves,Himalayan_subtropical_broadleaf_forests       ,0.9445,-0.14253571611580404
Sundarbans_mangroves,0.1195684228975836,Sundarbans_mangroves,South_Deccan_Plateau_dry_deciduous_forests    ,0.8932,-0.14253571611580404
Sundarbans_mangroves,0.1195684228975836,Sundarbans_mangroves,Orissa_semi_evergreen_forests                 ,0.9531,-0.14253571611580404
Sundarbans_mangroves,0.1195684228975836,Sundarbans_mangroves,Sundarbans_freshwater_swamp_forests           ,0.9856,-0.14253571611580404
Sundarbans_mangroves,0.1195684228975836,Sundarbans_mangroves,Himalayan_subtropical_pine_forests            ,0.9231,-0.14253571611580404
Sundarbans_freshwater_swamp_forests,0.0620512215945174,Sundarbans_freshwater_swamp_forests,Brahmaputra_Valley_semi_evergreen_forests     ,0.9691,-0.14253571611580404
Sundarbans_freshwater_swamp_forests,0.0620512215945174,Sundarbans_freshwater_swamp_forests,Western_Himalayan_broadleaf_forests           ,0.8905,-0.14253571611580404
Sundarbans_freshwater_swamp_forests,0.0620512215945174,Sundarbans_freshwater_swamp_forests,Northeast_Himalayan_subalpine_conifer_forests ,0.8558,-0.14253571611580404
Sundarbans_freshwater_swamp_forests,0.0620512215945174,Sundarbans_freshwater_swamp_forests,South_Western_Ghats_montane_rain_forests      ,0.8497,-0.14253571611580404
Sundarbans_freshwater_swamp_forests,0.0620512215945174,Sundarbans_freshwater_swamp_forests,Narmada_Valley_dry_deciduous_forests          ,0.9419,-0.14253571611580404
Sundarbans_freshwater_swamp_forests,0.0620512215945174,Sundarbans_freshwater_swamp_forests,Mizoram_Manipur_Kachin_rain_forests           ,0.9547,-0.14253571611580404
Sundarbans_freshwater_swamp_forests,0.0620512215945174,Sundarbans_freshwater_swamp_forests,Khathiar_Gir_dry_deciduous_forests            ,0.9474,-0.14253571611580404
Sundarbans_freshwater_swamp_forests,0.0620512215945174,Sundarbans_freshwater_swamp_forests,Aravalli_west_thorn_scrub_forests             ,0.9586,-0.14253571611580404
Sundarbans_freshwater_swamp_forests,0.0620512215945174,Sundarbans_freshwater_swamp_forests,Maldives_Lakshadweep_Chagos_Archipelago_tropical_moist_forests,0.5866,-0.14253571611580404
Sundarbans_freshwater_swamp_forests,0.0620512215945174,Sundarbans_freshwater_swamp_forests,East_Deccan_moist_deciduous_forests           ,0.958,-0.14253571611580404
Sundarbans_freshwater_swamp_forests,0.0620512215945174,Sundarbans_freshwater_swamp_forests,East_Deccan_dry_evergreen_forests             ,0.8957,-0.14253571611580404
Sundarbans_freshwater_swamp_forests,0.0620512215945174,Sundarbans_freshwater_swamp_forests,Central_Deccan_Plateau_dry_deciduous_forests  ,0.9576,-0.14253571611580404
Sundarbans_freshwater_swamp_forests,0.0620512215945174,Sundarbans_freshwater_swamp_forests,Eastern_Himalayan_broadleaf_forests           ,0.9327,-0.14253571611580404
Sundarbans_freshwater_swamp_forests,0.0620512215945174,Sundarbans_freshwater_swamp_forests,Central_Tibetan_Plateau_alpine_steppe         ,0.787,-0.14253571611580404
Sundarbans_freshwater_swamp_forests,0.0620512215945174,Sundarbans_freshwater_swamp_forests,Terai_Duar_savanna_and_grasslands             ,0.967,-0.14253571611580404
Sundarbans_freshwater_swamp_forests,0.0620512215945174,Sundarbans_freshwater_swamp_forests,Nicobar_Islands_rain_forests                  ,0.6366,-0.14253571611580404
Sundarbans_freshwater_swamp_forests,0.0620512215945174,Sundarbans_freshwater_swamp_forests,Eastern_Himalayan_alpine_shrub_and_meadows    ,0.8816,-0.14253571611580404
Sundarbans_freshwater_swamp_forests,0.0620512215945174,Sundarbans_freshwater_swamp_forests,North_Western_Ghats_montane_rain_forests      ,0.8838,-0.14253571611580404
Sundarbans_freshwater_swamp_forests,0.0620512215945174,Sundarbans_freshwater_swamp_forests,Chhota_Nagpur_dry_deciduous_forests           ,0.9675,-0.14253571611580404
Sundarbans_freshwater_swamp_forests,0.0620512215945174,Sundarbans_freshwater_swamp_forests,Rann_of_Kutch_seasonal_salt_marsh             ,0.9506,-0.14253571611580404
Sundarbans_freshwater_swamp_forests,0.0620512215945174,Sundarbans_freshwater_swamp_forests,Northwestern_Himalayan_alpine_shrub_and_meadows,0.8027,-0.14253571611580404
Sundarbans_freshwater_swamp_forests,0.0620512215945174,Sundarbans_freshwater_swamp_forests,Upper_Gangetic_Plains_moist_deciduous_forests ,0.9498,-0.14253571611580404
Sundarbans_freshwater_swamp_forests,0.0620512215945174,Sundarbans_freshwater_swamp_forests,North_Deccan_dry_deciduous_forests            ,0.9722,-0.14253571611580404
Sundarbans_freshwater_swamp_forests,0.0620512215945174,Sundarbans_freshwater_swamp_forests,Northeast_India_Myanmar_pine_forests          ,0.8816,-0.14253571611580404
Sundarbans_freshwater_swamp_forests,0.0620512215945174,Sundarbans_freshwater_swamp_forests,Sundarbans_mangroves                          ,0.9856,-0.14253571611580404
Sundarbans_freshwater_swamp_forests,0.0620512215945174,Sundarbans_freshwater_swamp_forests,Karakoram_West_Tibetan_Plateau_alpine_steppe  ,0.7988,-0.14253571611580404
Sundarbans_freshwater_swamp_forests,0.0620512215945174,Sundarbans_freshwater_swamp_forests,Baluchistan_xeric_woodlands                   ,0.918,-0.14253571611580404
Sundarbans_freshwater_swamp_forests,0.0620512215945174,Sundarbans_freshwater_swamp_forests,Indus_River_Delta_Arabian_Sea_mangroves       ,0.9102,-0.14253571611580404
Sundarbans_freshwater_swamp_forests,0.0620512215945174,Sundarbans_freshwater_swamp_forests,Meghalaya_subtropical_forests                 ,0.9686,-0.14253571611580404
Sundarbans_freshwater_swamp_forests,0.0620512215945174,Sundarbans_freshwater_swamp_forests,Chin_Hills_Arakan_Yoma_montane_forests        ,0.9251,-0.14253571611580404
Sundarbans_freshwater_swamp_forests,0.0620512215945174,Sundarbans_freshwater_swamp_forests,North_Western_Ghats_moist_deciduous_forests   ,0.9068,-0.14253571611580404
Sundarbans_freshwater_swamp_forests,0.0620512215945174,Sundarbans_freshwater_swamp_forests,Northern_Triangle_temperate_forests           ,0.878,-0.14253571611580404
Sundarbans_freshwater_swamp_forests,0.0620512215945174,Sundarbans_freshwater_swamp_forests,Malabar_Coast_moist_forests                   ,0.8154,-0.14253571611580404
Sundarbans_freshwater_swamp_forests,0.0620512215945174,Sundarbans_freshwater_swamp_forests,Andaman_Islands_rain_forests                  ,0.7131,-0.14253571611580404
Sundarbans_freshwater_swamp_forests,0.0620512215945174,Sundarbans_freshwater_swamp_forests,Western_Himalayan_alpine_shrub_and_meadows    ,0.8176,-0.14253571611580404
Sundarbans_freshwater_swamp_forests,0.0620512215945174,Sundarbans_freshwater_swamp_forests,Eastern_Himalayan_subalpine_conifer_forests   ,0.9048,-0.14253571611580404
Sundarbans_freshwater_swamp_forests,0.0620512215945174,Sundarbans_freshwater_swamp_forests,Deccan_thorn_scrub_forests                    ,0.9177,-0.14253571611580404
Sundarbans_freshwater_swamp_forests,0.0620512215945174,Sundarbans_freshwater_swamp_forests,Western_Himalayan_subalpine_conifer_forests   ,0.898,-0.14253571611580404
Sundarbans_freshwater_swamp_forests,0.0620512215945174,Sundarbans_freshwater_swamp_forests,Lower_Gangetic_Plains_moist_deciduous_forests ,0.9807,-0.14253571611580404
Sundarbans_freshwater_swamp_forests,0.0620512215945174,Sundarbans_freshwater_swamp_forests,South_Western_Ghats_moist_deciduous_forests   ,0.8615,-0.14253571611580404
Sundarbans_freshwater_swamp_forests,0.0620512215945174,Sundarbans_freshwater_swamp_forests,Thar_desert                                   ,0.9354,-0.14253571611580404
Sundarbans_freshwater_swamp_forests,0.0620512215945174,Sundarbans_freshwater_swamp_forests,Godavari_Krishna_mangroves                    ,0.9124,-0.14253571611580404
Sundarbans_freshwater_swamp_forests,0.0620512215945174,Sundarbans_freshwater_swamp_forests,North_Tibetan_Plateau_Kunlun_Mountains_alpine_desert,0.8,-0.14253571611580404
Sundarbans_freshwater_swamp_forests,0.0620512215945174,Sundarbans_freshwater_swamp_forests,Himalayan_subtropical_broadleaf_forests       ,0.9519,-0.14253571611580404
Sundarbans_freshwater_swamp_forests,0.0620512215945174,Sundarbans_freshwater_swamp_forests,South_Deccan_Plateau_dry_deciduous_forests    ,0.918,-0.14253571611580404
Sundarbans_freshwater_swamp_forests,0.0620512215945174,Sundarbans_freshwater_swamp_forests,Orissa_semi_evergreen_forests                 ,0.9687,-0.14253571611580404
Sundarbans_freshwater_swamp_forests,0.0620512215945174,Sundarbans_freshwater_swamp_forests,Sundarbans_freshwater_swamp_forests           ,1.0,-0.14253571611580404
Sundarbans_freshwater_swamp_forests,0.0620512215945174,Sundarbans_freshwater_swamp_forests,Himalayan_subtropical_pine_forests            ,0.9281,-0.14253571611580404
Terai_Duar_savanna_and_grasslands,0.1864141394634532,Terai_Duar_savanna_and_grasslands,Brahmaputra_Valley_semi_evergreen_forests     ,0.9665,-0.14253571611580404
Terai_Duar_savanna_and_grasslands,0.1864141394634532,Terai_Duar_savanna_and_grasslands,Western_Himalayan_broadleaf_forests           ,0.8978,-0.14253571611580404
Terai_Duar_savanna_and_grasslands,0.1864141394634532,Terai_Duar_savanna_and_grasslands,Northeast_Himalayan_subalpine_conifer_forests ,0.8645,-0.14253571611580404
Terai_Duar_savanna_and_grasslands,0.1864141394634532,Terai_Duar_savanna_and_grasslands,South_Western_Ghats_montane_rain_forests      ,0.8615,-0.14253571611580404
Terai_Duar_savanna_and_grasslands,0.1864141394634532,Terai_Duar_savanna_and_grasslands,Narmada_Valley_dry_deciduous_forests          ,0.9447,-0.14253571611580404
Terai_Duar_savanna_and_grasslands,0.1864141394634532,Terai_Duar_savanna_and_grasslands,Mizoram_Manipur_Kachin_rain_forests           ,0.9768,-0.14253571611580404
Terai_Duar_savanna_and_grasslands,0.1864141394634532,Terai_Duar_savanna_and_grasslands,Khathiar_Gir_dry_deciduous_forests            ,0.9501,-0.14253571611580404
Terai_Duar_savanna_and_grasslands,0.1864141394634532,Terai_Duar_savanna_and_grasslands,Aravalli_west_thorn_scrub_forests             ,0.9657,-0.14253571611580404
Terai_Duar_savanna_and_grasslands,0.1864141394634532,Terai_Duar_savanna_and_grasslands,Maldives_Lakshadweep_Chagos_Archipelago_tropical_moist_forests,0.5941,-0.14253571611580404
Terai_Duar_savanna_and_grasslands,0.1864141394634532,Terai_Duar_savanna_and_grasslands,East_Deccan_moist_deciduous_forests           ,0.9668,-0.14253571611580404
Terai_Duar_savanna_and_grasslands,0.1864141394634532,Terai_Duar_savanna_and_grasslands,East_Deccan_dry_evergreen_forests             ,0.9047,-0.14253571611580404
Terai_Duar_savanna_and_grasslands,0.1864141394634532,Terai_Duar_savanna_and_grasslands,Central_Deccan_Plateau_dry_deciduous_forests  ,0.9428,-0.14253571611580404
Terai_Duar_savanna_and_grasslands,0.1864141394634532,Terai_Duar_savanna_and_grasslands,Eastern_Himalayan_broadleaf_forests           ,0.9551,-0.14253571611580404
Terai_Duar_savanna_and_grasslands,0.1864141394634532,Terai_Duar_savanna_and_grasslands,Central_Tibetan_Plateau_alpine_steppe         ,0.7914,-0.14253571611580404
Terai_Duar_savanna_and_grasslands,0.1864141394634532,Terai_Duar_savanna_and_grasslands,Terai_Duar_savanna_and_grasslands             ,1.0,-0.14253571611580404
Terai_Duar_savanna_and_grasslands,0.1864141394634532,Terai_Duar_savanna_and_grasslands,Nicobar_Islands_rain_forests                  ,0.6516,-0.14253571611580404
Terai_Duar_savanna_and_grasslands,0.1864141394634532,Terai_Duar_savanna_and_grasslands,Eastern_Himalayan_alpine_shrub_and_meadows    ,0.8784,-0.14253571611580404
Terai_Duar_savanna_and_grasslands,0.1864141394634532,Terai_Duar_savanna_and_grasslands,North_Western_Ghats_montane_rain_forests      ,0.9082,-0.14253571611580404
Terai_Duar_savanna_and_grasslands,0.1864141394634532,Terai_Duar_savanna_and_grasslands,Chhota_Nagpur_dry_deciduous_forests           ,0.9715,-0.14253571611580404
Terai_Duar_savanna_and_grasslands,0.1864141394634532,Terai_Duar_savanna_and_grasslands,Rann_of_Kutch_seasonal_salt_marsh             ,0.9479,-0.14253571611580404
Terai_Duar_savanna_and_grasslands,0.1864141394634532,Terai_Duar_savanna_and_grasslands,Northwestern_Himalayan_alpine_shrub_and_meadows,0.7835,-0.14253571611580404
Terai_Duar_savanna_and_grasslands,0.1864141394634532,Terai_Duar_savanna_and_grasslands,Upper_Gangetic_Plains_moist_deciduous_forests ,0.9704,-0.14253571611580404
Terai_Duar_savanna_and_grasslands,0.1864141394634532,Terai_Duar_savanna_and_grasslands,North_Deccan_dry_deciduous_forests            ,0.9766,-0.14253571611580404
Terai_Duar_savanna_and_grasslands,0.1864141394634532,Terai_Duar_savanna_and_grasslands,Northeast_India_Myanmar_pine_forests          ,0.9044,-0.14253571611580404
Terai_Duar_savanna_and_grasslands,0.1864141394634532,Terai_Duar_savanna_and_grasslands,Sundarbans_mangroves                          ,0.9583,-0.14253571611580404
Terai_Duar_savanna_and_grasslands,0.1864141394634532,Terai_Duar_savanna_and_grasslands,Karakoram_West_Tibetan_Plateau_alpine_steppe  ,0.7733,-0.14253571611580404
Terai_Duar_savanna_and_grasslands,0.1864141394634532,Terai_Duar_savanna_and_grasslands,Baluchistan_xeric_woodlands                   ,0.8909,-0.14253571611580404
Terai_Duar_savanna_and_grasslands,0.1864141394634532,Terai_Duar_savanna_and_grasslands,Indus_River_Delta_Arabian_Sea_mangroves       ,0.9234,-0.14253571611580404
Terai_Duar_savanna_and_grasslands,0.1864141394634532,Terai_Duar_savanna_and_grasslands,Meghalaya_subtropical_forests                 ,0.9674,-0.14253571611580404
Terai_Duar_savanna_and_grasslands,0.1864141394634532,Terai_Duar_savanna_and_grasslands,Chin_Hills_Arakan_Yoma_montane_forests        ,0.9526,-0.14253571611580404
Terai_Duar_savanna_and_grasslands,0.1864141394634532,Terai_Duar_savanna_and_grasslands,North_Western_Ghats_moist_deciduous_forests   ,0.9374,-0.14253571611580404
Terai_Duar_savanna_and_grasslands,0.1864141394634532,Terai_Duar_savanna_and_grasslands,Northern_Triangle_temperate_forests           ,0.8809,-0.14253571611580404
Terai_Duar_savanna_and_grasslands,0.1864141394634532,Terai_Duar_savanna_and_grasslands,Malabar_Coast_moist_forests                   ,0.8456,-0.14253571611580404
Terai_Duar_savanna_and_grasslands,0.1864141394634532,Terai_Duar_savanna_and_grasslands,Andaman_Islands_rain_forests                  ,0.7504,-0.14253571611580404
Terai_Duar_savanna_and_grasslands,0.1864141394634532,Terai_Duar_savanna_and_grasslands,Western_Himalayan_alpine_shrub_and_meadows    ,0.808,-0.14253571611580404
Terai_Duar_savanna_and_grasslands,0.1864141394634532,Terai_Duar_savanna_and_grasslands,Eastern_Himalayan_subalpine_conifer_forests   ,0.9167,-0.14253571611580404
Terai_Duar_savanna_and_grasslands,0.1864141394634532,Terai_Duar_savanna_and_grasslands,Deccan_thorn_scrub_forests                    ,0.9193,-0.14253571611580404
Terai_Duar_savanna_and_grasslands,0.1864141394634532,Terai_Duar_savanna_and_grasslands,Western_Himalayan_subalpine_conifer_forests   ,0.9022,-0.14253571611580404
Terai_Duar_savanna_and_grasslands,0.1864141394634532,Terai_Duar_savanna_and_grasslands,Lower_Gangetic_Plains_moist_deciduous_forests ,0.986,-0.14253571611580404
Terai_Duar_savanna_and_grasslands,0.1864141394634532,Terai_Duar_savanna_and_grasslands,South_Western_Ghats_moist_deciduous_forests   ,0.8675,-0.14253571611580404
Terai_Duar_savanna_and_grasslands,0.1864141394634532,Terai_Duar_savanna_and_grasslands,Thar_desert                                   ,0.956,-0.14253571611580404
Terai_Duar_savanna_and_grasslands,0.1864141394634532,Terai_Duar_savanna_and_grasslands,Godavari_Krishna_mangroves                    ,0.9302,-0.14253571611580404
Terai_Duar_savanna_and_grasslands,0.1864141394634532,Terai_Duar_savanna_and_grasslands,North_Tibetan_Plateau_Kunlun_Mountains_alpine_desert,0.7983,-0.14253571611580404
Terai_Duar_savanna_and_grasslands,0.1864141394634532,Terai_Duar_savanna_and_grasslands,Himalayan_subtropical_broadleaf_forests       ,0.9843,-0.14253571611580404
Terai_Duar_savanna_and_grasslands,0.1864141394634532,Terai_Duar_savanna_and_grasslands,South_Deccan_Plateau_dry_deciduous_forests    ,0.911,-0.14253571611580404
Terai_Duar_savanna_and_grasslands,0.1864141394634532,Terai_Duar_savanna_and_grasslands,Orissa_semi_evergreen_forests                 ,0.9715,-0.14253571611580404
Terai_Duar_savanna_and_grasslands,0.1864141394634532,Terai_Duar_savanna_and_grasslands,Sundarbans_freshwater_swamp_forests           ,0.967,-0.14253571611580404
Terai_Duar_savanna_and_grasslands,0.1864141394634532,Terai_Duar_savanna_and_grasslands,Himalayan_subtropical_pine_forests            ,0.9489,-0.14253571611580404
Thar_desert,0.0602696327904382,Thar_desert,Brahmaputra_Valley_semi_evergreen_forests     ,0.8951,-0.14253571611580404
Thar_desert,0.0602696327904382,Thar_desert,Western_Himalayan_broadleaf_forests           ,0.8306,-0.14253571611580404
Thar_desert,0.0602696327904382,Thar_desert,Northeast_Himalayan_subalpine_conifer_forests ,0.8395,-0.14253571611580404
Thar_desert,0.0602696327904382,Thar_desert,South_Western_Ghats_montane_rain_forests      ,0.7881,-0.14253571611580404
Thar_desert,0.0602696327904382,Thar_desert,Narmada_Valley_dry_deciduous_forests          ,0.9616,-0.14253571611580404
Thar_desert,0.0602696327904382,Thar_desert,Mizoram_Manipur_Kachin_rain_forests           ,0.9144,-0.14253571611580404
Thar_desert,0.0602696327904382,Thar_desert,Khathiar_Gir_dry_deciduous_forests            ,0.9711,-0.14253571611580404
Thar_desert,0.0602696327904382,Thar_desert,Aravalli_west_thorn_scrub_forests             ,0.984,-0.14253571611580404
Thar_desert,0.0602696327904382,Thar_desert,Maldives_Lakshadweep_Chagos_Archipelago_tropical_moist_forests,0.5387,-0.14253571611580404
Thar_desert,0.0602696327904382,Thar_desert,East_Deccan_moist_deciduous_forests           ,0.9693,-0.14253571611580404
Thar_desert,0.0602696327904382,Thar_desert,East_Deccan_dry_evergreen_forests             ,0.9078,-0.14253571611580404
Thar_desert,0.0602696327904382,Thar_desert,Central_Deccan_Plateau_dry_deciduous_forests  ,0.9507,-0.14253571611580404
Thar_desert,0.0602696327904382,Thar_desert,Eastern_Himalayan_broadleaf_forests           ,0.8776,-0.14253571611580404
Thar_desert,0.0602696327904382,Thar_desert,Central_Tibetan_Plateau_alpine_steppe         ,0.7857,-0.14253571611580404
Thar_desert,0.0602696327904382,Thar_desert,Terai_Duar_savanna_and_grasslands             ,0.956,-0.14253571611580404
Thar_desert,0.0602696327904382,Thar_desert,Nicobar_Islands_rain_forests                  ,0.5676,-0.14253571611580404
Thar_desert,0.0602696327904382,Thar_desert,Eastern_Himalayan_alpine_shrub_and_meadows    ,0.8597,-0.14253571611580404
Thar_desert,0.0602696327904382,Thar_desert,North_Western_Ghats_montane_rain_forests      ,0.8682,-0.14253571611580404
Thar_desert,0.0602696327904382,Thar_desert,Chhota_Nagpur_dry_deciduous_forests           ,0.9773,-0.14253571611580404
Thar_desert,0.0602696327904382,Thar_desert,Rann_of_Kutch_seasonal_salt_marsh             ,0.9808,-0.14253571611580404
Thar_desert,0.0602696327904382,Thar_desert,Northwestern_Himalayan_alpine_shrub_and_meadows,0.7532,-0.14253571611580404
Thar_desert,0.0602696327904382,Thar_desert,Upper_Gangetic_Plains_moist_deciduous_forests ,0.9738,-0.14253571611580404
Thar_desert,0.0602696327904382,Thar_desert,North_Deccan_dry_deciduous_forests            ,0.985,-0.14253571611580404
Thar_desert,0.0602696327904382,Thar_desert,Northeast_India_Myanmar_pine_forests          ,0.8114,-0.14253571611580404
Thar_desert,0.0602696327904382,Thar_desert,Sundarbans_mangroves                          ,0.9069,-0.14253571611580404
Thar_desert,0.0602696327904382,Thar_desert,Karakoram_West_Tibetan_Plateau_alpine_steppe  ,0.762,-0.14253571611580404
Thar_desert,0.0602696327904382,Thar_desert,Baluchistan_xeric_woodlands                   ,0.8919,-0.14253571611580404
Thar_desert,0.0602696327904382,Thar_desert,Indus_River_Delta_Arabian_Sea_mangroves       ,0.941,-0.14253571611580404
Thar_desert,0.0602696327904382,Thar_desert,Meghalaya_subtropical_forests                 ,0.9063,-0.14253571611580404
Thar_desert,0.0602696327904382,Thar_desert,Chin_Hills_Arakan_Yoma_montane_forests        ,0.9008,-0.14253571611580404
Thar_desert,0.0602696327904382,Thar_desert,North_Western_Ghats_moist_deciduous_forests   ,0.9052,-0.14253571611580404
Thar_desert,0.0602696327904382,Thar_desert,Northern_Triangle_temperate_forests           ,0.7755,-0.14253571611580404
Thar_desert,0.0602696327904382,Thar_desert,Malabar_Coast_moist_forests                   ,0.773,-0.14253571611580404
Thar_desert,0.0602696327904382,Thar_desert,Andaman_Islands_rain_forests                  ,0.6406,-0.14253571611580404
Thar_desert,0.0602696327904382,Thar_desert,Western_Himalayan_alpine_shrub_and_meadows    ,0.7553,-0.14253571611580404
Thar_desert,0.0602696327904382,Thar_desert,Eastern_Himalayan_subalpine_conifer_forests   ,0.8697,-0.14253571611580404
Thar_desert,0.0602696327904382,Thar_desert,Deccan_thorn_scrub_forests                    ,0.9208,-0.14253571611580404
Thar_desert,0.0602696327904382,Thar_desert,Western_Himalayan_subalpine_conifer_forests   ,0.8498,-0.14253571611580404
Thar_desert,0.0602696327904382,Thar_desert,Lower_Gangetic_Plains_moist_deciduous_forests ,0.9536,-0.14253571611580404
Thar_desert,0.0602696327904382,Thar_desert,South_Western_Ghats_moist_deciduous_forests   ,0.8162,-0.14253571611580404
Thar_desert,0.0602696327904382,Thar_desert,Thar_desert                                   ,1.0,-0.14253571611580404
Thar_desert,0.0602696327904382,Thar_desert,Godavari_Krishna_mangroves                    ,0.9441,-0.14253571611580404
Thar_desert,0.0602696327904382,Thar_desert,North_Tibetan_Plateau_Kunlun_Mountains_alpine_desert,0.8042,-0.14253571611580404
Thar_desert,0.0602696327904382,Thar_desert,Himalayan_subtropical_broadleaf_forests       ,0.9304,-0.14253571611580404
Thar_desert,0.0602696327904382,Thar_desert,South_Deccan_Plateau_dry_deciduous_forests    ,0.9098,-0.14253571611580404
Thar_desert,0.0602696327904382,Thar_desert,Orissa_semi_evergreen_forests                 ,0.9706,-0.14253571611580404
Thar_desert,0.0602696327904382,Thar_desert,Sundarbans_freshwater_swamp_forests           ,0.9354,-0.14253571611580404
Thar_desert,0.0602696327904382,Thar_desert,Himalayan_subtropical_pine_forests            ,0.879,-0.14253571611580404
Upper_Gangetic_Plains_moist_deciduous_forests,0.0100457500510902,Upper_Gangetic_Plains_moist_deciduous_forests,Brahmaputra_Valley_semi_evergreen_forests     ,0.9217,-0.14253571611580404
Upper_Gangetic_Plains_moist_deciduous_forests,0.0100457500510902,Upper_Gangetic_Plains_moist_deciduous_forests,Western_Himalayan_broadleaf_forests           ,0.8883,-0.14253571611580404
Upper_Gangetic_Plains_moist_deciduous_forests,0.0100457500510902,Upper_Gangetic_Plains_moist_deciduous_forests,Northeast_Himalayan_subalpine_conifer_forests ,0.8709,-0.14253571611580404
Upper_Gangetic_Plains_moist_deciduous_forests,0.0100457500510902,Upper_Gangetic_Plains_moist_deciduous_forests,South_Western_Ghats_montane_rain_forests      ,0.8636,-0.14253571611580404
Upper_Gangetic_Plains_moist_deciduous_forests,0.0100457500510902,Upper_Gangetic_Plains_moist_deciduous_forests,Narmada_Valley_dry_deciduous_forests          ,0.985,-0.14253571611580404
Upper_Gangetic_Plains_moist_deciduous_forests,0.0100457500510902,Upper_Gangetic_Plains_moist_deciduous_forests,Mizoram_Manipur_Kachin_rain_forests           ,0.9544,-0.14253571611580404
Upper_Gangetic_Plains_moist_deciduous_forests,0.0100457500510902,Upper_Gangetic_Plains_moist_deciduous_forests,Khathiar_Gir_dry_deciduous_forests            ,0.989,-0.14253571611580404
Upper_Gangetic_Plains_moist_deciduous_forests,0.0100457500510902,Upper_Gangetic_Plains_moist_deciduous_forests,Aravalli_west_thorn_scrub_forests             ,0.9833,-0.14253571611580404
Upper_Gangetic_Plains_moist_deciduous_forests,0.0100457500510902,Upper_Gangetic_Plains_moist_deciduous_forests,Maldives_Lakshadweep_Chagos_Archipelago_tropical_moist_forests,0.6329,-0.14253571611580404
Upper_Gangetic_Plains_moist_deciduous_forests,0.0100457500510902,Upper_Gangetic_Plains_moist_deciduous_forests,East_Deccan_moist_deciduous_forests           ,0.9878,-0.14253571611580404
Upper_Gangetic_Plains_moist_deciduous_forests,0.0100457500510902,Upper_Gangetic_Plains_moist_deciduous_forests,East_Deccan_dry_evergreen_forests             ,0.9521,-0.14253571611580404
Upper_Gangetic_Plains_moist_deciduous_forests,0.0100457500510902,Upper_Gangetic_Plains_moist_deciduous_forests,Central_Deccan_Plateau_dry_deciduous_forests  ,0.98,-0.14253571611580404
Upper_Gangetic_Plains_moist_deciduous_forests,0.0100457500510902,Upper_Gangetic_Plains_moist_deciduous_forests,Eastern_Himalayan_broadleaf_forests           ,0.9327,-0.14253571611580404
Upper_Gangetic_Plains_moist_deciduous_forests,0.0100457500510902,Upper_Gangetic_Plains_moist_deciduous_forests,Central_Tibetan_Plateau_alpine_steppe         ,0.8044,-0.14253571611580404
Upper_Gangetic_Plains_moist_deciduous_forests,0.0100457500510902,Upper_Gangetic_Plains_moist_deciduous_forests,Terai_Duar_savanna_and_grasslands             ,0.9704,-0.14253571611580404
Upper_Gangetic_Plains_moist_deciduous_forests,0.0100457500510902,Upper_Gangetic_Plains_moist_deciduous_forests,Nicobar_Islands_rain_forests                  ,0.6611,-0.14253571611580404
Upper_Gangetic_Plains_moist_deciduous_forests,0.0100457500510902,Upper_Gangetic_Plains_moist_deciduous_forests,Eastern_Himalayan_alpine_shrub_and_meadows    ,0.8927,-0.14253571611580404
Upper_Gangetic_Plains_moist_deciduous_forests,0.0100457500510902,Upper_Gangetic_Plains_moist_deciduous_forests,North_Western_Ghats_montane_rain_forests      ,0.9156,-0.14253571611580404
Upper_Gangetic_Plains_moist_deciduous_forests,0.0100457500510902,Upper_Gangetic_Plains_moist_deciduous_forests,Chhota_Nagpur_dry_deciduous_forests           ,0.9906,-0.14253571611580404
Upper_Gangetic_Plains_moist_deciduous_forests,0.0100457500510902,Upper_Gangetic_Plains_moist_deciduous_forests,Rann_of_Kutch_seasonal_salt_marsh             ,0.9843,-0.14253571611580404
Upper_Gangetic_Plains_moist_deciduous_forests,0.0100457500510902,Upper_Gangetic_Plains_moist_deciduous_forests,Northwestern_Himalayan_alpine_shrub_and_meadows,0.7862,-0.14253571611580404
Upper_Gangetic_Plains_moist_deciduous_forests,0.0100457500510902,Upper_Gangetic_Plains_moist_deciduous_forests,Upper_Gangetic_Plains_moist_deciduous_forests ,1.0,-0.14253571611580404
Upper_Gangetic_Plains_moist_deciduous_forests,0.0100457500510902,Upper_Gangetic_Plains_moist_deciduous_forests,North_Deccan_dry_deciduous_forests            ,0.983,-0.14253571611580404
Upper_Gangetic_Plains_moist_deciduous_forests,0.0100457500510902,Upper_Gangetic_Plains_moist_deciduous_forests,Northeast_India_Myanmar_pine_forests          ,0.8525,-0.14253571611580404
Upper_Gangetic_Plains_moist_deciduous_forests,0.0100457500510902,Upper_Gangetic_Plains_moist_deciduous_forests,Sundarbans_mangroves                          ,0.9313,-0.14253571611580404
Upper_Gangetic_Plains_moist_deciduous_forests,0.0100457500510902,Upper_Gangetic_Plains_moist_deciduous_forests,Karakoram_West_Tibetan_Plateau_alpine_steppe  ,0.7925,-0.14253571611580404
Upper_Gangetic_Plains_moist_deciduous_forests,0.0100457500510902,Upper_Gangetic_Plains_moist_deciduous_forests,Baluchistan_xeric_woodlands                   ,0.9233,-0.14253571611580404
Upper_Gangetic_Plains_moist_deciduous_forests,0.0100457500510902,Upper_Gangetic_Plains_moist_deciduous_forests,Indus_River_Delta_Arabian_Sea_mangroves       ,0.9633,-0.14253571611580404
Upper_Gangetic_Plains_moist_deciduous_forests,0.0100457500510902,Upper_Gangetic_Plains_moist_deciduous_forests,Meghalaya_subtropical_forests                 ,0.9483,-0.14253571611580404
Upper_Gangetic_Plains_moist_deciduous_forests,0.0100457500510902,Upper_Gangetic_Plains_moist_deciduous_forests,Chin_Hills_Arakan_Yoma_montane_forests        ,0.9354,-0.14253571611580404
Upper_Gangetic_Plains_moist_deciduous_forests,0.0100457500510902,Upper_Gangetic_Plains_moist_deciduous_forests,North_Western_Ghats_moist_deciduous_forests   ,0.9496,-0.14253571611580404
Upper_Gangetic_Plains_moist_deciduous_forests,0.0100457500510902,Upper_Gangetic_Plains_moist_deciduous_forests,Northern_Triangle_temperate_forests           ,0.8349,-0.14253571611580404
Upper_Gangetic_Plains_moist_deciduous_forests,0.0100457500510902,Upper_Gangetic_Plains_moist_deciduous_forests,Malabar_Coast_moist_forests                   ,0.8507,-0.14253571611580404
Upper_Gangetic_Plains_moist_deciduous_forests,0.0100457500510902,Upper_Gangetic_Plains_moist_deciduous_forests,Andaman_Islands_rain_forests                  ,0.7361,-0.14253571611580404
Upper_Gangetic_Plains_moist_deciduous_forests,0.0100457500510902,Upper_Gangetic_Plains_moist_deciduous_forests,Western_Himalayan_alpine_shrub_and_meadows    ,0.8048,-0.14253571611580404
Upper_Gangetic_Plains_moist_deciduous_forests,0.0100457500510902,Upper_Gangetic_Plains_moist_deciduous_forests,Eastern_Himalayan_subalpine_conifer_forests   ,0.9091,-0.14253571611580404
Upper_Gangetic_Plains_moist_deciduous_forests,0.0100457500510902,Upper_Gangetic_Plains_moist_deciduous_forests,Deccan_thorn_scrub_forests                    ,0.9626,-0.14253571611580404
Upper_Gangetic_Plains_moist_deciduous_forests,0.0100457500510902,Upper_Gangetic_Plains_moist_deciduous_forests,Western_Himalayan_subalpine_conifer_forests   ,0.8975,-0.14253571611580404
Upper_Gangetic_Plains_moist_deciduous_forests,0.0100457500510902,Upper_Gangetic_Plains_moist_deciduous_forests,Lower_Gangetic_Plains_moist_deciduous_forests ,0.975,-0.14253571611580404
Upper_Gangetic_Plains_moist_deciduous_forests,0.0100457500510902,Upper_Gangetic_Plains_moist_deciduous_forests,South_Western_Ghats_moist_deciduous_forests   ,0.8887,-0.14253571611580404
Upper_Gangetic_Plains_moist_deciduous_forests,0.0100457500510902,Upper_Gangetic_Plains_moist_deciduous_forests,Thar_desert                                   ,0.9738,-0.14253571611580404
Upper_Gangetic_Plains_moist_deciduous_forests,0.0100457500510902,Upper_Gangetic_Plains_moist_deciduous_forests,Godavari_Krishna_mangroves                    ,0.9698,-0.14253571611580404
Upper_Gangetic_Plains_moist_deciduous_forests,0.0100457500510902,Upper_Gangetic_Plains_moist_deciduous_forests,North_Tibetan_Plateau_Kunlun_Mountains_alpine_desert,0.8225,-0.14253571611580404
Upper_Gangetic_Plains_moist_deciduous_forests,0.0100457500510902,Upper_Gangetic_Plains_moist_deciduous_forests,Himalayan_subtropical_broadleaf_forests       ,0.9577,-0.14253571611580404
Upper_Gangetic_Plains_moist_deciduous_forests,0.0100457500510902,Upper_Gangetic_Plains_moist_deciduous_forests,South_Deccan_Plateau_dry_deciduous_forests    ,0.9511,-0.14253571611580404
Upper_Gangetic_Plains_moist_deciduous_forests,0.0100457500510902,Upper_Gangetic_Plains_moist_deciduous_forests,Orissa_semi_evergreen_forests                 ,0.9767,-0.14253571611580404
Upper_Gangetic_Plains_moist_deciduous_forests,0.0100457500510902,Upper_Gangetic_Plains_moist_deciduous_forests,Sundarbans_freshwater_swamp_forests           ,0.9498,-0.14253571611580404
Upper_Gangetic_Plains_moist_deciduous_forests,0.0100457500510902,Upper_Gangetic_Plains_moist_deciduous_forests,Himalayan_subtropical_pine_forests            ,0.9355,-0.14253571611580404
Western_Himalayan_alpine_shrub_and_meadows,0.4969090626444437,Western_Himalayan_alpine_shrub_and_meadows,Brahmaputra_Valley_semi_evergreen_forests     ,0.8432,-0.14253571611580404
Western_Himalayan_alpine_shrub_and_meadows,0.4969090626444437,Western_Himalayan_alpine_shrub_and_meadows,Western_Himalayan_broadleaf_forests           ,0.9434,-0.14253571611580404
Western_Himalayan_alpine_shrub_and_meadows,0.4969090626444437,Western_Himalayan_alpine_shrub_and_meadows,Northeast_Himalayan_subalpine_conifer_forests ,0.9646,-0.14253571611580404
Western_Himalayan_alpine_shrub_and_meadows,0.4969090626444437,Western_Himalayan_alpine_shrub_and_meadows,South_Western_Ghats_montane_rain_forests      ,0.8435,-0.14253571611580404
Western_Himalayan_alpine_shrub_and_meadows,0.4969090626444437,Western_Himalayan_alpine_shrub_and_meadows,Narmada_Valley_dry_deciduous_forests          ,0.8286,-0.14253571611580404
Western_Himalayan_alpine_shrub_and_meadows,0.4969090626444437,Western_Himalayan_alpine_shrub_and_meadows,Mizoram_Manipur_Kachin_rain_forests           ,0.8604,-0.14253571611580404
Western_Himalayan_alpine_shrub_and_meadows,0.4969090626444437,Western_Himalayan_alpine_shrub_and_meadows,Khathiar_Gir_dry_deciduous_forests            ,0.8163,-0.14253571611580404
Western_Himalayan_alpine_shrub_and_meadows,0.4969090626444437,Western_Himalayan_alpine_shrub_and_meadows,Aravalli_west_thorn_scrub_forests             ,0.81,-0.14253571611580404
Western_Himalayan_alpine_shrub_and_meadows,0.4969090626444437,Western_Himalayan_alpine_shrub_and_meadows,Maldives_Lakshadweep_Chagos_Archipelago_tropical_moist_forests,0.4807,-0.14253571611580404
Western_Himalayan_alpine_shrub_and_meadows,0.4969090626444437,Western_Himalayan_alpine_shrub_and_meadows,East_Deccan_moist_deciduous_forests           ,0.8356,-0.14253571611580404
Western_Himalayan_alpine_shrub_and_meadows,0.4969090626444437,Western_Himalayan_alpine_shrub_and_meadows,East_Deccan_dry_evergreen_forests             ,0.7643,-0.14253571611580404
Western_Himalayan_alpine_shrub_and_meadows,0.4969090626444437,Western_Himalayan_alpine_shrub_and_meadows,Central_Deccan_Plateau_dry_deciduous_forests  ,0.8279,-0.14253571611580404
Western_Himalayan_alpine_shrub_and_meadows,0.4969090626444437,Western_Himalayan_alpine_shrub_and_meadows,Eastern_Himalayan_broadleaf_forests           ,0.9023,-0.14253571611580404
Western_Himalayan_alpine_shrub_and_meadows,0.4969090626444437,Western_Himalayan_alpine_shrub_and_meadows,Central_Tibetan_Plateau_alpine_steppe         ,0.9569,-0.14253571611580404
Western_Himalayan_alpine_shrub_and_meadows,0.4969090626444437,Western_Himalayan_alpine_shrub_and_meadows,Terai_Duar_savanna_and_grasslands             ,0.808,-0.14253571611580404
Western_Himalayan_alpine_shrub_and_meadows,0.4969090626444437,Western_Himalayan_alpine_shrub_and_meadows,Nicobar_Islands_rain_forests                  ,0.5645,-0.14253571611580404
Western_Himalayan_alpine_shrub_and_meadows,0.4969090626444437,Western_Himalayan_alpine_shrub_and_meadows,Eastern_Himalayan_alpine_shrub_and_meadows    ,0.9615,-0.14253571611580404
Western_Himalayan_alpine_shrub_and_meadows,0.4969090626444437,Western_Himalayan_alpine_shrub_and_meadows,North_Western_Ghats_montane_rain_forests      ,0.8145,-0.14253571611580404
Western_Himalayan_alpine_shrub_and_meadows,0.4969090626444437,Western_Himalayan_alpine_shrub_and_meadows,Chhota_Nagpur_dry_deciduous_forests           ,0.8394,-0.14253571611580404
Western_Himalayan_alpine_shrub_and_meadows,0.4969090626444437,Western_Himalayan_alpine_shrub_and_meadows,Rann_of_Kutch_seasonal_salt_marsh             ,0.7782,-0.14253571611580404
Western_Himalayan_alpine_shrub_and_meadows,0.4969090626444437,Western_Himalayan_alpine_shrub_and_meadows,Northwestern_Himalayan_alpine_shrub_and_meadows,0.9684,-0.14253571611580404
Western_Himalayan_alpine_shrub_and_meadows,0.4969090626444437,Western_Himalayan_alpine_shrub_and_meadows,Upper_Gangetic_Plains_moist_deciduous_forests ,0.8048,-0.14253571611580404
Western_Himalayan_alpine_shrub_and_meadows,0.4969090626444437,Western_Himalayan_alpine_shrub_and_meadows,North_Deccan_dry_deciduous_forests            ,0.8208,-0.14253571611580404
Western_Himalayan_alpine_shrub_and_meadows,0.4969090626444437,Western_Himalayan_alpine_shrub_and_meadows,Northeast_India_Myanmar_pine_forests          ,0.922,-0.14253571611580404
Western_Himalayan_alpine_shrub_and_meadows,0.4969090626444437,Western_Himalayan_alpine_shrub_and_meadows,Sundarbans_mangroves                          ,0.808,-0.14253571611580404
Western_Himalayan_alpine_shrub_and_meadows,0.4969090626444437,Western_Himalayan_alpine_shrub_and_meadows,Karakoram_West_Tibetan_Plateau_alpine_steppe  ,0.9741,-0.14253571611580404
Western_Himalayan_alpine_shrub_and_meadows,0.4969090626444437,Western_Himalayan_alpine_shrub_and_meadows,Baluchistan_xeric_woodlands                   ,0.9362,-0.14253571611580404
Western_Himalayan_alpine_shrub_and_meadows,0.4969090626444437,Western_Himalayan_alpine_shrub_and_meadows,Indus_River_Delta_Arabian_Sea_mangroves       ,0.7637,-0.14253571611580404
Western_Himalayan_alpine_shrub_and_meadows,0.4969090626444437,Western_Himalayan_alpine_shrub_and_meadows,Meghalaya_subtropical_forests                 ,0.8868,-0.14253571611580404
Western_Himalayan_alpine_shrub_and_meadows,0.4969090626444437,Western_Himalayan_alpine_shrub_and_meadows,Chin_Hills_Arakan_Yoma_montane_forests        ,0.8954,-0.14253571611580404
Western_Himalayan_alpine_shrub_and_meadows,0.4969090626444437,Western_Himalayan_alpine_shrub_and_meadows,North_Western_Ghats_moist_deciduous_forests   ,0.7969,-0.14253571611580404
Western_Himalayan_alpine_shrub_and_meadows,0.4969090626444437,Western_Himalayan_alpine_shrub_and_meadows,Northern_Triangle_temperate_forests           ,0.9377,-0.14253571611580404
Western_Himalayan_alpine_shrub_and_meadows,0.4969090626444437,Western_Himalayan_alpine_shrub_and_meadows,Malabar_Coast_moist_forests                   ,0.6955,-0.14253571611580404
Western_Himalayan_alpine_shrub_and_meadows,0.4969090626444437,Western_Himalayan_alpine_shrub_and_meadows,Andaman_Islands_rain_forests                  ,0.5961,-0.14253571611580404
Western_Himalayan_alpine_shrub_and_meadows,0.4969090626444437,Western_Himalayan_alpine_shrub_and_meadows,Western_Himalayan_alpine_shrub_and_meadows    ,1.0,-0.14253571611580404
Western_Himalayan_alpine_shrub_and_meadows,0.4969090626444437,Western_Himalayan_alpine_shrub_and_meadows,Eastern_Himalayan_subalpine_conifer_forests   ,0.9601,-0.14253571611580404
Western_Himalayan_alpine_shrub_and_meadows,0.4969090626444437,Western_Himalayan_alpine_shrub_and_meadows,Deccan_thorn_scrub_forests                    ,0.8066,-0.14253571611580404
Western_Himalayan_alpine_shrub_and_meadows,0.4969090626444437,Western_Himalayan_alpine_shrub_and_meadows,Western_Himalayan_subalpine_conifer_forests   ,0.9531,-0.14253571611580404
Western_Himalayan_alpine_shrub_and_meadows,0.4969090626444437,Western_Himalayan_alpine_shrub_and_meadows,Lower_Gangetic_Plains_moist_deciduous_forests ,0.8151,-0.14253571611580404
Western_Himalayan_alpine_shrub_and_meadows,0.4969090626444437,Western_Himalayan_alpine_shrub_and_meadows,South_Western_Ghats_moist_deciduous_forests   ,0.821,-0.14253571611580404
Western_Himalayan_alpine_shrub_and_meadows,0.4969090626444437,Western_Himalayan_alpine_shrub_and_meadows,Thar_desert                                   ,0.7553,-0.14253571611580404
Western_Himalayan_alpine_shrub_and_meadows,0.4969090626444437,Western_Himalayan_alpine_shrub_and_meadows,Godavari_Krishna_mangroves                    ,0.7533,-0.14253571611580404
Western_Himalayan_alpine_shrub_and_meadows,0.4969090626444437,Western_Himalayan_alpine_shrub_and_meadows,North_Tibetan_Plateau_Kunlun_Mountains_alpine_desert,0.949,-0.14253571611580404
Western_Himalayan_alpine_shrub_and_meadows,0.4969090626444437,Western_Himalayan_alpine_shrub_and_meadows,Himalayan_subtropical_broadleaf_forests       ,0.8865,-0.14253571611580404
Western_Himalayan_alpine_shrub_and_meadows,0.4969090626444437,Western_Himalayan_alpine_shrub_and_meadows,South_Deccan_Plateau_dry_deciduous_forests    ,0.8525,-0.14253571611580404
Western_Himalayan_alpine_shrub_and_meadows,0.4969090626444437,Western_Himalayan_alpine_shrub_and_meadows,Orissa_semi_evergreen_forests                 ,0.7848,-0.14253571611580404
Western_Himalayan_alpine_shrub_and_meadows,0.4969090626444437,Western_Himalayan_alpine_shrub_and_meadows,Sundarbans_freshwater_swamp_forests           ,0.8176,-0.14253571611580404
Western_Himalayan_alpine_shrub_and_meadows,0.4969090626444437,Western_Himalayan_alpine_shrub_and_meadows,Himalayan_subtropical_pine_forests            ,0.8823,-0.14253571611580404
Western_Himalayan_broadleaf_forests,0.259845910008742,Western_Himalayan_broadleaf_forests,Brahmaputra_Valley_semi_evergreen_forests     ,0.9173,-0.14253571611580404
Western_Himalayan_broadleaf_forests,0.259845910008742,Western_Himalayan_broadleaf_forests,Western_Himalayan_broadleaf_forests           ,1.0,-0.14253571611580404
Western_Himalayan_broadleaf_forests,0.259845910008742,Western_Himalayan_broadleaf_forests,Northeast_Himalayan_subalpine_conifer_forests ,0.9139,-0.14253571611580404
Western_Himalayan_broadleaf_forests,0.259845910008742,Western_Himalayan_broadleaf_forests,South_Western_Ghats_montane_rain_forests      ,0.9383,-0.14253571611580404
Western_Himalayan_broadleaf_forests,0.259845910008742,Western_Himalayan_broadleaf_forests,Narmada_Valley_dry_deciduous_forests          ,0.8769,-0.14253571611580404
Western_Himalayan_broadleaf_forests,0.259845910008742,Western_Himalayan_broadleaf_forests,Mizoram_Manipur_Kachin_rain_forests           ,0.9377,-0.14253571611580404
Western_Himalayan_broadleaf_forests,0.259845910008742,Western_Himalayan_broadleaf_forests,Khathiar_Gir_dry_deciduous_forests            ,0.8695,-0.14253571611580404
Western_Himalayan_broadleaf_forests,0.259845910008742,Western_Himalayan_broadleaf_forests,Aravalli_west_thorn_scrub_forests             ,0.8845,-0.14253571611580404
Western_Himalayan_broadleaf_forests,0.259845910008742,Western_Himalayan_broadleaf_forests,Maldives_Lakshadweep_Chagos_Archipelago_tropical_moist_forests,0.6624,-0.14253571611580404
Western_Himalayan_broadleaf_forests,0.259845910008742,Western_Himalayan_broadleaf_forests,East_Deccan_moist_deciduous_forests           ,0.9138,-0.14253571611580404
Western_Himalayan_broadleaf_forests,0.259845910008742,Western_Himalayan_broadleaf_forests,East_Deccan_dry_evergreen_forests             ,0.8881,-0.14253571611580404
Western_Himalayan_broadleaf_forests,0.259845910008742,Western_Himalayan_broadleaf_forests,Central_Deccan_Plateau_dry_deciduous_forests  ,0.8964,-0.14253571611580404
Western_Himalayan_broadleaf_forests,0.259845910008742,Western_Himalayan_broadleaf_forests,Eastern_Himalayan_broadleaf_forests           ,0.9672,-0.14253571611580404
Western_Himalayan_broadleaf_forests,0.259845910008742,Western_Himalayan_broadleaf_forests,Central_Tibetan_Plateau_alpine_steppe         ,0.86,-0.14253571611580404
Western_Himalayan_broadleaf_forests,0.259845910008742,Western_Himalayan_broadleaf_forests,Terai_Duar_savanna_and_grasslands             ,0.8978,-0.14253571611580404
Western_Himalayan_broadleaf_forests,0.259845910008742,Western_Himalayan_broadleaf_forests,Nicobar_Islands_rain_forests                  ,0.7719,-0.14253571611580404
Western_Himalayan_broadleaf_forests,0.259845910008742,Western_Himalayan_broadleaf_forests,Eastern_Himalayan_alpine_shrub_and_meadows    ,0.9176,-0.14253571611580404
Western_Himalayan_broadleaf_forests,0.259845910008742,Western_Himalayan_broadleaf_forests,North_Western_Ghats_montane_rain_forests      ,0.874,-0.14253571611580404
Western_Himalayan_broadleaf_forests,0.259845910008742,Western_Himalayan_broadleaf_forests,Chhota_Nagpur_dry_deciduous_forests           ,0.9038,-0.14253571611580404
Western_Himalayan_broadleaf_forests,0.259845910008742,Western_Himalayan_broadleaf_forests,Rann_of_Kutch_seasonal_salt_marsh             ,0.8427,-0.14253571611580404
Western_Himalayan_broadleaf_forests,0.259845910008742,Western_Himalayan_broadleaf_forests,Northwestern_Himalayan_alpine_shrub_and_meadows,0.9319,-0.14253571611580404
Western_Himalayan_broadleaf_forests,0.259845910008742,Western_Himalayan_broadleaf_forests,Upper_Gangetic_Plains_moist_deciduous_forests ,0.8883,-0.14253571611580404
Western_Himalayan_broadleaf_forests,0.259845910008742,Western_Himalayan_broadleaf_forests,North_Deccan_dry_deciduous_forests            ,0.8893,-0.14253571611580404
Western_Himalayan_broadleaf_forests,0.259845910008742,Western_Himalayan_broadleaf_forests,Northeast_India_Myanmar_pine_forests          ,0.925,-0.14253571611580404
Western_Himalayan_broadleaf_forests,0.259845910008742,Western_Himalayan_broadleaf_forests,Sundarbans_mangroves                          ,0.8826,-0.14253571611580404
Western_Himalayan_broadleaf_forests,0.259845910008742,Western_Himalayan_broadleaf_forests,Karakoram_West_Tibetan_Plateau_alpine_steppe  ,0.889,-0.14253571611580404
Western_Himalayan_broadleaf_forests,0.259845910008742,Western_Himalayan_broadleaf_forests,Baluchistan_xeric_woodlands                   ,0.9269,-0.14253571611580404
Western_Himalayan_broadleaf_forests,0.259845910008742,Western_Himalayan_broadleaf_forests,Indus_River_Delta_Arabian_Sea_mangroves       ,0.8612,-0.14253571611580404
Western_Himalayan_broadleaf_forests,0.259845910008742,Western_Himalayan_broadleaf_forests,Meghalaya_subtropical_forests                 ,0.943,-0.14253571611580404
Western_Himalayan_broadleaf_forests,0.259845910008742,Western_Himalayan_broadleaf_forests,Chin_Hills_Arakan_Yoma_montane_forests        ,0.9324,-0.14253571611580404
Western_Himalayan_broadleaf_forests,0.259845910008742,Western_Himalayan_broadleaf_forests,North_Western_Ghats_moist_deciduous_forests   ,0.8839,-0.14253571611580404
Western_Himalayan_broadleaf_forests,0.259845910008742,Western_Himalayan_broadleaf_forests,Northern_Triangle_temperate_forests           ,0.9371,-0.14253571611580404
Western_Himalayan_broadleaf_forests,0.259845910008742,Western_Himalayan_broadleaf_forests,Malabar_Coast_moist_forests                   ,0.8385,-0.14253571611580404
Western_Himalayan_broadleaf_forests,0.259845910008742,Western_Himalayan_broadleaf_forests,Andaman_Islands_rain_forests                  ,0.7867,-0.14253571611580404
Western_Himalayan_broadleaf_forests,0.259845910008742,Western_Himalayan_broadleaf_forests,Western_Himalayan_alpine_shrub_and_meadows    ,0.9434,-0.14253571611580404
Western_Himalayan_broadleaf_forests,0.259845910008742,Western_Himalayan_broadleaf_forests,Eastern_Himalayan_subalpine_conifer_forests   ,0.9512,-0.14253571611580404
Western_Himalayan_broadleaf_forests,0.259845910008742,Western_Himalayan_broadleaf_forests,Deccan_thorn_scrub_forests                    ,0.9043,-0.14253571611580404
Western_Himalayan_broadleaf_forests,0.259845910008742,Western_Himalayan_broadleaf_forests,Western_Himalayan_subalpine_conifer_forests   ,0.9955,-0.14253571611580404
Western_Himalayan_broadleaf_forests,0.259845910008742,Western_Himalayan_broadleaf_forests,Lower_Gangetic_Plains_moist_deciduous_forests ,0.9086,-0.14253571611580404
Western_Himalayan_broadleaf_forests,0.259845910008742,Western_Himalayan_broadleaf_forests,South_Western_Ghats_moist_deciduous_forests   ,0.9304,-0.14253571611580404
Western_Himalayan_broadleaf_forests,0.259845910008742,Western_Himalayan_broadleaf_forests,Thar_desert                                   ,0.8306,-0.14253571611580404
Western_Himalayan_broadleaf_forests,0.259845910008742,Western_Himalayan_broadleaf_forests,Godavari_Krishna_mangroves                    ,0.8683,-0.14253571611580404
Western_Himalayan_broadleaf_forests,0.259845910008742,Western_Himalayan_broadleaf_forests,North_Tibetan_Plateau_Kunlun_Mountains_alpine_desert,0.8551,-0.14253571611580404
Western_Himalayan_broadleaf_forests,0.259845910008742,Western_Himalayan_broadleaf_forests,Himalayan_subtropical_broadleaf_forests       ,0.9458,-0.14253571611580404
Western_Himalayan_broadleaf_forests,0.259845910008742,Western_Himalayan_broadleaf_forests,South_Deccan_Plateau_dry_deciduous_forests    ,0.9291,-0.14253571611580404
Western_Himalayan_broadleaf_forests,0.259845910008742,Western_Himalayan_broadleaf_forests,Orissa_semi_evergreen_forests                 ,0.889,-0.14253571611580404
Western_Himalayan_broadleaf_forests,0.259845910008742,Western_Himalayan_broadleaf_forests,Sundarbans_freshwater_swamp_forests           ,0.8905,-0.14253571611580404
Western_Himalayan_broadleaf_forests,0.259845910008742,Western_Himalayan_broadleaf_forests,Himalayan_subtropical_pine_forests            ,0.9775,-0.14253571611580404
East_Deccan_moist_deciduous_forests,0.3587573791007862,East_Deccan_moist_deciduous_forests,Brahmaputra_Valley_semi_evergreen_forests     ,0.924,-0.14253571611580404
East_Deccan_moist_deciduous_forests,0.3587573791007862,East_Deccan_moist_deciduous_forests,Western_Himalayan_broadleaf_forests           ,0.9138,-0.14253571611580404
East_Deccan_moist_deciduous_forests,0.3587573791007862,East_Deccan_moist_deciduous_forests,Northeast_Himalayan_subalpine_conifer_forests ,0.8888,-0.14253571611580404
East_Deccan_moist_deciduous_forests,0.3587573791007862,East_Deccan_moist_deciduous_forests,South_Western_Ghats_montane_rain_forests      ,0.8861,-0.14253571611580404
East_Deccan_moist_deciduous_forests,0.3587573791007862,East_Deccan_moist_deciduous_forests,Narmada_Valley_dry_deciduous_forests          ,0.9771,-0.14253571611580404
East_Deccan_moist_deciduous_forests,0.3587573791007862,East_Deccan_moist_deciduous_forests,Mizoram_Manipur_Kachin_rain_forests           ,0.958,-0.14253571611580404
East_Deccan_moist_deciduous_forests,0.3587573791007862,East_Deccan_moist_deciduous_forests,Khathiar_Gir_dry_deciduous_forests            ,0.984,-0.14253571611580404
East_Deccan_moist_deciduous_forests,0.3587573791007862,East_Deccan_moist_deciduous_forests,Aravalli_west_thorn_scrub_forests             ,0.9871,-0.14253571611580404
East_Deccan_moist_deciduous_forests,0.3587573791007862,East_Deccan_moist_deciduous_forests,Maldives_Lakshadweep_Chagos_Archipelago_tropical_moist_forests,0.654,-0.14253571611580404
East_Deccan_moist_deciduous_forests,0.3587573791007862,East_Deccan_moist_deciduous_forests,East_Deccan_moist_deciduous_forests           ,1.0,-0.14253571611580404
East_Deccan_moist_deciduous_forests,0.3587573791007862,East_Deccan_moist_deciduous_forests,East_Deccan_dry_evergreen_forests             ,0.9574,-0.14253571611580404
East_Deccan_moist_deciduous_forests,0.3587573791007862,East_Deccan_moist_deciduous_forests,Central_Deccan_Plateau_dry_deciduous_forests  ,0.9907,-0.14253571611580404
East_Deccan_moist_deciduous_forests,0.3587573791007862,East_Deccan_moist_deciduous_forests,Eastern_Himalayan_broadleaf_forests           ,0.9455,-0.14253571611580404
East_Deccan_moist_deciduous_forests,0.3587573791007862,East_Deccan_moist_deciduous_forests,Central_Tibetan_Plateau_alpine_steppe         ,0.8219,-0.14253571611580404
East_Deccan_moist_deciduous_forests,0.3587573791007862,East_Deccan_moist_deciduous_forests,Terai_Duar_savanna_and_grasslands             ,0.9668,-0.14253571611580404
East_Deccan_moist_deciduous_forests,0.3587573791007862,East_Deccan_moist_deciduous_forests,Nicobar_Islands_rain_forests                  ,0.6843,-0.14253571611580404
East_Deccan_moist_deciduous_forests,0.3587573791007862,East_Deccan_moist_deciduous_forests,Eastern_Himalayan_alpine_shrub_and_meadows    ,0.916,-0.14253571611580404
East_Deccan_moist_deciduous_forests,0.3587573791007862,East_Deccan_moist_deciduous_forests,North_Western_Ghats_montane_rain_forests      ,0.9269,-0.14253571611580404
East_Deccan_moist_deciduous_forests,0.3587573791007862,East_Deccan_moist_deciduous_forests,Chhota_Nagpur_dry_deciduous_forests           ,0.9953,-0.14253571611580404
East_Deccan_moist_deciduous_forests,0.3587573791007862,East_Deccan_moist_deciduous_forests,Rann_of_Kutch_seasonal_salt_marsh             ,0.9728,-0.14253571611580404
East_Deccan_moist_deciduous_forests,0.3587573791007862,East_Deccan_moist_deciduous_forests,Northwestern_Himalayan_alpine_shrub_and_meadows,0.8192,-0.14253571611580404
East_Deccan_moist_deciduous_forests,0.3587573791007862,East_Deccan_moist_deciduous_forests,Upper_Gangetic_Plains_moist_deciduous_forests ,0.9878,-0.14253571611580404
East_Deccan_moist_deciduous_forests,0.3587573791007862,East_Deccan_moist_deciduous_forests,North_Deccan_dry_deciduous_forests            ,0.9896,-0.14253571611580404
East_Deccan_moist_deciduous_forests,0.3587573791007862,East_Deccan_moist_deciduous_forests,Northeast_India_Myanmar_pine_forests          ,0.8548,-0.14253571611580404
East_Deccan_moist_deciduous_forests,0.3587573791007862,East_Deccan_moist_deciduous_forests,Sundarbans_mangroves                          ,0.9384,-0.14253571611580404
East_Deccan_moist_deciduous_forests,0.3587573791007862,East_Deccan_moist_deciduous_forests,Karakoram_West_Tibetan_Plateau_alpine_steppe  ,0.8196,-0.14253571611580404
East_Deccan_moist_deciduous_forests,0.3587573791007862,East_Deccan_moist_deciduous_forests,Baluchistan_xeric_woodlands                   ,0.945,-0.14253571611580404
East_Deccan_moist_deciduous_forests,0.3587573791007862,East_Deccan_moist_deciduous_forests,Indus_River_Delta_Arabian_Sea_mangroves       ,0.9615,-0.14253571611580404
East_Deccan_moist_deciduous_forests,0.3587573791007862,East_Deccan_moist_deciduous_forests,Meghalaya_subtropical_forests                 ,0.9559,-0.14253571611580404
East_Deccan_moist_deciduous_forests,0.3587573791007862,East_Deccan_moist_deciduous_forests,Chin_Hills_Arakan_Yoma_montane_forests        ,0.9359,-0.14253571611580404
East_Deccan_moist_deciduous_forests,0.3587573791007862,East_Deccan_moist_deciduous_forests,North_Western_Ghats_moist_deciduous_forests   ,0.9605,-0.14253571611580404
East_Deccan_moist_deciduous_forests,0.3587573791007862,East_Deccan_moist_deciduous_forests,Northern_Triangle_temperate_forests           ,0.8498,-0.14253571611580404
East_Deccan_moist_deciduous_forests,0.3587573791007862,East_Deccan_moist_deciduous_forests,Malabar_Coast_moist_forests                   ,0.866,-0.14253571611580404
East_Deccan_moist_deciduous_forests,0.3587573791007862,East_Deccan_moist_deciduous_forests,Andaman_Islands_rain_forests                  ,0.7544,-0.14253571611580404
East_Deccan_moist_deciduous_forests,0.3587573791007862,East_Deccan_moist_deciduous_forests,Western_Himalayan_alpine_shrub_and_meadows    ,0.8356,-0.14253571611580404
East_Deccan_moist_deciduous_forests,0.3587573791007862,East_Deccan_moist_deciduous_forests,Eastern_Himalayan_subalpine_conifer_forests   ,0.9262,-0.14253571611580404
East_Deccan_moist_deciduous_forests,0.3587573791007862,East_Deccan_moist_deciduous_forests,Deccan_thorn_scrub_forests                    ,0.9763,-0.14253571611580404
East_Deccan_moist_deciduous_forests,0.3587573791007862,East_Deccan_moist_deciduous_forests,Western_Himalayan_subalpine_conifer_forests   ,0.9238,-0.14253571611580404
East_Deccan_moist_deciduous_forests,0.3587573791007862,East_Deccan_moist_deciduous_forests,Lower_Gangetic_Plains_moist_deciduous_forests ,0.9782,-0.14253571611580404
East_Deccan_moist_deciduous_forests,0.3587573791007862,East_Deccan_moist_deciduous_forests,South_Western_Ghats_moist_deciduous_forests   ,0.9099,-0.14253571611580404
East_Deccan_moist_deciduous_forests,0.3587573791007862,East_Deccan_moist_deciduous_forests,Thar_desert                                   ,0.9693,-0.14253571611580404
East_Deccan_moist_deciduous_forests,0.3587573791007862,East_Deccan_moist_deciduous_forests,Godavari_Krishna_mangroves                    ,0.9694,-0.14253571611580404
East_Deccan_moist_deciduous_forests,0.3587573791007862,East_Deccan_moist_deciduous_forests,North_Tibetan_Plateau_Kunlun_Mountains_alpine_desert,0.8385,-0.14253571611580404
East_Deccan_moist_deciduous_forests,0.3587573791007862,East_Deccan_moist_deciduous_forests,Himalayan_subtropical_broadleaf_forests       ,0.9633,-0.14253571611580404
East_Deccan_moist_deciduous_forests,0.3587573791007862,East_Deccan_moist_deciduous_forests,South_Deccan_Plateau_dry_deciduous_forests    ,0.9681,-0.14253571611580404
East_Deccan_moist_deciduous_forests,0.3587573791007862,East_Deccan_moist_deciduous_forests,Orissa_semi_evergreen_forests                 ,0.9787,-0.14253571611580404
East_Deccan_moist_deciduous_forests,0.3587573791007862,East_Deccan_moist_deciduous_forests,Sundarbans_freshwater_swamp_forests           ,0.958,-0.14253571611580404
East_Deccan_moist_deciduous_forests,0.3587573791007862,East_Deccan_moist_deciduous_forests,Himalayan_subtropical_pine_forests            ,0.95,-0.14253571611580404
Aravalli_west_thorn_scrub_forests,0.2604933542486111,Aravalli_west_thorn_scrub_forests,Brahmaputra_Valley_semi_evergreen_forests     ,0.915,-0.14253571611580404
Aravalli_west_thorn_scrub_forests,0.2604933542486111,Aravalli_west_thorn_scrub_forests,Western_Himalayan_broadleaf_forests           ,0.8845,-0.14253571611580404
Aravalli_west_thorn_scrub_forests,0.2604933542486111,Aravalli_west_thorn_scrub_forests,Northeast_Himalayan_subalpine_conifer_forests ,0.8796,-0.14253571611580404
Aravalli_west_thorn_scrub_forests,0.2604933542486111,Aravalli_west_thorn_scrub_forests,South_Western_Ghats_montane_rain_forests      ,0.8562,-0.14253571611580404
Aravalli_west_thorn_scrub_forests,0.2604933542486111,Aravalli_west_thorn_scrub_forests,Narmada_Valley_dry_deciduous_forests          ,0.9783,-0.14253571611580404
Aravalli_west_thorn_scrub_forests,0.2604933542486111,Aravalli_west_thorn_scrub_forests,Mizoram_Manipur_Kachin_rain_forests           ,0.9397,-0.14253571611580404
Aravalli_west_thorn_scrub_forests,0.2604933542486111,Aravalli_west_thorn_scrub_forests,Khathiar_Gir_dry_deciduous_forests            ,0.9821,-0.14253571611580404
Aravalli_west_thorn_scrub_forests,0.2604933542486111,Aravalli_west_thorn_scrub_forests,Aravalli_west_thorn_scrub_forests             ,1.0,-0.14253571611580404
Aravalli_west_thorn_scrub_forests,0.2604933542486111,Aravalli_west_thorn_scrub_forests,Maldives_Lakshadweep_Chagos_Archipelago_tropical_moist_forests,0.5657,-0.14253571611580404
Aravalli_west_thorn_scrub_forests,0.2604933542486111,Aravalli_west_thorn_scrub_forests,East_Deccan_moist_deciduous_forests           ,0.9871,-0.14253571611580404
Aravalli_west_thorn_scrub_forests,0.2604933542486111,Aravalli_west_thorn_scrub_forests,East_Deccan_dry_evergreen_forests             ,0.9318,-0.14253571611580404
Aravalli_west_thorn_scrub_forests,0.2604933542486111,Aravalli_west_thorn_scrub_forests,Central_Deccan_Plateau_dry_deciduous_forests  ,0.9804,-0.14253571611580404
Aravalli_west_thorn_scrub_forests,0.2604933542486111,Aravalli_west_thorn_scrub_forests,Eastern_Himalayan_broadleaf_forests           ,0.9216,-0.14253571611580404
Aravalli_west_thorn_scrub_forests,0.2604933542486111,Aravalli_west_thorn_scrub_forests,Central_Tibetan_Plateau_alpine_steppe         ,0.8212,-0.14253571611580404
Aravalli_west_thorn_scrub_forests,0.2604933542486111,Aravalli_west_thorn_scrub_forests,Terai_Duar_savanna_and_grasslands             ,0.9657,-0.14253571611580404
Aravalli_west_thorn_scrub_forests,0.2604933542486111,Aravalli_west_thorn_scrub_forests,Nicobar_Islands_rain_forests                  ,0.626,-0.14253571611580404
Aravalli_west_thorn_scrub_forests,0.2604933542486111,Aravalli_west_thorn_scrub_forests,Eastern_Himalayan_alpine_shrub_and_meadows    ,0.8924,-0.14253571611580404
Aravalli_west_thorn_scrub_forests,0.2604933542486111,Aravalli_west_thorn_scrub_forests,North_Western_Ghats_montane_rain_forests      ,0.9115,-0.14253571611580404
Aravalli_west_thorn_scrub_forests,0.2604933542486111,Aravalli_west_thorn_scrub_forests,Chhota_Nagpur_dry_deciduous_forests           ,0.9883,-0.14253571611580404
Aravalli_west_thorn_scrub_forests,0.2604933542486111,Aravalli_west_thorn_scrub_forests,Rann_of_Kutch_seasonal_salt_marsh             ,0.987,-0.14253571611580404
Aravalli_west_thorn_scrub_forests,0.2604933542486111,Aravalli_west_thorn_scrub_forests,Northwestern_Himalayan_alpine_shrub_and_meadows,0.7961,-0.14253571611580404
Aravalli_west_thorn_scrub_forests,0.2604933542486111,Aravalli_west_thorn_scrub_forests,Upper_Gangetic_Plains_moist_deciduous_forests ,0.9833,-0.14253571611580404
Aravalli_west_thorn_scrub_forests,0.2604933542486111,Aravalli_west_thorn_scrub_forests,North_Deccan_dry_deciduous_forests            ,0.9885,-0.14253571611580404
Aravalli_west_thorn_scrub_forests,0.2604933542486111,Aravalli_west_thorn_scrub_forests,Northeast_India_Myanmar_pine_forests          ,0.8526,-0.14253571611580404
Aravalli_west_thorn_scrub_forests,0.2604933542486111,Aravalli_west_thorn_scrub_forests,Sundarbans_mangroves                          ,0.9219,-0.14253571611580404
Aravalli_west_thorn_scrub_forests,0.2604933542486111,Aravalli_west_thorn_scrub_forests,Karakoram_West_Tibetan_Plateau_alpine_steppe  ,0.8038,-0.14253571611580404
Aravalli_west_thorn_scrub_forests,0.2604933542486111,Aravalli_west_thorn_scrub_forests,Baluchistan_xeric_woodlands                   ,0.9304,-0.14253571611580404
Aravalli_west_thorn_scrub_forests,0.2604933542486111,Aravalli_west_thorn_scrub_forests,Indus_River_Delta_Arabian_Sea_mangroves       ,0.9732,-0.14253571611580404
Aravalli_west_thorn_scrub_forests,0.2604933542486111,Aravalli_west_thorn_scrub_forests,Meghalaya_subtropical_forests                 ,0.9411,-0.14253571611580404
Aravalli_west_thorn_scrub_forests,0.2604933542486111,Aravalli_west_thorn_scrub_forests,Chin_Hills_Arakan_Yoma_montane_forests        ,0.9316,-0.14253571611580404
Aravalli_west_thorn_scrub_forests,0.2604933542486111,Aravalli_west_thorn_scrub_forests,North_Western_Ghats_moist_deciduous_forests   ,0.9414,-0.14253571611580404
Aravalli_west_thorn_scrub_forests,0.2604933542486111,Aravalli_west_thorn_scrub_forests,Northern_Triangle_temperate_forests           ,0.8266,-0.14253571611580404
Aravalli_west_thorn_scrub_forests,0.2604933542486111,Aravalli_west_thorn_scrub_forests,Malabar_Coast_moist_forests                   ,0.8264,-0.14253571611580404
Aravalli_west_thorn_scrub_forests,0.2604933542486111,Aravalli_west_thorn_scrub_forests,Andaman_Islands_rain_forests                  ,0.691,-0.14253571611580404
Aravalli_west_thorn_scrub_forests,0.2604933542486111,Aravalli_west_thorn_scrub_forests,Western_Himalayan_alpine_shrub_and_meadows    ,0.81,-0.14253571611580404
Aravalli_west_thorn_scrub_forests,0.2604933542486111,Aravalli_west_thorn_scrub_forests,Eastern_Himalayan_subalpine_conifer_forests   ,0.9146,-0.14253571611580404
Aravalli_west_thorn_scrub_forests,0.2604933542486111,Aravalli_west_thorn_scrub_forests,Deccan_thorn_scrub_forests                    ,0.9618,-0.14253571611580404
Aravalli_west_thorn_scrub_forests,0.2604933542486111,Aravalli_west_thorn_scrub_forests,Western_Himalayan_subalpine_conifer_forests   ,0.8977,-0.14253571611580404
Aravalli_west_thorn_scrub_forests,0.2604933542486111,Aravalli_west_thorn_scrub_forests,Lower_Gangetic_Plains_moist_deciduous_forests ,0.9774,-0.14253571611580404
Aravalli_west_thorn_scrub_forests,0.2604933542486111,Aravalli_west_thorn_scrub_forests,South_Western_Ghats_moist_deciduous_forests   ,0.8773,-0.14253571611580404
Aravalli_west_thorn_scrub_forests,0.2604933542486111,Aravalli_west_thorn_scrub_forests,Thar_desert                                   ,0.984,-0.14253571611580404
Aravalli_west_thorn_scrub_forests,0.2604933542486111,Aravalli_west_thorn_scrub_forests,Godavari_Krishna_mangroves                    ,0.9498,-0.14253571611580404
Aravalli_west_thorn_scrub_forests,0.2604933542486111,Aravalli_west_thorn_scrub_forests,North_Tibetan_Plateau_Kunlun_Mountains_alpine_desert,0.8358,-0.14253571611580404
Aravalli_west_thorn_scrub_forests,0.2604933542486111,Aravalli_west_thorn_scrub_forests,Himalayan_subtropical_broadleaf_forests       ,0.9541,-0.14253571611580404
Aravalli_west_thorn_scrub_forests,0.2604933542486111,Aravalli_west_thorn_scrub_forests,South_Deccan_Plateau_dry_deciduous_forests    ,0.9498,-0.14253571611580404
Aravalli_west_thorn_scrub_forests,0.2604933542486111,Aravalli_west_thorn_scrub_forests,Orissa_semi_evergreen_forests                 ,0.9749,-0.14253571611580404
Aravalli_west_thorn_scrub_forests,0.2604933542486111,Aravalli_west_thorn_scrub_forests,Sundarbans_freshwater_swamp_forests           ,0.9586,-0.14253571611580404
Aravalli_west_thorn_scrub_forests,0.2604933542486111,Aravalli_west_thorn_scrub_forests,Himalayan_subtropical_pine_forests            ,0.9241,-0.14253571611580404
Baluchistan_xeric_woodlands,0.5528571542789624,Baluchistan_xeric_woodlands,Brahmaputra_Valley_semi_evergreen_forests     ,0.8859,-0.14253571611580404
Baluchistan_xeric_woodlands,0.5528571542789624,Baluchistan_xeric_woodlands,Western_Himalayan_broadleaf_forests           ,0.9269,-0.14253571611580404
Baluchistan_xeric_woodlands,0.5528571542789624,Baluchistan_xeric_woodlands,Northeast_Himalayan_subalpine_conifer_forests ,0.9516,-0.14253571611580404
Baluchistan_xeric_woodlands,0.5528571542789624,Baluchistan_xeric_woodlands,South_Western_Ghats_montane_rain_forests      ,0.866,-0.14253571611580404
Baluchistan_xeric_woodlands,0.5528571542789624,Baluchistan_xeric_woodlands,Narmada_Valley_dry_deciduous_forests          ,0.9432,-0.14253571611580404
Baluchistan_xeric_woodlands,0.5528571542789624,Baluchistan_xeric_woodlands,Mizoram_Manipur_Kachin_rain_forests           ,0.9138,-0.14253571611580404
Baluchistan_xeric_woodlands,0.5528571542789624,Baluchistan_xeric_woodlands,Khathiar_Gir_dry_deciduous_forests            ,0.9406,-0.14253571611580404
Baluchistan_xeric_woodlands,0.5528571542789624,Baluchistan_xeric_woodlands,Aravalli_west_thorn_scrub_forests             ,0.9304,-0.14253571611580404
Baluchistan_xeric_woodlands,0.5528571542789624,Baluchistan_xeric_woodlands,Maldives_Lakshadweep_Chagos_Archipelago_tropical_moist_forests,0.5591,-0.14253571611580404
Baluchistan_xeric_woodlands,0.5528571542789624,Baluchistan_xeric_woodlands,East_Deccan_moist_deciduous_forests           ,0.945,-0.14253571611580404
Baluchistan_xeric_woodlands,0.5528571542789624,Baluchistan_xeric_woodlands,East_Deccan_dry_evergreen_forests             ,0.8926,-0.14253571611580404
Baluchistan_xeric_woodlands,0.5528571542789624,Baluchistan_xeric_woodlands,Central_Deccan_Plateau_dry_deciduous_forests  ,0.9547,-0.14253571611580404
Baluchistan_xeric_woodlands,0.5528571542789624,Baluchistan_xeric_woodlands,Eastern_Himalayan_broadleaf_forests           ,0.9239,-0.14253571611580404
Baluchistan_xeric_woodlands,0.5528571542789624,Baluchistan_xeric_woodlands,Central_Tibetan_Plateau_alpine_steppe         ,0.9213,-0.14253571611580404
Baluchistan_xeric_woodlands,0.5528571542789624,Baluchistan_xeric_woodlands,Terai_Duar_savanna_and_grasslands             ,0.8909,-0.14253571611580404
Baluchistan_xeric_woodlands,0.5528571542789624,Baluchistan_xeric_woodlands,Nicobar_Islands_rain_forests                  ,0.6006,-0.14253571611580404
Baluchistan_xeric_woodlands,0.5528571542789624,Baluchistan_xeric_woodlands,Eastern_Himalayan_alpine_shrub_and_meadows    ,0.9727,-0.14253571611580404
Baluchistan_xeric_woodlands,0.5528571542789624,Baluchistan_xeric_woodlands,North_Western_Ghats_montane_rain_forests      ,0.8873,-0.14253571611580404
Baluchistan_xeric_woodlands,0.5528571542789624,Baluchistan_xeric_woodlands,Chhota_Nagpur_dry_deciduous_forests           ,0.9501,-0.14253571611580404
Baluchistan_xeric_woodlands,0.5528571542789624,Baluchistan_xeric_woodlands,Rann_of_Kutch_seasonal_salt_marsh             ,0.9199,-0.14253571611580404
Baluchistan_xeric_woodlands,0.5528571542789624,Baluchistan_xeric_woodlands,Northwestern_Himalayan_alpine_shrub_and_meadows,0.9166,-0.14253571611580404
Baluchistan_xeric_woodlands,0.5528571542789624,Baluchistan_xeric_woodlands,Upper_Gangetic_Plains_moist_deciduous_forests ,0.9233,-0.14253571611580404
Baluchistan_xeric_woodlands,0.5528571542789624,Baluchistan_xeric_woodlands,North_Deccan_dry_deciduous_forests            ,0.9321,-0.14253571611580404
Baluchistan_xeric_woodlands,0.5528571542789624,Baluchistan_xeric_woodlands,Northeast_India_Myanmar_pine_forests          ,0.8801,-0.14253571611580404
Baluchistan_xeric_woodlands,0.5528571542789624,Baluchistan_xeric_woodlands,Sundarbans_mangroves                          ,0.8946,-0.14253571611580404
Baluchistan_xeric_woodlands,0.5528571542789624,Baluchistan_xeric_woodlands,Karakoram_West_Tibetan_Plateau_alpine_steppe  ,0.9421,-0.14253571611580404
Baluchistan_xeric_woodlands,0.5528571542789624,Baluchistan_xeric_woodlands,Baluchistan_xeric_woodlands                   ,1.0,-0.14253571611580404
Baluchistan_xeric_woodlands,0.5528571542789624,Baluchistan_xeric_woodlands,Indus_River_Delta_Arabian_Sea_mangroves       ,0.9016,-0.14253571611580404
Baluchistan_xeric_woodlands,0.5528571542789624,Baluchistan_xeric_woodlands,Meghalaya_subtropical_forests                 ,0.9335,-0.14253571611580404
Baluchistan_xeric_woodlands,0.5528571542789624,Baluchistan_xeric_woodlands,Chin_Hills_Arakan_Yoma_montane_forests        ,0.9294,-0.14253571611580404
Baluchistan_xeric_woodlands,0.5528571542789624,Baluchistan_xeric_woodlands,North_Western_Ghats_moist_deciduous_forests   ,0.892,-0.14253571611580404
Baluchistan_xeric_woodlands,0.5528571542789624,Baluchistan_xeric_woodlands,Northern_Triangle_temperate_forests           ,0.8905,-0.14253571611580404
Baluchistan_xeric_woodlands,0.5528571542789624,Baluchistan_xeric_woodlands,Malabar_Coast_moist_forests                   ,0.7812,-0.14253571611580404
Baluchistan_xeric_woodlands,0.5528571542789624,Baluchistan_xeric_woodlands,Andaman_Islands_rain_forests                  ,0.6508,-0.14253571611580404
Baluchistan_xeric_woodlands,0.5528571542789624,Baluchistan_xeric_woodlands,Western_Himalayan_alpine_shrub_and_meadows    ,0.9362,-0.14253571611580404
Baluchistan_xeric_woodlands,0.5528571542789624,Baluchistan_xeric_woodlands,Eastern_Himalayan_subalpine_conifer_forests   ,0.9605,-0.14253571611580404
Baluchistan_xeric_woodlands,0.5528571542789624,Baluchistan_xeric_woodlands,Deccan_thorn_scrub_forests                    ,0.9275,-0.14253571611580404
Baluchistan_xeric_woodlands,0.5528571542789624,Baluchistan_xeric_woodlands,Western_Himalayan_subalpine_conifer_forests   ,0.9477,-0.14253571611580404
Baluchistan_xeric_woodlands,0.5528571542789624,Baluchistan_xeric_woodlands,Lower_Gangetic_Plains_moist_deciduous_forests ,0.9117,-0.14253571611580404
Baluchistan_xeric_woodlands,0.5528571542789624,Baluchistan_xeric_woodlands,South_Western_Ghats_moist_deciduous_forests   ,0.8794,-0.14253571611580404
Baluchistan_xeric_woodlands,0.5528571542789624,Baluchistan_xeric_woodlands,Thar_desert                                   ,0.8919,-0.14253571611580404
Baluchistan_xeric_woodlands,0.5528571542789624,Baluchistan_xeric_woodlands,Godavari_Krishna_mangroves                    ,0.8926,-0.14253571611580404
Baluchistan_xeric_woodlands,0.5528571542789624,Baluchistan_xeric_woodlands,North_Tibetan_Plateau_Kunlun_Mountains_alpine_desert,0.9353,-0.14253571611580404
Baluchistan_xeric_woodlands,0.5528571542789624,Baluchistan_xeric_woodlands,Himalayan_subtropical_broadleaf_forests       ,0.9241,-0.14253571611580404
Baluchistan_xeric_woodlands,0.5528571542789624,Baluchistan_xeric_woodlands,South_Deccan_Plateau_dry_deciduous_forests    ,0.9503,-0.14253571611580404
Baluchistan_xeric_woodlands,0.5528571542789624,Baluchistan_xeric_woodlands,Orissa_semi_evergreen_forests                 ,0.9055,-0.14253571611580404
Baluchistan_xeric_woodlands,0.5528571542789624,Baluchistan_xeric_woodlands,Sundarbans_freshwater_swamp_forests           ,0.918,-0.14253571611580404
Baluchistan_xeric_woodlands,0.5528571542789624,Baluchistan_xeric_woodlands,Himalayan_subtropical_pine_forests            ,0.9108,-0.14253571611580404
Chin_Hills_Arakan_Yoma_montane_forests,0.5093466236485813,Chin_Hills_Arakan_Yoma_montane_forests,Brahmaputra_Valley_semi_evergreen_forests     ,0.9412,-0.14253571611580404
Chin_Hills_Arakan_Yoma_montane_forests,0.5093466236485813,Chin_Hills_Arakan_Yoma_montane_forests,Western_Himalayan_broadleaf_forests           ,0.9324,-0.14253571611580404
Chin_Hills_Arakan_Yoma_montane_forests,0.5093466236485813,Chin_Hills_Arakan_Yoma_montane_forests,Northeast_Himalayan_subalpine_conifer_forests ,0.9402,-0.14253571611580404
Chin_Hills_Arakan_Yoma_montane_forests,0.5093466236485813,Chin_Hills_Arakan_Yoma_montane_forests,South_Western_Ghats_montane_rain_forests      ,0.8955,-0.14253571611580404
Chin_Hills_Arakan_Yoma_montane_forests,0.5093466236485813,Chin_Hills_Arakan_Yoma_montane_forests,Narmada_Valley_dry_deciduous_forests          ,0.9239,-0.14253571611580404
Chin_Hills_Arakan_Yoma_montane_forests,0.5093466236485813,Chin_Hills_Arakan_Yoma_montane_forests,Mizoram_Manipur_Kachin_rain_forests           ,0.9787,-0.14253571611580404
Chin_Hills_Arakan_Yoma_montane_forests,0.5093466236485813,Chin_Hills_Arakan_Yoma_montane_forests,Khathiar_Gir_dry_deciduous_forests            ,0.9169,-0.14253571611580404
Chin_Hills_Arakan_Yoma_montane_forests,0.5093466236485813,Chin_Hills_Arakan_Yoma_montane_forests,Aravalli_west_thorn_scrub_forests             ,0.9316,-0.14253571611580404
Chin_Hills_Arakan_Yoma_montane_forests,0.5093466236485813,Chin_Hills_Arakan_Yoma_montane_forests,Maldives_Lakshadweep_Chagos_Archipelago_tropical_moist_forests,0.5502,-0.14253571611580404
Chin_Hills_Arakan_Yoma_montane_forests,0.5093466236485813,Chin_Hills_Arakan_Yoma_montane_forests,East_Deccan_moist_deciduous_forests           ,0.9359,-0.14253571611580404
Chin_Hills_Arakan_Yoma_montane_forests,0.5093466236485813,Chin_Hills_Arakan_Yoma_montane_forests,East_Deccan_dry_evergreen_forests             ,0.8844,-0.14253571611580404
Chin_Hills_Arakan_Yoma_montane_forests,0.5093466236485813,Chin_Hills_Arakan_Yoma_montane_forests,Central_Deccan_Plateau_dry_deciduous_forests  ,0.9217,-0.14253571611580404
Chin_Hills_Arakan_Yoma_montane_forests,0.5093466236485813,Chin_Hills_Arakan_Yoma_montane_forests,Eastern_Himalayan_broadleaf_forests           ,0.9786,-0.14253571611580404
Chin_Hills_Arakan_Yoma_montane_forests,0.5093466236485813,Chin_Hills_Arakan_Yoma_montane_forests,Central_Tibetan_Plateau_alpine_steppe         ,0.8866,-0.14253571611580404
Chin_Hills_Arakan_Yoma_montane_forests,0.5093466236485813,Chin_Hills_Arakan_Yoma_montane_forests,Terai_Duar_savanna_and_grasslands             ,0.9526,-0.14253571611580404
Chin_Hills_Arakan_Yoma_montane_forests,0.5093466236485813,Chin_Hills_Arakan_Yoma_montane_forests,Nicobar_Islands_rain_forests                  ,0.6403,-0.14253571611580404
Chin_Hills_Arakan_Yoma_montane_forests,0.5093466236485813,Chin_Hills_Arakan_Yoma_montane_forests,Eastern_Himalayan_alpine_shrub_and_meadows    ,0.9294,-0.14253571611580404
Chin_Hills_Arakan_Yoma_montane_forests,0.5093466236485813,Chin_Hills_Arakan_Yoma_montane_forests,North_Western_Ghats_montane_rain_forests      ,0.9244,-0.14253571611580404
Chin_Hills_Arakan_Yoma_montane_forests,0.5093466236485813,Chin_Hills_Arakan_Yoma_montane_forests,Chhota_Nagpur_dry_deciduous_forests           ,0.9414,-0.14253571611580404
Chin_Hills_Arakan_Yoma_montane_forests,0.5093466236485813,Chin_Hills_Arakan_Yoma_montane_forests,Rann_of_Kutch_seasonal_salt_marsh             ,0.9075,-0.14253571611580404
Chin_Hills_Arakan_Yoma_montane_forests,0.5093466236485813,Chin_Hills_Arakan_Yoma_montane_forests,Northwestern_Himalayan_alpine_shrub_and_meadows,0.8641,-0.14253571611580404
Chin_Hills_Arakan_Yoma_montane_forests,0.5093466236485813,Chin_Hills_Arakan_Yoma_montane_forests,Upper_Gangetic_Plains_moist_deciduous_forests ,0.9354,-0.14253571611580404
Chin_Hills_Arakan_Yoma_montane_forests,0.5093466236485813,Chin_Hills_Arakan_Yoma_montane_forests,North_Deccan_dry_deciduous_forests            ,0.9364,-0.14253571611580404
Chin_Hills_Arakan_Yoma_montane_forests,0.5093466236485813,Chin_Hills_Arakan_Yoma_montane_forests,Northeast_India_Myanmar_pine_forests          ,0.9645,-0.14253571611580404
Chin_Hills_Arakan_Yoma_montane_forests,0.5093466236485813,Chin_Hills_Arakan_Yoma_montane_forests,Sundarbans_mangroves                          ,0.9132,-0.14253571611580404
Chin_Hills_Arakan_Yoma_montane_forests,0.5093466236485813,Chin_Hills_Arakan_Yoma_montane_forests,Karakoram_West_Tibetan_Plateau_alpine_steppe  ,0.8692,-0.14253571611580404
Chin_Hills_Arakan_Yoma_montane_forests,0.5093466236485813,Chin_Hills_Arakan_Yoma_montane_forests,Baluchistan_xeric_woodlands                   ,0.9294,-0.14253571611580404
Chin_Hills_Arakan_Yoma_montane_forests,0.5093466236485813,Chin_Hills_Arakan_Yoma_montane_forests,Indus_River_Delta_Arabian_Sea_mangroves       ,0.9095,-0.14253571611580404
Chin_Hills_Arakan_Yoma_montane_forests,0.5093466236485813,Chin_Hills_Arakan_Yoma_montane_forests,Meghalaya_subtropical_forests                 ,0.9694,-0.14253571611580404
Chin_Hills_Arakan_Yoma_montane_forests,0.5093466236485813,Chin_Hills_Arakan_Yoma_montane_forests,Chin_Hills_Arakan_Yoma_montane_forests        ,1.0,-0.14253571611580404
Chin_Hills_Arakan_Yoma_montane_forests,0.5093466236485813,Chin_Hills_Arakan_Yoma_montane_forests,North_Western_Ghats_moist_deciduous_forests   ,0.9232,-0.14253571611580404
Chin_Hills_Arakan_Yoma_montane_forests,0.5093466236485813,Chin_Hills_Arakan_Yoma_montane_forests,Northern_Triangle_temperate_forests           ,0.9415,-0.14253571611580404
Chin_Hills_Arakan_Yoma_montane_forests,0.5093466236485813,Chin_Hills_Arakan_Yoma_montane_forests,Malabar_Coast_moist_forests                   ,0.8339,-0.14253571611580404
Chin_Hills_Arakan_Yoma_montane_forests,0.5093466236485813,Chin_Hills_Arakan_Yoma_montane_forests,Andaman_Islands_rain_forests                  ,0.731,-0.14253571611580404
Chin_Hills_Arakan_Yoma_montane_forests,0.5093466236485813,Chin_Hills_Arakan_Yoma_montane_forests,Western_Himalayan_alpine_shrub_and_meadows    ,0.8954,-0.14253571611580404
Chin_Hills_Arakan_Yoma_montane_forests,0.5093466236485813,Chin_Hills_Arakan_Yoma_montane_forests,Eastern_Himalayan_subalpine_conifer_forests   ,0.9718,-0.14253571611580404
Chin_Hills_Arakan_Yoma_montane_forests,0.5093466236485813,Chin_Hills_Arakan_Yoma_montane_forests,Deccan_thorn_scrub_forests                    ,0.9096,-0.14253571611580404
Chin_Hills_Arakan_Yoma_montane_forests,0.5093466236485813,Chin_Hills_Arakan_Yoma_montane_forests,Western_Himalayan_subalpine_conifer_forests   ,0.9373,-0.14253571611580404
Chin_Hills_Arakan_Yoma_montane_forests,0.5093466236485813,Chin_Hills_Arakan_Yoma_montane_forests,Lower_Gangetic_Plains_moist_deciduous_forests ,0.9495,-0.14253571611580404
Chin_Hills_Arakan_Yoma_montane_forests,0.5093466236485813,Chin_Hills_Arakan_Yoma_montane_forests,South_Western_Ghats_moist_deciduous_forests   ,0.8835,-0.14253571611580404
Chin_Hills_Arakan_Yoma_montane_forests,0.5093466236485813,Chin_Hills_Arakan_Yoma_montane_forests,Thar_desert                                   ,0.9008,-0.14253571611580404
Chin_Hills_Arakan_Yoma_montane_forests,0.5093466236485813,Chin_Hills_Arakan_Yoma_montane_forests,Godavari_Krishna_mangroves                    ,0.8994,-0.14253571611580404
Chin_Hills_Arakan_Yoma_montane_forests,0.5093466236485813,Chin_Hills_Arakan_Yoma_montane_forests,North_Tibetan_Plateau_Kunlun_Mountains_alpine_desert,0.8851,-0.14253571611580404
Chin_Hills_Arakan_Yoma_montane_forests,0.5093466236485813,Chin_Hills_Arakan_Yoma_montane_forests,Himalayan_subtropical_broadleaf_forests       ,0.9824,-0.14253571611580404
Chin_Hills_Arakan_Yoma_montane_forests,0.5093466236485813,Chin_Hills_Arakan_Yoma_montane_forests,South_Deccan_Plateau_dry_deciduous_forests    ,0.9147,-0.14253571611580404
Chin_Hills_Arakan_Yoma_montane_forests,0.5093466236485813,Chin_Hills_Arakan_Yoma_montane_forests,Orissa_semi_evergreen_forests                 ,0.9252,-0.14253571611580404
Chin_Hills_Arakan_Yoma_montane_forests,0.5093466236485813,Chin_Hills_Arakan_Yoma_montane_forests,Sundarbans_freshwater_swamp_forests           ,0.9251,-0.14253571611580404
Chin_Hills_Arakan_Yoma_montane_forests,0.5093466236485813,Chin_Hills_Arakan_Yoma_montane_forests,Himalayan_subtropical_pine_forests            ,0.9527,-0.14253571611580404
Andaman_Islands_rain_forests,0.7274900032326785,Andaman_Islands_rain_forests,Brahmaputra_Valley_semi_evergreen_forests     ,0.7267,-0.14253571611580404
Andaman_Islands_rain_forests,0.7274900032326785,Andaman_Islands_rain_forests,Western_Himalayan_broadleaf_forests           ,0.7867,-0.14253571611580404
Andaman_Islands_rain_forests,0.7274900032326785,Andaman_Islands_rain_forests,Northeast_Himalayan_subalpine_conifer_forests ,0.5675,-0.14253571611580404
Andaman_Islands_rain_forests,0.7274900032326785,Andaman_Islands_rain_forests,South_Western_Ghats_montane_rain_forests      ,0.8818,-0.14253571611580404
Andaman_Islands_rain_forests,0.7274900032326785,Andaman_Islands_rain_forests,Narmada_Valley_dry_deciduous_forests          ,0.6601,-0.14253571611580404
Andaman_Islands_rain_forests,0.7274900032326785,Andaman_Islands_rain_forests,Mizoram_Manipur_Kachin_rain_forests           ,0.7987,-0.14253571611580404
Andaman_Islands_rain_forests,0.7274900032326785,Andaman_Islands_rain_forests,Khathiar_Gir_dry_deciduous_forests            ,0.6765,-0.14253571611580404
Andaman_Islands_rain_forests,0.7274900032326785,Andaman_Islands_rain_forests,Aravalli_west_thorn_scrub_forests             ,0.691,-0.14253571611580404
Andaman_Islands_rain_forests,0.7274900032326785,Andaman_Islands_rain_forests,Maldives_Lakshadweep_Chagos_Archipelago_tropical_moist_forests,0.9079,-0.14253571611580404
Andaman_Islands_rain_forests,0.7274900032326785,Andaman_Islands_rain_forests,East_Deccan_moist_deciduous_forests           ,0.7544,-0.14253571611580404
Andaman_Islands_rain_forests,0.7274900032326785,Andaman_Islands_rain_forests,East_Deccan_dry_evergreen_forests             ,0.8292,-0.14253571611580404
Andaman_Islands_rain_forests,0.7274900032326785,Andaman_Islands_rain_forests,Central_Deccan_Plateau_dry_deciduous_forests  ,0.7351,-0.14253571611580404
Andaman_Islands_rain_forests,0.7274900032326785,Andaman_Islands_rain_forests,Eastern_Himalayan_broadleaf_forests           ,0.8129,-0.14253571611580404
Andaman_Islands_rain_forests,0.7274900032326785,Andaman_Islands_rain_forests,Central_Tibetan_Plateau_alpine_steppe         ,0.4522,-0.14253571611580404
Andaman_Islands_rain_forests,0.7274900032326785,Andaman_Islands_rain_forests,Terai_Duar_savanna_and_grasslands             ,0.7504,-0.14253571611580404
Andaman_Islands_rain_forests,0.7274900032326785,Andaman_Islands_rain_forests,Nicobar_Islands_rain_forests                  ,0.9533,-0.14253571611580404
Andaman_Islands_rain_forests,0.7274900032326785,Andaman_Islands_rain_forests,Eastern_Himalayan_alpine_shrub_and_meadows    ,0.604,-0.14253571611580404
Andaman_Islands_rain_forests,0.7274900032326785,Andaman_Islands_rain_forests,North_Western_Ghats_montane_rain_forests      ,0.7728,-0.14253571611580404
Andaman_Islands_rain_forests,0.7274900032326785,Andaman_Islands_rain_forests,Chhota_Nagpur_dry_deciduous_forests           ,0.7183,-0.14253571611580404
Andaman_Islands_rain_forests,0.7274900032326785,Andaman_Islands_rain_forests,Rann_of_Kutch_seasonal_salt_marsh             ,0.6561,-0.14253571611580404
Andaman_Islands_rain_forests,0.7274900032326785,Andaman_Islands_rain_forests,Northwestern_Himalayan_alpine_shrub_and_meadows,0.5433,-0.14253571611580404
Andaman_Islands_rain_forests,0.7274900032326785,Andaman_Islands_rain_forests,Upper_Gangetic_Plains_moist_deciduous_forests ,0.7361,-0.14253571611580404
Andaman_Islands_rain_forests,0.7274900032326785,Andaman_Islands_rain_forests,North_Deccan_dry_deciduous_forests            ,0.6938,-0.14253571611580404
Andaman_Islands_rain_forests,0.7274900032326785,Andaman_Islands_rain_forests,Northeast_India_Myanmar_pine_forests          ,0.6535,-0.14253571611580404
Andaman_Islands_rain_forests,0.7274900032326785,Andaman_Islands_rain_forests,Sundarbans_mangroves                          ,0.7409,-0.14253571611580404
Andaman_Islands_rain_forests,0.7274900032326785,Andaman_Islands_rain_forests,Karakoram_West_Tibetan_Plateau_alpine_steppe  ,0.4795,-0.14253571611580404
Andaman_Islands_rain_forests,0.7274900032326785,Andaman_Islands_rain_forests,Baluchistan_xeric_woodlands                   ,0.6508,-0.14253571611580404
Andaman_Islands_rain_forests,0.7274900032326785,Andaman_Islands_rain_forests,Indus_River_Delta_Arabian_Sea_mangroves       ,0.7584,-0.14253571611580404
Andaman_Islands_rain_forests,0.7274900032326785,Andaman_Islands_rain_forests,Meghalaya_subtropical_forests                 ,0.7485,-0.14253571611580404
Andaman_Islands_rain_forests,0.7274900032326785,Andaman_Islands_rain_forests,Chin_Hills_Arakan_Yoma_montane_forests        ,0.731,-0.14253571611580404
Andaman_Islands_rain_forests,0.7274900032326785,Andaman_Islands_rain_forests,North_Western_Ghats_moist_deciduous_forests   ,0.8098,-0.14253571611580404
Andaman_Islands_rain_forests,0.7274900032326785,Andaman_Islands_rain_forests,Northern_Triangle_temperate_forests           ,0.6852,-0.14253571611580404
Andaman_Islands_rain_forests,0.7274900032326785,Andaman_Islands_rain_forests,Malabar_Coast_moist_forests                   ,0.9349,-0.14253571611580404
Andaman_Islands_rain_forests,0.7274900032326785,Andaman_Islands_rain_forests,Andaman_Islands_rain_forests                  ,1.0,-0.14253571611580404
Andaman_Islands_rain_forests,0.7274900032326785,Andaman_Islands_rain_forests,Western_Himalayan_alpine_shrub_and_meadows    ,0.5961,-0.14253571611580404
Andaman_Islands_rain_forests,0.7274900032326785,Andaman_Islands_rain_forests,Eastern_Himalayan_subalpine_conifer_forests   ,0.665,-0.14253571611580404
Andaman_Islands_rain_forests,0.7274900032326785,Andaman_Islands_rain_forests,Deccan_thorn_scrub_forests                    ,0.8064,-0.14253571611580404
Andaman_Islands_rain_forests,0.7274900032326785,Andaman_Islands_rain_forests,Western_Himalayan_subalpine_conifer_forests   ,0.7528,-0.14253571611580404
Andaman_Islands_rain_forests,0.7274900032326785,Andaman_Islands_rain_forests,Lower_Gangetic_Plains_moist_deciduous_forests ,0.7762,-0.14253571611580404
Andaman_Islands_rain_forests,0.7274900032326785,Andaman_Islands_rain_forests,South_Western_Ghats_moist_deciduous_forests   ,0.8982,-0.14253571611580404
Andaman_Islands_rain_forests,0.7274900032326785,Andaman_Islands_rain_forests,Thar_desert                                   ,0.6406,-0.14253571611580404
Andaman_Islands_rain_forests,0.7274900032326785,Andaman_Islands_rain_forests,Godavari_Krishna_mangroves                    ,0.7882,-0.14253571611580404
Andaman_Islands_rain_forests,0.7274900032326785,Andaman_Islands_rain_forests,North_Tibetan_Plateau_Kunlun_Mountains_alpine_desert,0.4618,-0.14253571611580404
Andaman_Islands_rain_forests,0.7274900032326785,Andaman_Islands_rain_forests,Himalayan_subtropical_broadleaf_forests       ,0.7549,-0.14253571611580404
Andaman_Islands_rain_forests,0.7274900032326785,Andaman_Islands_rain_forests,South_Deccan_Plateau_dry_deciduous_forests    ,0.7913,-0.14253571611580404
Andaman_Islands_rain_forests,0.7274900032326785,Andaman_Islands_rain_forests,Orissa_semi_evergreen_forests                 ,0.7492,-0.14253571611580404
Andaman_Islands_rain_forests,0.7274900032326785,Andaman_Islands_rain_forests,Sundarbans_freshwater_swamp_forests           ,0.7131,-0.14253571611580404
Andaman_Islands_rain_forests,0.7274900032326785,Andaman_Islands_rain_forests,Himalayan_subtropical_pine_forests            ,0.854,-0.14253571611580404
Himalayan_subtropical_broadleaf_forests,0.4133239508093316,Himalayan_subtropical_broadleaf_forests,Brahmaputra_Valley_semi_evergreen_forests     ,0.9661,-0.14253571611580404
Himalayan_subtropical_broadleaf_forests,0.4133239508093316,Himalayan_subtropical_broadleaf_forests,Western_Himalayan_broadleaf_forests           ,0.9458,-0.14253571611580404
Himalayan_subtropical_broadleaf_forests,0.4133239508093316,Himalayan_subtropical_broadleaf_forests,Northeast_Himalayan_subalpine_conifer_forests ,0.9261,-0.14253571611580404
Himalayan_subtropical_broadleaf_forests,0.4133239508093316,Himalayan_subtropical_broadleaf_forests,South_Western_Ghats_montane_rain_forests      ,0.9016,-0.14253571611580404
Himalayan_subtropical_broadleaf_forests,0.4133239508093316,Himalayan_subtropical_broadleaf_forests,Narmada_Valley_dry_deciduous_forests          ,0.9425,-0.14253571611580404
Himalayan_subtropical_broadleaf_forests,0.4133239508093316,Himalayan_subtropical_broadleaf_forests,Mizoram_Manipur_Kachin_rain_forests           ,0.9877,-0.14253571611580404
Himalayan_subtropical_broadleaf_forests,0.4133239508093316,Himalayan_subtropical_broadleaf_forests,Khathiar_Gir_dry_deciduous_forests            ,0.9409,-0.14253571611580404
Himalayan_subtropical_broadleaf_forests,0.4133239508093316,Himalayan_subtropical_broadleaf_forests,Aravalli_west_thorn_scrub_forests             ,0.9541,-0.14253571611580404
Himalayan_subtropical_broadleaf_forests,0.4133239508093316,Himalayan_subtropical_broadleaf_forests,Maldives_Lakshadweep_Chagos_Archipelago_tropical_moist_forests,0.5945,-0.14253571611580404
Himalayan_subtropical_broadleaf_forests,0.4133239508093316,Himalayan_subtropical_broadleaf_forests,East_Deccan_moist_deciduous_forests           ,0.9633,-0.14253571611580404
Himalayan_subtropical_broadleaf_forests,0.4133239508093316,Himalayan_subtropical_broadleaf_forests,East_Deccan_dry_evergreen_forests             ,0.8999,-0.14253571611580404
Himalayan_subtropical_broadleaf_forests,0.4133239508093316,Himalayan_subtropical_broadleaf_forests,Central_Deccan_Plateau_dry_deciduous_forests  ,0.94,-0.14253571611580404
Himalayan_subtropical_broadleaf_forests,0.4133239508093316,Himalayan_subtropical_broadleaf_forests,Eastern_Himalayan_broadleaf_forests           ,0.9859,-0.14253571611580404
Himalayan_subtropical_broadleaf_forests,0.4133239508093316,Himalayan_subtropical_broadleaf_forests,Central_Tibetan_Plateau_alpine_steppe         ,0.8652,-0.14253571611580404
Himalayan_subtropical_broadleaf_forests,0.4133239508093316,Himalayan_subtropical_broadleaf_forests,Terai_Duar_savanna_and_grasslands             ,0.9843,-0.14253571611580404
Himalayan_subtropical_broadleaf_forests,0.4133239508093316,Himalayan_subtropical_broadleaf_forests,Nicobar_Islands_rain_forests                  ,0.6672,-0.14253571611580404
Himalayan_subtropical_broadleaf_forests,0.4133239508093316,Himalayan_subtropical_broadleaf_forests,Eastern_Himalayan_alpine_shrub_and_meadows    ,0.9285,-0.14253571611580404
Himalayan_subtropical_broadleaf_forests,0.4133239508093316,Himalayan_subtropical_broadleaf_forests,North_Western_Ghats_montane_rain_forests      ,0.93,-0.14253571611580404
Himalayan_subtropical_broadleaf_forests,0.4133239508093316,Himalayan_subtropical_broadleaf_forests,Chhota_Nagpur_dry_deciduous_forests           ,0.9647,-0.14253571611580404
Himalayan_subtropical_broadleaf_forests,0.4133239508093316,Himalayan_subtropical_broadleaf_forests,Rann_of_Kutch_seasonal_salt_marsh             ,0.9273,-0.14253571611580404
Himalayan_subtropical_broadleaf_forests,0.4133239508093316,Himalayan_subtropical_broadleaf_forests,Northwestern_Himalayan_alpine_shrub_and_meadows,0.8577,-0.14253571611580404
Himalayan_subtropical_broadleaf_forests,0.4133239508093316,Himalayan_subtropical_broadleaf_forests,Upper_Gangetic_Plains_moist_deciduous_forests ,0.9577,-0.14253571611580404
Himalayan_subtropical_broadleaf_forests,0.4133239508093316,Himalayan_subtropical_broadleaf_forests,North_Deccan_dry_deciduous_forests            ,0.9647,-0.14253571611580404
Himalayan_subtropical_broadleaf_forests,0.4133239508093316,Himalayan_subtropical_broadleaf_forests,Northeast_India_Myanmar_pine_forests          ,0.9519,-0.14253571611580404
Himalayan_subtropical_broadleaf_forests,0.4133239508093316,Himalayan_subtropical_broadleaf_forests,Sundarbans_mangroves                          ,0.9445,-0.14253571611580404
Himalayan_subtropical_broadleaf_forests,0.4133239508093316,Himalayan_subtropical_broadleaf_forests,Karakoram_West_Tibetan_Plateau_alpine_steppe  ,0.8483,-0.14253571611580404
Himalayan_subtropical_broadleaf_forests,0.4133239508093316,Himalayan_subtropical_broadleaf_forests,Baluchistan_xeric_woodlands                   ,0.9241,-0.14253571611580404
Himalayan_subtropical_broadleaf_forests,0.4133239508093316,Himalayan_subtropical_broadleaf_forests,Indus_River_Delta_Arabian_Sea_mangroves       ,0.9148,-0.14253571611580404
Himalayan_subtropical_broadleaf_forests,0.4133239508093316,Himalayan_subtropical_broadleaf_forests,Meghalaya_subtropical_forests                 ,0.9834,-0.14253571611580404
Himalayan_subtropical_broadleaf_forests,0.4133239508093316,Himalayan_subtropical_broadleaf_forests,Chin_Hills_Arakan_Yoma_montane_forests        ,0.9824,-0.14253571611580404
Himalayan_subtropical_broadleaf_forests,0.4133239508093316,Himalayan_subtropical_broadleaf_forests,North_Western_Ghats_moist_deciduous_forests   ,0.9442,-0.14253571611580404
Himalayan_subtropical_broadleaf_forests,0.4133239508093316,Himalayan_subtropical_broadleaf_forests,Northern_Triangle_temperate_forests           ,0.935,-0.14253571611580404
Himalayan_subtropical_broadleaf_forests,0.4133239508093316,Himalayan_subtropical_broadleaf_forests,Malabar_Coast_moist_forests                   ,0.8526,-0.14253571611580404
Himalayan_subtropical_broadleaf_forests,0.4133239508093316,Himalayan_subtropical_broadleaf_forests,Andaman_Islands_rain_forests                  ,0.7549,-0.14253571611580404
Himalayan_subtropical_broadleaf_forests,0.4133239508093316,Himalayan_subtropical_broadleaf_forests,Western_Himalayan_alpine_shrub_and_meadows    ,0.8865,-0.14253571611580404
Himalayan_subtropical_broadleaf_forests,0.4133239508093316,Himalayan_subtropical_broadleaf_forests,Eastern_Himalayan_subalpine_conifer_forests   ,0.966,-0.14253571611580404
Himalayan_subtropical_broadleaf_forests,0.4133239508093316,Himalayan_subtropical_broadleaf_forests,Deccan_thorn_scrub_forests                    ,0.9233,-0.14253571611580404
Himalayan_subtropical_broadleaf_forests,0.4133239508093316,Himalayan_subtropical_broadleaf_forests,Western_Himalayan_subalpine_conifer_forests   ,0.9484,-0.14253571611580404
Himalayan_subtropical_broadleaf_forests,0.4133239508093316,Himalayan_subtropical_broadleaf_forests,Lower_Gangetic_Plains_moist_deciduous_forests ,0.974,-0.14253571611580404
Himalayan_subtropical_broadleaf_forests,0.4133239508093316,Himalayan_subtropical_broadleaf_forests,South_Western_Ghats_moist_deciduous_forests   ,0.8947,-0.14253571611580404
Himalayan_subtropical_broadleaf_forests,0.4133239508093316,Himalayan_subtropical_broadleaf_forests,Thar_desert                                   ,0.9304,-0.14253571611580404
Himalayan_subtropical_broadleaf_forests,0.4133239508093316,Himalayan_subtropical_broadleaf_forests,Godavari_Krishna_mangroves                    ,0.9156,-0.14253571611580404
Himalayan_subtropical_broadleaf_forests,0.4133239508093316,Himalayan_subtropical_broadleaf_forests,North_Tibetan_Plateau_Kunlun_Mountains_alpine_desert,0.8654,-0.14253571611580404
Himalayan_subtropical_broadleaf_forests,0.4133239508093316,Himalayan_subtropical_broadleaf_forests,Himalayan_subtropical_broadleaf_forests       ,1.0,-0.14253571611580404
Himalayan_subtropical_broadleaf_forests,0.4133239508093316,Himalayan_subtropical_broadleaf_forests,South_Deccan_Plateau_dry_deciduous_forests    ,0.9266,-0.14253571611580404
Himalayan_subtropical_broadleaf_forests,0.4133239508093316,Himalayan_subtropical_broadleaf_forests,Orissa_semi_evergreen_forests                 ,0.9512,-0.14253571611580404
Himalayan_subtropical_broadleaf_forests,0.4133239508093316,Himalayan_subtropical_broadleaf_forests,Sundarbans_freshwater_swamp_forests           ,0.9519,-0.14253571611580404
Himalayan_subtropical_broadleaf_forests,0.4133239508093316,Himalayan_subtropical_broadleaf_forests,Himalayan_subtropical_pine_forests            ,0.9735,-0.14253571611580404
Eastern_Himalayan_broadleaf_forests,0.4537338536243567,Eastern_Himalayan_broadleaf_forests,Brahmaputra_Valley_semi_evergreen_forests     ,0.9562,-0.14253571611580404
Eastern_Himalayan_broadleaf_forests,0.4537338536243567,Eastern_Himalayan_broadleaf_forests,Western_Himalayan_broadleaf_forests           ,0.9672,-0.14253571611580404
Eastern_Himalayan_broadleaf_forests,0.4537338536243567,Eastern_Himalayan_broadleaf_forests,Northeast_Himalayan_subalpine_conifer_forests ,0.9219,-0.14253571611580404
Eastern_Himalayan_broadleaf_forests,0.4537338536243567,Eastern_Himalayan_broadleaf_forests,South_Western_Ghats_montane_rain_forests      ,0.9378,-0.14253571611580404
Eastern_Himalayan_broadleaf_forests,0.4537338536243567,Eastern_Himalayan_broadleaf_forests,Narmada_Valley_dry_deciduous_forests          ,0.917,-0.14253571611580404
Eastern_Himalayan_broadleaf_forests,0.4537338536243567,Eastern_Himalayan_broadleaf_forests,Mizoram_Manipur_Kachin_rain_forests           ,0.9868,-0.14253571611580404
Eastern_Himalayan_broadleaf_forests,0.4537338536243567,Eastern_Himalayan_broadleaf_forests,Khathiar_Gir_dry_deciduous_forests            ,0.9113,-0.14253571611580404
Eastern_Himalayan_broadleaf_forests,0.4537338536243567,Eastern_Himalayan_broadleaf_forests,Aravalli_west_thorn_scrub_forests             ,0.9216,-0.14253571611580404
Eastern_Himalayan_broadleaf_forests,0.4537338536243567,Eastern_Himalayan_broadleaf_forests,Maldives_Lakshadweep_Chagos_Archipelago_tropical_moist_forests,0.6548,-0.14253571611580404
Eastern_Himalayan_broadleaf_forests,0.4537338536243567,Eastern_Himalayan_broadleaf_forests,East_Deccan_moist_deciduous_forests           ,0.9455,-0.14253571611580404
Eastern_Himalayan_broadleaf_forests,0.4537338536243567,Eastern_Himalayan_broadleaf_forests,East_Deccan_dry_evergreen_forests             ,0.9068,-0.14253571611580404
Eastern_Himalayan_broadleaf_forests,0.4537338536243567,Eastern_Himalayan_broadleaf_forests,Central_Deccan_Plateau_dry_deciduous_forests  ,0.9296,-0.14253571611580404
Eastern_Himalayan_broadleaf_forests,0.4537338536243567,Eastern_Himalayan_broadleaf_forests,Eastern_Himalayan_broadleaf_forests           ,1.0,-0.14253571611580404
Eastern_Himalayan_broadleaf_forests,0.4537338536243567,Eastern_Himalayan_broadleaf_forests,Central_Tibetan_Plateau_alpine_steppe         ,0.8523,-0.14253571611580404
Eastern_Himalayan_broadleaf_forests,0.4537338536243567,Eastern_Himalayan_broadleaf_forests,Terai_Duar_savanna_and_grasslands             ,0.9551,-0.14253571611580404
Eastern_Himalayan_broadleaf_forests,0.4537338536243567,Eastern_Himalayan_broadleaf_forests,Nicobar_Islands_rain_forests                  ,0.7353,-0.14253571611580404
Eastern_Himalayan_broadleaf_forests,0.4537338536243567,Eastern_Himalayan_broadleaf_forests,Eastern_Himalayan_alpine_shrub_and_meadows    ,0.9246,-0.14253571611580404
Eastern_Himalayan_broadleaf_forests,0.4537338536243567,Eastern_Himalayan_broadleaf_forests,North_Western_Ghats_montane_rain_forests      ,0.9343,-0.14253571611580404
Eastern_Himalayan_broadleaf_forests,0.4537338536243567,Eastern_Himalayan_broadleaf_forests,Chhota_Nagpur_dry_deciduous_forests           ,0.9387,-0.14253571611580404
Eastern_Himalayan_broadleaf_forests,0.4537338536243567,Eastern_Himalayan_broadleaf_forests,Rann_of_Kutch_seasonal_salt_marsh             ,0.889,-0.14253571611580404
Eastern_Himalayan_broadleaf_forests,0.4537338536243567,Eastern_Himalayan_broadleaf_forests,Northwestern_Himalayan_alpine_shrub_and_meadows,0.872,-0.14253571611580404
Eastern_Himalayan_broadleaf_forests,0.4537338536243567,Eastern_Himalayan_broadleaf_forests,Upper_Gangetic_Plains_moist_deciduous_forests ,0.9327,-0.14253571611580404
Eastern_Himalayan_broadleaf_forests,0.4537338536243567,Eastern_Himalayan_broadleaf_forests,North_Deccan_dry_deciduous_forests            ,0.9313,-0.14253571611580404
Eastern_Himalayan_broadleaf_forests,0.4537338536243567,Eastern_Himalayan_broadleaf_forests,Northeast_India_Myanmar_pine_forests          ,0.9526,-0.14253571611580404
Eastern_Himalayan_broadleaf_forests,0.4537338536243567,Eastern_Himalayan_broadleaf_forests,Sundarbans_mangroves                          ,0.9332,-0.14253571611580404
Eastern_Himalayan_broadleaf_forests,0.4537338536243567,Eastern_Himalayan_broadleaf_forests,Karakoram_West_Tibetan_Plateau_alpine_steppe  ,0.8524,-0.14253571611580404
Eastern_Himalayan_broadleaf_forests,0.4537338536243567,Eastern_Himalayan_broadleaf_forests,Baluchistan_xeric_woodlands                   ,0.9239,-0.14253571611580404
Eastern_Himalayan_broadleaf_forests,0.4537338536243567,Eastern_Himalayan_broadleaf_forests,Indus_River_Delta_Arabian_Sea_mangroves       ,0.9003,-0.14253571611580404
Eastern_Himalayan_broadleaf_forests,0.4537338536243567,Eastern_Himalayan_broadleaf_forests,Meghalaya_subtropical_forests                 ,0.9829,-0.14253571611580404
Eastern_Himalayan_broadleaf_forests,0.4537338536243567,Eastern_Himalayan_broadleaf_forests,Chin_Hills_Arakan_Yoma_montane_forests        ,0.9786,-0.14253571611580404
Eastern_Himalayan_broadleaf_forests,0.4537338536243567,Eastern_Himalayan_broadleaf_forests,North_Western_Ghats_moist_deciduous_forests   ,0.9436,-0.14253571611580404
Eastern_Himalayan_broadleaf_forests,0.4537338536243567,Eastern_Himalayan_broadleaf_forests,Northern_Triangle_temperate_forests           ,0.9566,-0.14253571611580404
Eastern_Himalayan_broadleaf_forests,0.4537338536243567,Eastern_Himalayan_broadleaf_forests,Malabar_Coast_moist_forests                   ,0.8874,-0.14253571611580404
Eastern_Himalayan_broadleaf_forests,0.4537338536243567,Eastern_Himalayan_broadleaf_forests,Andaman_Islands_rain_forests                  ,0.8129,-0.14253571611580404
Eastern_Himalayan_broadleaf_forests,0.4537338536243567,Eastern_Himalayan_broadleaf_forests,Western_Himalayan_alpine_shrub_and_meadows    ,0.9023,-0.14253571611580404
Eastern_Himalayan_broadleaf_forests,0.4537338536243567,Eastern_Himalayan_broadleaf_forests,Eastern_Himalayan_subalpine_conifer_forests   ,0.9674,-0.14253571611580404
Eastern_Himalayan_broadleaf_forests,0.4537338536243567,Eastern_Himalayan_broadleaf_forests,Deccan_thorn_scrub_forests                    ,0.9262,-0.14253571611580404
Eastern_Himalayan_broadleaf_forests,0.4537338536243567,Eastern_Himalayan_broadleaf_forests,Western_Himalayan_subalpine_conifer_forests   ,0.964,-0.14253571611580404
Eastern_Himalayan_broadleaf_forests,0.4537338536243567,Eastern_Himalayan_broadleaf_forests,Lower_Gangetic_Plains_moist_deciduous_forests ,0.9558,-0.14253571611580404
Eastern_Himalayan_broadleaf_forests,0.4537338536243567,Eastern_Himalayan_broadleaf_forests,South_Western_Ghats_moist_deciduous_forests   ,0.9277,-0.14253571611580404
Eastern_Himalayan_broadleaf_forests,0.4537338536243567,Eastern_Himalayan_broadleaf_forests,Thar_desert                                   ,0.8776,-0.14253571611580404
Eastern_Himalayan_broadleaf_forests,0.4537338536243567,Eastern_Himalayan_broadleaf_forests,Godavari_Krishna_mangroves                    ,0.9054,-0.14253571611580404
Eastern_Himalayan_broadleaf_forests,0.4537338536243567,Eastern_Himalayan_broadleaf_forests,North_Tibetan_Plateau_Kunlun_Mountains_alpine_desert,0.851,-0.14253571611580404
Eastern_Himalayan_broadleaf_forests,0.4537338536243567,Eastern_Himalayan_broadleaf_forests,Himalayan_subtropical_broadleaf_forests       ,0.9859,-0.14253571611580404
Eastern_Himalayan_broadleaf_forests,0.4537338536243567,Eastern_Himalayan_broadleaf_forests,South_Deccan_Plateau_dry_deciduous_forests    ,0.932,-0.14253571611580404
Eastern_Himalayan_broadleaf_forests,0.4537338536243567,Eastern_Himalayan_broadleaf_forests,Orissa_semi_evergreen_forests                 ,0.9254,-0.14253571611580404
Eastern_Himalayan_broadleaf_forests,0.4537338536243567,Eastern_Himalayan_broadleaf_forests,Sundarbans_freshwater_swamp_forests           ,0.9327,-0.14253571611580404
Eastern_Himalayan_broadleaf_forests,0.4537338536243567,Eastern_Himalayan_broadleaf_forests,Himalayan_subtropical_pine_forests            ,0.9872,-0.14253571611580404
Chhota_Nagpur_dry_deciduous_forests,0.3221738588152479,Chhota_Nagpur_dry_deciduous_forests,Brahmaputra_Valley_semi_evergreen_forests     ,0.9353,-0.14253571611580404
Chhota_Nagpur_dry_deciduous_forests,0.3221738588152479,Chhota_Nagpur_dry_deciduous_forests,Western_Himalayan_broadleaf_forests           ,0.9038,-0.14253571611580404
Chhota_Nagpur_dry_deciduous_forests,0.3221738588152479,Chhota_Nagpur_dry_deciduous_forests,Northeast_Himalayan_subalpine_conifer_forests ,0.8947,-0.14253571611580404
Chhota_Nagpur_dry_deciduous_forests,0.3221738588152479,Chhota_Nagpur_dry_deciduous_forests,South_Western_Ghats_montane_rain_forests      ,0.8676,-0.14253571611580404
Chhota_Nagpur_dry_deciduous_forests,0.3221738588152479,Chhota_Nagpur_dry_deciduous_forests,Narmada_Valley_dry_deciduous_forests          ,0.9825,-0.14253571611580404
Chhota_Nagpur_dry_deciduous_forests,0.3221738588152479,Chhota_Nagpur_dry_deciduous_forests,Mizoram_Manipur_Kachin_rain_forests           ,0.9595,-0.14253571611580404
Chhota_Nagpur_dry_deciduous_forests,0.3221738588152479,Chhota_Nagpur_dry_deciduous_forests,Khathiar_Gir_dry_deciduous_forests            ,0.9892,-0.14253571611580404
Chhota_Nagpur_dry_deciduous_forests,0.3221738588152479,Chhota_Nagpur_dry_deciduous_forests,Aravalli_west_thorn_scrub_forests             ,0.9883,-0.14253571611580404
Chhota_Nagpur_dry_deciduous_forests,0.3221738588152479,Chhota_Nagpur_dry_deciduous_forests,Maldives_Lakshadweep_Chagos_Archipelago_tropical_moist_forests,0.6191,-0.14253571611580404
Chhota_Nagpur_dry_deciduous_forests,0.3221738588152479,Chhota_Nagpur_dry_deciduous_forests,East_Deccan_moist_deciduous_forests           ,0.9953,-0.14253571611580404
Chhota_Nagpur_dry_deciduous_forests,0.3221738588152479,Chhota_Nagpur_dry_deciduous_forests,East_Deccan_dry_evergreen_forests             ,0.946,-0.14253571611580404
Chhota_Nagpur_dry_deciduous_forests,0.3221738588152479,Chhota_Nagpur_dry_deciduous_forests,Central_Deccan_Plateau_dry_deciduous_forests  ,0.987,-0.14253571611580404
Chhota_Nagpur_dry_deciduous_forests,0.3221738588152479,Chhota_Nagpur_dry_deciduous_forests,Eastern_Himalayan_broadleaf_forests           ,0.9387,-0.14253571611580404
Chhota_Nagpur_dry_deciduous_forests,0.3221738588152479,Chhota_Nagpur_dry_deciduous_forests,Central_Tibetan_Plateau_alpine_steppe         ,0.8345,-0.14253571611580404
Chhota_Nagpur_dry_deciduous_forests,0.3221738588152479,Chhota_Nagpur_dry_deciduous_forests,Terai_Duar_savanna_and_grasslands             ,0.9715,-0.14253571611580404
Chhota_Nagpur_dry_deciduous_forests,0.3221738588152479,Chhota_Nagpur_dry_deciduous_forests,Nicobar_Islands_rain_forests                  ,0.6443,-0.14253571611580404
Chhota_Nagpur_dry_deciduous_forests,0.3221738588152479,Chhota_Nagpur_dry_deciduous_forests,Eastern_Himalayan_alpine_shrub_and_meadows    ,0.9209,-0.14253571611580404
Chhota_Nagpur_dry_deciduous_forests,0.3221738588152479,Chhota_Nagpur_dry_deciduous_forests,North_Western_Ghats_montane_rain_forests      ,0.9179,-0.14253571611580404
Chhota_Nagpur_dry_deciduous_forests,0.3221738588152479,Chhota_Nagpur_dry_deciduous_forests,Chhota_Nagpur_dry_deciduous_forests           ,1.0,-0.14253571611580404
Chhota_Nagpur_dry_deciduous_forests,0.3221738588152479,Chhota_Nagpur_dry_deciduous_forests,Rann_of_Kutch_seasonal_salt_marsh             ,0.9814,-0.14253571611580404
Chhota_Nagpur_dry_deciduous_forests,0.3221738588152479,Chhota_Nagpur_dry_deciduous_forests,Northwestern_Himalayan_alpine_shrub_and_meadows,0.823,-0.14253571611580404
Chhota_Nagpur_dry_deciduous_forests,0.3221738588152479,Chhota_Nagpur_dry_deciduous_forests,Upper_Gangetic_Plains_moist_deciduous_forests ,0.9906,-0.14253571611580404
Chhota_Nagpur_dry_deciduous_forests,0.3221738588152479,Chhota_Nagpur_dry_deciduous_forests,North_Deccan_dry_deciduous_forests            ,0.9951,-0.14253571611580404
Chhota_Nagpur_dry_deciduous_forests,0.3221738588152479,Chhota_Nagpur_dry_deciduous_forests,Northeast_India_Myanmar_pine_forests          ,0.8651,-0.14253571611580404
Chhota_Nagpur_dry_deciduous_forests,0.3221738588152479,Chhota_Nagpur_dry_deciduous_forests,Sundarbans_mangroves                          ,0.9482,-0.14253571611580404
Chhota_Nagpur_dry_deciduous_forests,0.3221738588152479,Chhota_Nagpur_dry_deciduous_forests,Karakoram_West_Tibetan_Plateau_alpine_steppe  ,0.8312,-0.14253571611580404
Chhota_Nagpur_dry_deciduous_forests,0.3221738588152479,Chhota_Nagpur_dry_deciduous_forests,Baluchistan_xeric_woodlands                   ,0.9501,-0.14253571611580404
Chhota_Nagpur_dry_deciduous_forests,0.3221738588152479,Chhota_Nagpur_dry_deciduous_forests,Indus_River_Delta_Arabian_Sea_mangroves       ,0.9539,-0.14253571611580404
Chhota_Nagpur_dry_deciduous_forests,0.3221738588152479,Chhota_Nagpur_dry_deciduous_forests,Meghalaya_subtropical_forests                 ,0.9603,-0.14253571611580404
Chhota_Nagpur_dry_deciduous_forests,0.3221738588152479,Chhota_Nagpur_dry_deciduous_forests,Chin_Hills_Arakan_Yoma_montane_forests        ,0.9414,-0.14253571611580404
Chhota_Nagpur_dry_deciduous_forests,0.3221738588152479,Chhota_Nagpur_dry_deciduous_forests,North_Western_Ghats_moist_deciduous_forests   ,0.9466,-0.14253571611580404
Chhota_Nagpur_dry_deciduous_forests,0.3221738588152479,Chhota_Nagpur_dry_deciduous_forests,Northern_Triangle_temperate_forests           ,0.8551,-0.14253571611580404
Chhota_Nagpur_dry_deciduous_forests,0.3221738588152479,Chhota_Nagpur_dry_deciduous_forests,Malabar_Coast_moist_forests                   ,0.8395,-0.14253571611580404
Chhota_Nagpur_dry_deciduous_forests,0.3221738588152479,Chhota_Nagpur_dry_deciduous_forests,Andaman_Islands_rain_forests                  ,0.7183,-0.14253571611580404
Chhota_Nagpur_dry_deciduous_forests,0.3221738588152479,Chhota_Nagpur_dry_deciduous_forests,Western_Himalayan_alpine_shrub_and_meadows    ,0.8394,-0.14253571611580404
Chhota_Nagpur_dry_deciduous_forests,0.3221738588152479,Chhota_Nagpur_dry_deciduous_forests,Eastern_Himalayan_subalpine_conifer_forests   ,0.9279,-0.14253571611580404
Chhota_Nagpur_dry_deciduous_forests,0.3221738588152479,Chhota_Nagpur_dry_deciduous_forests,Deccan_thorn_scrub_forests                    ,0.9622,-0.14253571611580404
Chhota_Nagpur_dry_deciduous_forests,0.3221738588152479,Chhota_Nagpur_dry_deciduous_forests,Western_Himalayan_subalpine_conifer_forests   ,0.9163,-0.14253571611580404
Chhota_Nagpur_dry_deciduous_forests,0.3221738588152479,Chhota_Nagpur_dry_deciduous_forests,Lower_Gangetic_Plains_moist_deciduous_forests ,0.979,-0.14253571611580404
Chhota_Nagpur_dry_deciduous_forests,0.3221738588152479,Chhota_Nagpur_dry_deciduous_forests,South_Western_Ghats_moist_deciduous_forests   ,0.8904,-0.14253571611580404
Chhota_Nagpur_dry_deciduous_forests,0.3221738588152479,Chhota_Nagpur_dry_deciduous_forests,Thar_desert                                   ,0.9773,-0.14253571611580404
Chhota_Nagpur_dry_deciduous_forests,0.3221738588152479,Chhota_Nagpur_dry_deciduous_forests,Godavari_Krishna_mangroves                    ,0.9643,-0.14253571611580404
Chhota_Nagpur_dry_deciduous_forests,0.3221738588152479,Chhota_Nagpur_dry_deciduous_forests,North_Tibetan_Plateau_Kunlun_Mountains_alpine_desert,0.852,-0.14253571611580404
Chhota_Nagpur_dry_deciduous_forests,0.3221738588152479,Chhota_Nagpur_dry_deciduous_forests,Himalayan_subtropical_broadleaf_forests       ,0.9647,-0.14253571611580404
Chhota_Nagpur_dry_deciduous_forests,0.3221738588152479,Chhota_Nagpur_dry_deciduous_forests,South_Deccan_Plateau_dry_deciduous_forests    ,0.9599,-0.14253571611580404
Chhota_Nagpur_dry_deciduous_forests,0.3221738588152479,Chhota_Nagpur_dry_deciduous_forests,Orissa_semi_evergreen_forests                 ,0.9824,-0.14253571611580404
Chhota_Nagpur_dry_deciduous_forests,0.3221738588152479,Chhota_Nagpur_dry_deciduous_forests,Sundarbans_freshwater_swamp_forests           ,0.9675,-0.14253571611580404
Chhota_Nagpur_dry_deciduous_forests,0.3221738588152479,Chhota_Nagpur_dry_deciduous_forests,Himalayan_subtropical_pine_forests            ,0.9384,-0.14253571611580404
Deccan_thorn_scrub_forests,0.3572414443333869,Deccan_thorn_scrub_forests,Brahmaputra_Valley_semi_evergreen_forests     ,0.866,-0.14253571611580404
Deccan_thorn_scrub_forests,0.3572414443333869,Deccan_thorn_scrub_forests,Western_Himalayan_broadleaf_forests           ,0.9043,-0.14253571611580404
Deccan_thorn_scrub_forests,0.3572414443333869,Deccan_thorn_scrub_forests,Northeast_Himalayan_subalpine_conifer_forests ,0.8537,-0.14253571611580404
Deccan_thorn_scrub_forests,0.3572414443333869,Deccan_thorn_scrub_forests,South_Western_Ghats_montane_rain_forests      ,0.9198,-0.14253571611580404
Deccan_thorn_scrub_forests,0.3572414443333869,Deccan_thorn_scrub_forests,Narmada_Valley_dry_deciduous_forests          ,0.9506,-0.14253571611580404
Deccan_thorn_scrub_forests,0.3572414443333869,Deccan_thorn_scrub_forests,Mizoram_Manipur_Kachin_rain_forests           ,0.9248,-0.14253571611580404
Deccan_thorn_scrub_forests,0.3572414443333869,Deccan_thorn_scrub_forests,Khathiar_Gir_dry_deciduous_forests            ,0.9547,-0.14253571611580404
Deccan_thorn_scrub_forests,0.3572414443333869,Deccan_thorn_scrub_forests,Aravalli_west_thorn_scrub_forests             ,0.9618,-0.14253571611580404
Deccan_thorn_scrub_forests,0.3572414443333869,Deccan_thorn_scrub_forests,Maldives_Lakshadweep_Chagos_Archipelago_tropical_moist_forests,0.7119,-0.14253571611580404
Deccan_thorn_scrub_forests,0.3572414443333869,Deccan_thorn_scrub_forests,East_Deccan_moist_deciduous_forests           ,0.9763,-0.14253571611580404
Deccan_thorn_scrub_forests,0.3572414443333869,Deccan_thorn_scrub_forests,East_Deccan_dry_evergreen_forests             ,0.9733,-0.14253571611580404
Deccan_thorn_scrub_forests,0.3572414443333869,Deccan_thorn_scrub_forests,Central_Deccan_Plateau_dry_deciduous_forests  ,0.9825,-0.14253571611580404
Deccan_thorn_scrub_forests,0.3572414443333869,Deccan_thorn_scrub_forests,Eastern_Himalayan_broadleaf_forests           ,0.9262,-0.14253571611580404
Deccan_thorn_scrub_forests,0.3572414443333869,Deccan_thorn_scrub_forests,Central_Tibetan_Plateau_alpine_steppe         ,0.7791,-0.14253571611580404
Deccan_thorn_scrub_forests,0.3572414443333869,Deccan_thorn_scrub_forests,Terai_Duar_savanna_and_grasslands             ,0.9193,-0.14253571611580404
Deccan_thorn_scrub_forests,0.3572414443333869,Deccan_thorn_scrub_forests,Nicobar_Islands_rain_forests                  ,0.759,-0.14253571611580404
Deccan_thorn_scrub_forests,0.3572414443333869,Deccan_thorn_scrub_forests,Eastern_Himalayan_alpine_shrub_and_meadows    ,0.8738,-0.14253571611580404
Deccan_thorn_scrub_forests,0.3572414443333869,Deccan_thorn_scrub_forests,North_Western_Ghats_montane_rain_forests      ,0.9225,-0.14253571611580404
Deccan_thorn_scrub_forests,0.3572414443333869,Deccan_thorn_scrub_forests,Chhota_Nagpur_dry_deciduous_forests           ,0.9622,-0.14253571611580404
Deccan_thorn_scrub_forests,0.3572414443333869,Deccan_thorn_scrub_forests,Rann_of_Kutch_seasonal_salt_marsh             ,0.9452,-0.14253571611580404
Deccan_thorn_scrub_forests,0.3572414443333869,Deccan_thorn_scrub_forests,Northwestern_Himalayan_alpine_shrub_and_meadows,0.7833,-0.14253571611580404
Deccan_thorn_scrub_forests,0.3572414443333869,Deccan_thorn_scrub_forests,Upper_Gangetic_Plains_moist_deciduous_forests ,0.9626,-0.14253571611580404
Deccan_thorn_scrub_forests,0.3572414443333869,Deccan_thorn_scrub_forests,North_Deccan_dry_deciduous_forests            ,0.9436,-0.14253571611580404
Deccan_thorn_scrub_forests,0.3572414443333869,Deccan_thorn_scrub_forests,Northeast_India_Myanmar_pine_forests          ,0.8092,-0.14253571611580404
Deccan_thorn_scrub_forests,0.3572414443333869,Deccan_thorn_scrub_forests,Sundarbans_mangroves                          ,0.8844,-0.14253571611580404
Deccan_thorn_scrub_forests,0.3572414443333869,Deccan_thorn_scrub_forests,Karakoram_West_Tibetan_Plateau_alpine_steppe  ,0.7847,-0.14253571611580404
Deccan_thorn_scrub_forests,0.3572414443333869,Deccan_thorn_scrub_forests,Baluchistan_xeric_woodlands                   ,0.9275,-0.14253571611580404
Deccan_thorn_scrub_forests,0.3572414443333869,Deccan_thorn_scrub_forests,Indus_River_Delta_Arabian_Sea_mangroves       ,0.9788,-0.14253571611580404
Deccan_thorn_scrub_forests,0.3572414443333869,Deccan_thorn_scrub_forests,Meghalaya_subtropical_forests                 ,0.9201,-0.14253571611580404
Deccan_thorn_scrub_forests,0.3572414443333869,Deccan_thorn_scrub_forests,Chin_Hills_Arakan_Yoma_montane_forests        ,0.9096,-0.14253571611580404
Deccan_thorn_scrub_forests,0.3572414443333869,Deccan_thorn_scrub_forests,North_Western_Ghats_moist_deciduous_forests   ,0.9575,-0.14253571611580404
Deccan_thorn_scrub_forests,0.3572414443333869,Deccan_thorn_scrub_forests,Northern_Triangle_temperate_forests           ,0.8023,-0.14253571611580404
Deccan_thorn_scrub_forests,0.3572414443333869,Deccan_thorn_scrub_forests,Malabar_Coast_moist_forests                   ,0.9042,-0.14253571611580404
Deccan_thorn_scrub_forests,0.3572414443333869,Deccan_thorn_scrub_forests,Andaman_Islands_rain_forests                  ,0.8064,-0.14253571611580404
Deccan_thorn_scrub_forests,0.3572414443333869,Deccan_thorn_scrub_forests,Western_Himalayan_alpine_shrub_and_meadows    ,0.8066,-0.14253571611580404
Deccan_thorn_scrub_forests,0.3572414443333869,Deccan_thorn_scrub_forests,Eastern_Himalayan_subalpine_conifer_forests   ,0.8967,-0.14253571611580404
Deccan_thorn_scrub_forests,0.3572414443333869,Deccan_thorn_scrub_forests,Deccan_thorn_scrub_forests                    ,1.0,-0.14253571611580404
Deccan_thorn_scrub_forests,0.3572414443333869,Deccan_thorn_scrub_forests,Western_Himalayan_subalpine_conifer_forests   ,0.9081,-0.14253571611580404
Deccan_thorn_scrub_forests,0.3572414443333869,Deccan_thorn_scrub_forests,Lower_Gangetic_Plains_moist_deciduous_forests ,0.9517,-0.14253571611580404
Deccan_thorn_scrub_forests,0.3572414443333869,Deccan_thorn_scrub_forests,South_Western_Ghats_moist_deciduous_forests   ,0.9516,-0.14253571611580404
Deccan_thorn_scrub_forests,0.3572414443333869,Deccan_thorn_scrub_forests,Thar_desert                                   ,0.9208,-0.14253571611580404
Deccan_thorn_scrub_forests,0.3572414443333869,Deccan_thorn_scrub_forests,Godavari_Krishna_mangroves                    ,0.9624,-0.14253571611580404
Deccan_thorn_scrub_forests,0.3572414443333869,Deccan_thorn_scrub_forests,North_Tibetan_Plateau_Kunlun_Mountains_alpine_desert,0.7982,-0.14253571611580404
Deccan_thorn_scrub_forests,0.3572414443333869,Deccan_thorn_scrub_forests,Himalayan_subtropical_broadleaf_forests       ,0.9233,-0.14253571611580404
Deccan_thorn_scrub_forests,0.3572414443333869,Deccan_thorn_scrub_forests,South_Deccan_Plateau_dry_deciduous_forests    ,0.9864,-0.14253571611580404
Deccan_thorn_scrub_forests,0.3572414443333869,Deccan_thorn_scrub_forests,Orissa_semi_evergreen_forests                 ,0.9458,-0.14253571611580404
Deccan_thorn_scrub_forests,0.3572414443333869,Deccan_thorn_scrub_forests,Sundarbans_freshwater_swamp_forests           ,0.9177,-0.14253571611580404
Deccan_thorn_scrub_forests,0.3572414443333869,Deccan_thorn_scrub_forests,Himalayan_subtropical_pine_forests            ,0.9426,-0.14253571611580404
Karakoram_West_Tibetan_Plateau_alpine_steppe,0.3744332956604239,Karakoram_West_Tibetan_Plateau_alpine_steppe,Brahmaputra_Valley_semi_evergreen_forests     ,0.8084,-0.14253571611580404
Karakoram_West_Tibetan_Plateau_alpine_steppe,0.3744332956604239,Karakoram_West_Tibetan_Plateau_alpine_steppe,Western_Himalayan_broadleaf_forests           ,0.889,-0.14253571611580404
Karakoram_West_Tibetan_Plateau_alpine_steppe,0.3744332956604239,Karakoram_West_Tibetan_Plateau_alpine_steppe,Northeast_Himalayan_subalpine_conifer_forests ,0.9678,-0.14253571611580404
Karakoram_West_Tibetan_Plateau_alpine_steppe,0.3744332956604239,Karakoram_West_Tibetan_Plateau_alpine_steppe,South_Western_Ghats_montane_rain_forests      ,0.7669,-0.14253571611580404
Karakoram_West_Tibetan_Plateau_alpine_steppe,0.3744332956604239,Karakoram_West_Tibetan_Plateau_alpine_steppe,Narmada_Valley_dry_deciduous_forests          ,0.8335,-0.14253571611580404
Karakoram_West_Tibetan_Plateau_alpine_steppe,0.3744332956604239,Karakoram_West_Tibetan_Plateau_alpine_steppe,Mizoram_Manipur_Kachin_rain_forests           ,0.8209,-0.14253571611580404
Karakoram_West_Tibetan_Plateau_alpine_steppe,0.3744332956604239,Karakoram_West_Tibetan_Plateau_alpine_steppe,Khathiar_Gir_dry_deciduous_forests            ,0.8194,-0.14253571611580404
Karakoram_West_Tibetan_Plateau_alpine_steppe,0.3744332956604239,Karakoram_West_Tibetan_Plateau_alpine_steppe,Aravalli_west_thorn_scrub_forests             ,0.8038,-0.14253571611580404
Karakoram_West_Tibetan_Plateau_alpine_steppe,0.3744332956604239,Karakoram_West_Tibetan_Plateau_alpine_steppe,Maldives_Lakshadweep_Chagos_Archipelago_tropical_moist_forests,0.3997,-0.14253571611580404
Karakoram_West_Tibetan_Plateau_alpine_steppe,0.3744332956604239,Karakoram_West_Tibetan_Plateau_alpine_steppe,East_Deccan_moist_deciduous_forests           ,0.8196,-0.14253571611580404
Karakoram_West_Tibetan_Plateau_alpine_steppe,0.3744332956604239,Karakoram_West_Tibetan_Plateau_alpine_steppe,East_Deccan_dry_evergreen_forests             ,0.7386,-0.14253571611580404
Karakoram_West_Tibetan_Plateau_alpine_steppe,0.3744332956604239,Karakoram_West_Tibetan_Plateau_alpine_steppe,Central_Deccan_Plateau_dry_deciduous_forests  ,0.8239,-0.14253571611580404
Karakoram_West_Tibetan_Plateau_alpine_steppe,0.3744332956604239,Karakoram_West_Tibetan_Plateau_alpine_steppe,Eastern_Himalayan_broadleaf_forests           ,0.8524,-0.14253571611580404
Karakoram_West_Tibetan_Plateau_alpine_steppe,0.3744332956604239,Karakoram_West_Tibetan_Plateau_alpine_steppe,Central_Tibetan_Plateau_alpine_steppe         ,0.9748,-0.14253571611580404
Karakoram_West_Tibetan_Plateau_alpine_steppe,0.3744332956604239,Karakoram_West_Tibetan_Plateau_alpine_steppe,Terai_Duar_savanna_and_grasslands             ,0.7733,-0.14253571611580404
Karakoram_West_Tibetan_Plateau_alpine_steppe,0.3744332956604239,Karakoram_West_Tibetan_Plateau_alpine_steppe,Nicobar_Islands_rain_forests                  ,0.449,-0.14253571611580404
Karakoram_West_Tibetan_Plateau_alpine_steppe,0.3744332956604239,Karakoram_West_Tibetan_Plateau_alpine_steppe,Eastern_Himalayan_alpine_shrub_and_meadows    ,0.9627,-0.14253571611580404
Karakoram_West_Tibetan_Plateau_alpine_steppe,0.3744332956604239,Karakoram_West_Tibetan_Plateau_alpine_steppe,North_Western_Ghats_montane_rain_forests      ,0.7762,-0.14253571611580404
Karakoram_West_Tibetan_Plateau_alpine_steppe,0.3744332956604239,Karakoram_West_Tibetan_Plateau_alpine_steppe,Chhota_Nagpur_dry_deciduous_forests           ,0.8312,-0.14253571611580404
Karakoram_West_Tibetan_Plateau_alpine_steppe,0.3744332956604239,Karakoram_West_Tibetan_Plateau_alpine_steppe,Rann_of_Kutch_seasonal_salt_marsh             ,0.7844,-0.14253571611580404
Karakoram_West_Tibetan_Plateau_alpine_steppe,0.3744332956604239,Karakoram_West_Tibetan_Plateau_alpine_steppe,Northwestern_Himalayan_alpine_shrub_and_meadows,0.969,-0.14253571611580404
Karakoram_West_Tibetan_Plateau_alpine_steppe,0.3744332956604239,Karakoram_West_Tibetan_Plateau_alpine_steppe,Upper_Gangetic_Plains_moist_deciduous_forests ,0.7925,-0.14253571611580404
Karakoram_West_Tibetan_Plateau_alpine_steppe,0.3744332956604239,Karakoram_West_Tibetan_Plateau_alpine_steppe,North_Deccan_dry_deciduous_forests            ,0.8158,-0.14253571611580404
Karakoram_West_Tibetan_Plateau_alpine_steppe,0.3744332956604239,Karakoram_West_Tibetan_Plateau_alpine_steppe,Northeast_India_Myanmar_pine_forests          ,0.8782,-0.14253571611580404
Karakoram_West_Tibetan_Plateau_alpine_steppe,0.3744332956604239,Karakoram_West_Tibetan_Plateau_alpine_steppe,Sundarbans_mangroves                          ,0.782,-0.14253571611580404
Karakoram_West_Tibetan_Plateau_alpine_steppe,0.3744332956604239,Karakoram_West_Tibetan_Plateau_alpine_steppe,Karakoram_West_Tibetan_Plateau_alpine_steppe  ,1.0,-0.14253571611580404
Karakoram_West_Tibetan_Plateau_alpine_steppe,0.3744332956604239,Karakoram_West_Tibetan_Plateau_alpine_steppe,Baluchistan_xeric_woodlands                   ,0.9421,-0.14253571611580404
Karakoram_West_Tibetan_Plateau_alpine_steppe,0.3744332956604239,Karakoram_West_Tibetan_Plateau_alpine_steppe,Indus_River_Delta_Arabian_Sea_mangroves       ,0.7451,-0.14253571611580404
Karakoram_West_Tibetan_Plateau_alpine_steppe,0.3744332956604239,Karakoram_West_Tibetan_Plateau_alpine_steppe,Meghalaya_subtropical_forests                 ,0.8595,-0.14253571611580404
Karakoram_West_Tibetan_Plateau_alpine_steppe,0.3744332956604239,Karakoram_West_Tibetan_Plateau_alpine_steppe,Chin_Hills_Arakan_Yoma_montane_forests        ,0.8692,-0.14253571611580404
Karakoram_West_Tibetan_Plateau_alpine_steppe,0.3744332956604239,Karakoram_West_Tibetan_Plateau_alpine_steppe,North_Western_Ghats_moist_deciduous_forests   ,0.7591,-0.14253571611580404
Karakoram_West_Tibetan_Plateau_alpine_steppe,0.3744332956604239,Karakoram_West_Tibetan_Plateau_alpine_steppe,Northern_Triangle_temperate_forests           ,0.8878,-0.14253571611580404
Karakoram_West_Tibetan_Plateau_alpine_steppe,0.3744332956604239,Karakoram_West_Tibetan_Plateau_alpine_steppe,Malabar_Coast_moist_forests                   ,0.6144,-0.14253571611580404
Karakoram_West_Tibetan_Plateau_alpine_steppe,0.3744332956604239,Karakoram_West_Tibetan_Plateau_alpine_steppe,Andaman_Islands_rain_forests                  ,0.4795,-0.14253571611580404
Karakoram_West_Tibetan_Plateau_alpine_steppe,0.3744332956604239,Karakoram_West_Tibetan_Plateau_alpine_steppe,Western_Himalayan_alpine_shrub_and_meadows    ,0.9741,-0.14253571611580404
Karakoram_West_Tibetan_Plateau_alpine_steppe,0.3744332956604239,Karakoram_West_Tibetan_Plateau_alpine_steppe,Eastern_Himalayan_subalpine_conifer_forests   ,0.9428,-0.14253571611580404
Karakoram_West_Tibetan_Plateau_alpine_steppe,0.3744332956604239,Karakoram_West_Tibetan_Plateau_alpine_steppe,Deccan_thorn_scrub_forests                    ,0.7847,-0.14253571611580404
Karakoram_West_Tibetan_Plateau_alpine_steppe,0.3744332956604239,Karakoram_West_Tibetan_Plateau_alpine_steppe,Western_Himalayan_subalpine_conifer_forests   ,0.9144,-0.14253571611580404
Karakoram_West_Tibetan_Plateau_alpine_steppe,0.3744332956604239,Karakoram_West_Tibetan_Plateau_alpine_steppe,Lower_Gangetic_Plains_moist_deciduous_forests ,0.7821,-0.14253571611580404
Karakoram_West_Tibetan_Plateau_alpine_steppe,0.3744332956604239,Karakoram_West_Tibetan_Plateau_alpine_steppe,South_Western_Ghats_moist_deciduous_forests   ,0.756,-0.14253571611580404
Karakoram_West_Tibetan_Plateau_alpine_steppe,0.3744332956604239,Karakoram_West_Tibetan_Plateau_alpine_steppe,Thar_desert                                   ,0.762,-0.14253571611580404
Karakoram_West_Tibetan_Plateau_alpine_steppe,0.3744332956604239,Karakoram_West_Tibetan_Plateau_alpine_steppe,Godavari_Krishna_mangroves                    ,0.7442,-0.14253571611580404
Karakoram_West_Tibetan_Plateau_alpine_steppe,0.3744332956604239,Karakoram_West_Tibetan_Plateau_alpine_steppe,North_Tibetan_Plateau_Kunlun_Mountains_alpine_desert,0.9756,-0.14253571611580404
Karakoram_West_Tibetan_Plateau_alpine_steppe,0.3744332956604239,Karakoram_West_Tibetan_Plateau_alpine_steppe,Himalayan_subtropical_broadleaf_forests       ,0.8483,-0.14253571611580404
Karakoram_West_Tibetan_Plateau_alpine_steppe,0.3744332956604239,Karakoram_West_Tibetan_Plateau_alpine_steppe,South_Deccan_Plateau_dry_deciduous_forests    ,0.8359,-0.14253571611580404
Karakoram_West_Tibetan_Plateau_alpine_steppe,0.3744332956604239,Karakoram_West_Tibetan_Plateau_alpine_steppe,Orissa_semi_evergreen_forests                 ,0.7688,-0.14253571611580404
Karakoram_West_Tibetan_Plateau_alpine_steppe,0.3744332956604239,Karakoram_West_Tibetan_Plateau_alpine_steppe,Sundarbans_freshwater_swamp_forests           ,0.7988,-0.14253571611580404
Karakoram_West_Tibetan_Plateau_alpine_steppe,0.3744332956604239,Karakoram_West_Tibetan_Plateau_alpine_steppe,Himalayan_subtropical_pine_forests            ,0.8177,-0.14253571611580404
Khathiar_Gir_dry_deciduous_forests,0.0091124194252023,Khathiar_Gir_dry_deciduous_forests,Brahmaputra_Valley_semi_evergreen_forests     ,0.901,-0.14253571611580404
Khathiar_Gir_dry_deciduous_forests,0.0091124194252023,Khathiar_Gir_dry_deciduous_forests,Western_Himalayan_broadleaf_forests           ,0.8695,-0.14253571611580404
Khathiar_Gir_dry_deciduous_forests,0.0091124194252023,Khathiar_Gir_dry_deciduous_forests,Northeast_Himalayan_subalpine_conifer_forests ,0.8869,-0.14253571611580404
Khathiar_Gir_dry_deciduous_forests,0.0091124194252023,Khathiar_Gir_dry_deciduous_forests,South_Western_Ghats_montane_rain_forests      ,0.8457,-0.14253571611580404
Khathiar_Gir_dry_deciduous_forests,0.0091124194252023,Khathiar_Gir_dry_deciduous_forests,Narmada_Valley_dry_deciduous_forests          ,0.9954,-0.14253571611580404
Khathiar_Gir_dry_deciduous_forests,0.0091124194252023,Khathiar_Gir_dry_deciduous_forests,Mizoram_Manipur_Kachin_rain_forests           ,0.9305,-0.14253571611580404
Khathiar_Gir_dry_deciduous_forests,0.0091124194252023,Khathiar_Gir_dry_deciduous_forests,Khathiar_Gir_dry_deciduous_forests            ,1.0,-0.14253571611580404
Khathiar_Gir_dry_deciduous_forests,0.0091124194252023,Khathiar_Gir_dry_deciduous_forests,Aravalli_west_thorn_scrub_forests             ,0.9821,-0.14253571611580404
Khathiar_Gir_dry_deciduous_forests,0.0091124194252023,Khathiar_Gir_dry_deciduous_forests,Maldives_Lakshadweep_Chagos_Archipelago_tropical_moist_forests,0.5896,-0.14253571611580404
Khathiar_Gir_dry_deciduous_forests,0.0091124194252023,Khathiar_Gir_dry_deciduous_forests,East_Deccan_moist_deciduous_forests           ,0.984,-0.14253571611580404
Khathiar_Gir_dry_deciduous_forests,0.0091124194252023,Khathiar_Gir_dry_deciduous_forests,East_Deccan_dry_evergreen_forests             ,0.9229,-0.14253571611580404
Khathiar_Gir_dry_deciduous_forests,0.0091124194252023,Khathiar_Gir_dry_deciduous_forests,Central_Deccan_Plateau_dry_deciduous_forests  ,0.986,-0.14253571611580404
Khathiar_Gir_dry_deciduous_forests,0.0091124194252023,Khathiar_Gir_dry_deciduous_forests,Eastern_Himalayan_broadleaf_forests           ,0.9113,-0.14253571611580404
Khathiar_Gir_dry_deciduous_forests,0.0091124194252023,Khathiar_Gir_dry_deciduous_forests,Central_Tibetan_Plateau_alpine_steppe         ,0.8343,-0.14253571611580404
Khathiar_Gir_dry_deciduous_forests,0.0091124194252023,Khathiar_Gir_dry_deciduous_forests,Terai_Duar_savanna_and_grasslands             ,0.9501,-0.14253571611580404
Khathiar_Gir_dry_deciduous_forests,0.0091124194252023,Khathiar_Gir_dry_deciduous_forests,Nicobar_Islands_rain_forests                  ,0.5976,-0.14253571611580404
Khathiar_Gir_dry_deciduous_forests,0.0091124194252023,Khathiar_Gir_dry_deciduous_forests,Eastern_Himalayan_alpine_shrub_and_meadows    ,0.9135,-0.14253571611580404
Khathiar_Gir_dry_deciduous_forests,0.0091124194252023,Khathiar_Gir_dry_deciduous_forests,North_Western_Ghats_montane_rain_forests      ,0.9205,-0.14253571611580404
Khathiar_Gir_dry_deciduous_forests,0.0091124194252023,Khathiar_Gir_dry_deciduous_forests,Chhota_Nagpur_dry_deciduous_forests           ,0.9892,-0.14253571611580404
Khathiar_Gir_dry_deciduous_forests,0.0091124194252023,Khathiar_Gir_dry_deciduous_forests,Rann_of_Kutch_seasonal_salt_marsh             ,0.9902,-0.14253571611580404
Khathiar_Gir_dry_deciduous_forests,0.0091124194252023,Khathiar_Gir_dry_deciduous_forests,Northwestern_Himalayan_alpine_shrub_and_meadows,0.791,-0.14253571611580404
Khathiar_Gir_dry_deciduous_forests,0.0091124194252023,Khathiar_Gir_dry_deciduous_forests,Upper_Gangetic_Plains_moist_deciduous_forests ,0.989,-0.14253571611580404
Khathiar_Gir_dry_deciduous_forests,0.0091124194252023,Khathiar_Gir_dry_deciduous_forests,North_Deccan_dry_deciduous_forests            ,0.9807,-0.14253571611580404
Khathiar_Gir_dry_deciduous_forests,0.0091124194252023,Khathiar_Gir_dry_deciduous_forests,Northeast_India_Myanmar_pine_forests          ,0.8331,-0.14253571611580404
Khathiar_Gir_dry_deciduous_forests,0.0091124194252023,Khathiar_Gir_dry_deciduous_forests,Sundarbans_mangroves                          ,0.9242,-0.14253571611580404
Khathiar_Gir_dry_deciduous_forests,0.0091124194252023,Khathiar_Gir_dry_deciduous_forests,Karakoram_West_Tibetan_Plateau_alpine_steppe  ,0.8194,-0.14253571611580404
Khathiar_Gir_dry_deciduous_forests,0.0091124194252023,Khathiar_Gir_dry_deciduous_forests,Baluchistan_xeric_woodlands                   ,0.9406,-0.14253571611580404
Khathiar_Gir_dry_deciduous_forests,0.0091124194252023,Khathiar_Gir_dry_deciduous_forests,Indus_River_Delta_Arabian_Sea_mangroves       ,0.9554,-0.14253571611580404
Khathiar_Gir_dry_deciduous_forests,0.0091124194252023,Khathiar_Gir_dry_deciduous_forests,Meghalaya_subtropical_forests                 ,0.9363,-0.14253571611580404
Khathiar_Gir_dry_deciduous_forests,0.0091124194252023,Khathiar_Gir_dry_deciduous_forests,Chin_Hills_Arakan_Yoma_montane_forests        ,0.9169,-0.14253571611580404
Khathiar_Gir_dry_deciduous_forests,0.0091124194252023,Khathiar_Gir_dry_deciduous_forests,North_Western_Ghats_moist_deciduous_forests   ,0.9469,-0.14253571611580404
Khathiar_Gir_dry_deciduous_forests,0.0091124194252023,Khathiar_Gir_dry_deciduous_forests,Northern_Triangle_temperate_forests           ,0.8247,-0.14253571611580404
Khathiar_Gir_dry_deciduous_forests,0.0091124194252023,Khathiar_Gir_dry_deciduous_forests,Malabar_Coast_moist_forests                   ,0.8237,-0.14253571611580404
Khathiar_Gir_dry_deciduous_forests,0.0091124194252023,Khathiar_Gir_dry_deciduous_forests,Andaman_Islands_rain_forests                  ,0.6765,-0.14253571611580404
Khathiar_Gir_dry_deciduous_forests,0.0091124194252023,Khathiar_Gir_dry_deciduous_forests,Western_Himalayan_alpine_shrub_and_meadows    ,0.8163,-0.14253571611580404
Khathiar_Gir_dry_deciduous_forests,0.0091124194252023,Khathiar_Gir_dry_deciduous_forests,Eastern_Himalayan_subalpine_conifer_forests   ,0.9115,-0.14253571611580404
Khathiar_Gir_dry_deciduous_forests,0.0091124194252023,Khathiar_Gir_dry_deciduous_forests,Deccan_thorn_scrub_forests                    ,0.9547,-0.14253571611580404
Khathiar_Gir_dry_deciduous_forests,0.0091124194252023,Khathiar_Gir_dry_deciduous_forests,Western_Himalayan_subalpine_conifer_forests   ,0.8832,-0.14253571611580404
Khathiar_Gir_dry_deciduous_forests,0.0091124194252023,Khathiar_Gir_dry_deciduous_forests,Lower_Gangetic_Plains_moist_deciduous_forests ,0.9605,-0.14253571611580404
Khathiar_Gir_dry_deciduous_forests,0.0091124194252023,Khathiar_Gir_dry_deciduous_forests,South_Western_Ghats_moist_deciduous_forests   ,0.8698,-0.14253571611580404
Khathiar_Gir_dry_deciduous_forests,0.0091124194252023,Khathiar_Gir_dry_deciduous_forests,Thar_desert                                   ,0.9711,-0.14253571611580404
Khathiar_Gir_dry_deciduous_forests,0.0091124194252023,Khathiar_Gir_dry_deciduous_forests,Godavari_Krishna_mangroves                    ,0.9424,-0.14253571611580404
Khathiar_Gir_dry_deciduous_forests,0.0091124194252023,Khathiar_Gir_dry_deciduous_forests,North_Tibetan_Plateau_Kunlun_Mountains_alpine_desert,0.8556,-0.14253571611580404
Khathiar_Gir_dry_deciduous_forests,0.0091124194252023,Khathiar_Gir_dry_deciduous_forests,Himalayan_subtropical_broadleaf_forests       ,0.9409,-0.14253571611580404
Khathiar_Gir_dry_deciduous_forests,0.0091124194252023,Khathiar_Gir_dry_deciduous_forests,South_Deccan_Plateau_dry_deciduous_forests    ,0.946,-0.14253571611580404
Khathiar_Gir_dry_deciduous_forests,0.0091124194252023,Khathiar_Gir_dry_deciduous_forests,Orissa_semi_evergreen_forests                 ,0.9556,-0.14253571611580404
Khathiar_Gir_dry_deciduous_forests,0.0091124194252023,Khathiar_Gir_dry_deciduous_forests,Sundarbans_freshwater_swamp_forests           ,0.9474,-0.14253571611580404
Khathiar_Gir_dry_deciduous_forests,0.0091124194252023,Khathiar_Gir_dry_deciduous_forests,Himalayan_subtropical_pine_forests            ,0.9088,-0.14253571611580404
Himalayan_subtropical_pine_forests,0.3522823499912356,Himalayan_subtropical_pine_forests,Brahmaputra_Valley_semi_evergreen_forests     ,0.9406,-0.14253571611580404
Himalayan_subtropical_pine_forests,0.3522823499912356,Himalayan_subtropical_pine_forests,Western_Himalayan_broadleaf_forests           ,0.9775,-0.14253571611580404
Himalayan_subtropical_pine_forests,0.3522823499912356,Himalayan_subtropical_pine_forests,Northeast_Himalayan_subalpine_conifer_forests ,0.8833,-0.14253571611580404
Himalayan_subtropical_pine_forests,0.3522823499912356,Himalayan_subtropical_pine_forests,South_Western_Ghats_montane_rain_forests      ,0.9586,-0.14253571611580404
Himalayan_subtropical_pine_forests,0.3522823499912356,Himalayan_subtropical_pine_forests,Narmada_Valley_dry_deciduous_forests          ,0.9114,-0.14253571611580404
Himalayan_subtropical_pine_forests,0.3522823499912356,Himalayan_subtropical_pine_forests,Mizoram_Manipur_Kachin_rain_forests           ,0.9717,-0.14253571611580404
Himalayan_subtropical_pine_forests,0.3522823499912356,Himalayan_subtropical_pine_forests,Khathiar_Gir_dry_deciduous_forests            ,0.9088,-0.14253571611580404
Himalayan_subtropical_pine_forests,0.3522823499912356,Himalayan_subtropical_pine_forests,Aravalli_west_thorn_scrub_forests             ,0.9241,-0.14253571611580404
Himalayan_subtropical_pine_forests,0.3522823499912356,Himalayan_subtropical_pine_forests,Maldives_Lakshadweep_Chagos_Archipelago_tropical_moist_forests,0.7137,-0.14253571611580404
Himalayan_subtropical_pine_forests,0.3522823499912356,Himalayan_subtropical_pine_forests,East_Deccan_moist_deciduous_forests           ,0.95,-0.14253571611580404
Himalayan_subtropical_pine_forests,0.3522823499912356,Himalayan_subtropical_pine_forests,East_Deccan_dry_evergreen_forests             ,0.9291,-0.14253571611580404
Himalayan_subtropical_pine_forests,0.3522823499912356,Himalayan_subtropical_pine_forests,Central_Deccan_Plateau_dry_deciduous_forests  ,0.9322,-0.14253571611580404
Himalayan_subtropical_pine_forests,0.3522823499912356,Himalayan_subtropical_pine_forests,Eastern_Himalayan_broadleaf_forests           ,0.9872,-0.14253571611580404
Himalayan_subtropical_pine_forests,0.3522823499912356,Himalayan_subtropical_pine_forests,Central_Tibetan_Plateau_alpine_steppe         ,0.8105,-0.14253571611580404
Himalayan_subtropical_pine_forests,0.3522823499912356,Himalayan_subtropical_pine_forests,Terai_Duar_savanna_and_grasslands             ,0.9489,-0.14253571611580404
Himalayan_subtropical_pine_forests,0.3522823499912356,Himalayan_subtropical_pine_forests,Nicobar_Islands_rain_forests                  ,0.8054,-0.14253571611580404
Himalayan_subtropical_pine_forests,0.3522823499912356,Himalayan_subtropical_pine_forests,Eastern_Himalayan_alpine_shrub_and_meadows    ,0.8936,-0.14253571611580404
Himalayan_subtropical_pine_forests,0.3522823499912356,Himalayan_subtropical_pine_forests,North_Western_Ghats_montane_rain_forests      ,0.9248,-0.14253571611580404
Himalayan_subtropical_pine_forests,0.3522823499912356,Himalayan_subtropical_pine_forests,Chhota_Nagpur_dry_deciduous_forests           ,0.9384,-0.14253571611580404
Himalayan_subtropical_pine_forests,0.3522823499912356,Himalayan_subtropical_pine_forests,Rann_of_Kutch_seasonal_salt_marsh             ,0.8901,-0.14253571611580404
Himalayan_subtropical_pine_forests,0.3522823499912356,Himalayan_subtropical_pine_forests,Northwestern_Himalayan_alpine_shrub_and_meadows,0.8551,-0.14253571611580404
Himalayan_subtropical_pine_forests,0.3522823499912356,Himalayan_subtropical_pine_forests,Upper_Gangetic_Plains_moist_deciduous_forests ,0.9355,-0.14253571611580404
Himalayan_subtropical_pine_forests,0.3522823499912356,Himalayan_subtropical_pine_forests,North_Deccan_dry_deciduous_forests            ,0.9274,-0.14253571611580404
Himalayan_subtropical_pine_forests,0.3522823499912356,Himalayan_subtropical_pine_forests,Northeast_India_Myanmar_pine_forests          ,0.9181,-0.14253571611580404
Himalayan_subtropical_pine_forests,0.3522823499912356,Himalayan_subtropical_pine_forests,Sundarbans_mangroves                          ,0.9231,-0.14253571611580404
Himalayan_subtropical_pine_forests,0.3522823499912356,Himalayan_subtropical_pine_forests,Karakoram_West_Tibetan_Plateau_alpine_steppe  ,0.8177,-0.14253571611580404
Himalayan_subtropical_pine_forests,0.3522823499912356,Himalayan_subtropical_pine_forests,Baluchistan_xeric_woodlands                   ,0.9108,-0.14253571611580404
Himalayan_subtropical_pine_forests,0.3522823499912356,Himalayan_subtropical_pine_forests,Indus_River_Delta_Arabian_Sea_mangroves       ,0.9142,-0.14253571611580404
Himalayan_subtropical_pine_forests,0.3522823499912356,Himalayan_subtropical_pine_forests,Meghalaya_subtropical_forests                 ,0.965,-0.14253571611580404
Himalayan_subtropical_pine_forests,0.3522823499912356,Himalayan_subtropical_pine_forests,Chin_Hills_Arakan_Yoma_montane_forests        ,0.9527,-0.14253571611580404
Himalayan_subtropical_pine_forests,0.3522823499912356,Himalayan_subtropical_pine_forests,North_Western_Ghats_moist_deciduous_forests   ,0.9422,-0.14253571611580404
Himalayan_subtropical_pine_forests,0.3522823499912356,Himalayan_subtropical_pine_forests,Northern_Triangle_temperate_forests           ,0.9205,-0.14253571611580404
Himalayan_subtropical_pine_forests,0.3522823499912356,Himalayan_subtropical_pine_forests,Malabar_Coast_moist_forests                   ,0.9095,-0.14253571611580404
Himalayan_subtropical_pine_forests,0.3522823499912356,Himalayan_subtropical_pine_forests,Andaman_Islands_rain_forests                  ,0.854,-0.14253571611580404
Himalayan_subtropical_pine_forests,0.3522823499912356,Himalayan_subtropical_pine_forests,Western_Himalayan_alpine_shrub_and_meadows    ,0.8823,-0.14253571611580404
Himalayan_subtropical_pine_forests,0.3522823499912356,Himalayan_subtropical_pine_forests,Eastern_Himalayan_subalpine_conifer_forests   ,0.938,-0.14253571611580404
Himalayan_subtropical_pine_forests,0.3522823499912356,Himalayan_subtropical_pine_forests,Deccan_thorn_scrub_forests                    ,0.9426,-0.14253571611580404
Himalayan_subtropical_pine_forests,0.3522823499912356,Himalayan_subtropical_pine_forests,Western_Himalayan_subalpine_conifer_forests   ,0.9679,-0.14253571611580404
Himalayan_subtropical_pine_forests,0.3522823499912356,Himalayan_subtropical_pine_forests,Lower_Gangetic_Plains_moist_deciduous_forests ,0.9563,-0.14253571611580404
Himalayan_subtropical_pine_forests,0.3522823499912356,Himalayan_subtropical_pine_forests,South_Western_Ghats_moist_deciduous_forests   ,0.9556,-0.14253571611580404
Himalayan_subtropical_pine_forests,0.3522823499912356,Himalayan_subtropical_pine_forests,Thar_desert                                   ,0.879,-0.14253571611580404
Himalayan_subtropical_pine_forests,0.3522823499912356,Himalayan_subtropical_pine_forests,Godavari_Krishna_mangroves                    ,0.916,-0.14253571611580404
Himalayan_subtropical_pine_forests,0.3522823499912356,Himalayan_subtropical_pine_forests,North_Tibetan_Plateau_Kunlun_Mountains_alpine_desert,0.8102,-0.14253571611580404
Himalayan_subtropical_pine_forests,0.3522823499912356,Himalayan_subtropical_pine_forests,Himalayan_subtropical_broadleaf_forests       ,0.9735,-0.14253571611580404
Himalayan_subtropical_pine_forests,0.3522823499912356,Himalayan_subtropical_pine_forests,South_Deccan_Plateau_dry_deciduous_forests    ,0.9464,-0.14253571611580404
Himalayan_subtropical_pine_forests,0.3522823499912356,Himalayan_subtropical_pine_forests,Orissa_semi_evergreen_forests                 ,0.9332,-0.14253571611580404
Himalayan_subtropical_pine_forests,0.3522823499912356,Himalayan_subtropical_pine_forests,Sundarbans_freshwater_swamp_forests           ,0.9281,-0.14253571611580404
Himalayan_subtropical_pine_forests,0.3522823499912356,Himalayan_subtropical_pine_forests,Himalayan_subtropical_pine_forests            ,1.0,-0.14253571611580404
East_Deccan_dry_evergreen_forests,0.4800969789480728,East_Deccan_dry_evergreen_forests,Brahmaputra_Valley_semi_evergreen_forests     ,0.8677,-0.14253571611580404
East_Deccan_dry_evergreen_forests,0.4800969789480728,East_Deccan_dry_evergreen_forests,Western_Himalayan_broadleaf_forests           ,0.8881,-0.14253571611580404
East_Deccan_dry_evergreen_forests,0.4800969789480728,East_Deccan_dry_evergreen_forests,Northeast_Himalayan_subalpine_conifer_forests ,0.8012,-0.14253571611580404
East_Deccan_dry_evergreen_forests,0.4800969789480728,East_Deccan_dry_evergreen_forests,South_Western_Ghats_montane_rain_forests      ,0.8884,-0.14253571611580404
East_Deccan_dry_evergreen_forests,0.4800969789480728,East_Deccan_dry_evergreen_forests,Narmada_Valley_dry_deciduous_forests          ,0.9167,-0.14253571611580404
East_Deccan_dry_evergreen_forests,0.4800969789480728,East_Deccan_dry_evergreen_forests,Mizoram_Manipur_Kachin_rain_forests           ,0.9212,-0.14253571611580404
East_Deccan_dry_evergreen_forests,0.4800969789480728,East_Deccan_dry_evergreen_forests,Khathiar_Gir_dry_deciduous_forests            ,0.9229,-0.14253571611580404
East_Deccan_dry_evergreen_forests,0.4800969789480728,East_Deccan_dry_evergreen_forests,Aravalli_west_thorn_scrub_forests             ,0.9318,-0.14253571611580404
East_Deccan_dry_evergreen_forests,0.4800969789480728,East_Deccan_dry_evergreen_forests,Maldives_Lakshadweep_Chagos_Archipelago_tropical_moist_forests,0.7706,-0.14253571611580404
East_Deccan_dry_evergreen_forests,0.4800969789480728,East_Deccan_dry_evergreen_forests,East_Deccan_moist_deciduous_forests           ,0.9574,-0.14253571611580404
East_Deccan_dry_evergreen_forests,0.4800969789480728,East_Deccan_dry_evergreen_forests,East_Deccan_dry_evergreen_forests             ,1.0,-0.14253571611580404
East_Deccan_dry_evergreen_forests,0.4800969789480728,East_Deccan_dry_evergreen_forests,Central_Deccan_Plateau_dry_deciduous_forests  ,0.9519,-0.14253571611580404
East_Deccan_dry_evergreen_forests,0.4800969789480728,East_Deccan_dry_evergreen_forests,Eastern_Himalayan_broadleaf_forests           ,0.9068,-0.14253571611580404
East_Deccan_dry_evergreen_forests,0.4800969789480728,East_Deccan_dry_evergreen_forests,Central_Tibetan_Plateau_alpine_steppe         ,0.7129,-0.14253571611580404
East_Deccan_dry_evergreen_forests,0.4800969789480728,East_Deccan_dry_evergreen_forests,Terai_Duar_savanna_and_grasslands             ,0.9047,-0.14253571611580404
East_Deccan_dry_evergreen_forests,0.4800969789480728,East_Deccan_dry_evergreen_forests,Nicobar_Islands_rain_forests                  ,0.7983,-0.14253571611580404
East_Deccan_dry_evergreen_forests,0.4800969789480728,East_Deccan_dry_evergreen_forests,Eastern_Himalayan_alpine_shrub_and_meadows    ,0.8302,-0.14253571611580404
East_Deccan_dry_evergreen_forests,0.4800969789480728,East_Deccan_dry_evergreen_forests,North_Western_Ghats_montane_rain_forests      ,0.8689,-0.14253571611580404
East_Deccan_dry_evergreen_forests,0.4800969789480728,East_Deccan_dry_evergreen_forests,Chhota_Nagpur_dry_deciduous_forests           ,0.946,-0.14253571611580404
East_Deccan_dry_evergreen_forests,0.4800969789480728,East_Deccan_dry_evergreen_forests,Rann_of_Kutch_seasonal_salt_marsh             ,0.9134,-0.14253571611580404
East_Deccan_dry_evergreen_forests,0.4800969789480728,East_Deccan_dry_evergreen_forests,Northwestern_Himalayan_alpine_shrub_and_meadows,0.7681,-0.14253571611580404
East_Deccan_dry_evergreen_forests,0.4800969789480728,East_Deccan_dry_evergreen_forests,Upper_Gangetic_Plains_moist_deciduous_forests ,0.9521,-0.14253571611580404
East_Deccan_dry_evergreen_forests,0.4800969789480728,East_Deccan_dry_evergreen_forests,North_Deccan_dry_deciduous_forests            ,0.9301,-0.14253571611580404
East_Deccan_dry_evergreen_forests,0.4800969789480728,East_Deccan_dry_evergreen_forests,Northeast_India_Myanmar_pine_forests          ,0.7817,-0.14253571611580404
East_Deccan_dry_evergreen_forests,0.4800969789480728,East_Deccan_dry_evergreen_forests,Sundarbans_mangroves                          ,0.8803,-0.14253571611580404
East_Deccan_dry_evergreen_forests,0.4800969789480728,East_Deccan_dry_evergreen_forests,Karakoram_West_Tibetan_Plateau_alpine_steppe  ,0.7386,-0.14253571611580404
East_Deccan_dry_evergreen_forests,0.4800969789480728,East_Deccan_dry_evergreen_forests,Baluchistan_xeric_woodlands                   ,0.8926,-0.14253571611580404
East_Deccan_dry_evergreen_forests,0.4800969789480728,East_Deccan_dry_evergreen_forests,Indus_River_Delta_Arabian_Sea_mangroves       ,0.9408,-0.14253571611580404
East_Deccan_dry_evergreen_forests,0.4800969789480728,East_Deccan_dry_evergreen_forests,Meghalaya_subtropical_forests                 ,0.905,-0.14253571611580404
East_Deccan_dry_evergreen_forests,0.4800969789480728,East_Deccan_dry_evergreen_forests,Chin_Hills_Arakan_Yoma_montane_forests        ,0.8844,-0.14253571611580404
East_Deccan_dry_evergreen_forests,0.4800969789480728,East_Deccan_dry_evergreen_forests,North_Western_Ghats_moist_deciduous_forests   ,0.9146,-0.14253571611580404
East_Deccan_dry_evergreen_forests,0.4800969789480728,East_Deccan_dry_evergreen_forests,Northern_Triangle_temperate_forests           ,0.7796,-0.14253571611580404
East_Deccan_dry_evergreen_forests,0.4800969789480728,East_Deccan_dry_evergreen_forests,Malabar_Coast_moist_forests                   ,0.8862,-0.14253571611580404
East_Deccan_dry_evergreen_forests,0.4800969789480728,East_Deccan_dry_evergreen_forests,Andaman_Islands_rain_forests                  ,0.8292,-0.14253571611580404
East_Deccan_dry_evergreen_forests,0.4800969789480728,East_Deccan_dry_evergreen_forests,Western_Himalayan_alpine_shrub_and_meadows    ,0.7643,-0.14253571611580404
East_Deccan_dry_evergreen_forests,0.4800969789480728,East_Deccan_dry_evergreen_forests,Eastern_Himalayan_subalpine_conifer_forests   ,0.8531,-0.14253571611580404
East_Deccan_dry_evergreen_forests,0.4800969789480728,East_Deccan_dry_evergreen_forests,Deccan_thorn_scrub_forests                    ,0.9733,-0.14253571611580404
East_Deccan_dry_evergreen_forests,0.4800969789480728,East_Deccan_dry_evergreen_forests,Western_Himalayan_subalpine_conifer_forests   ,0.8918,-0.14253571611580404
East_Deccan_dry_evergreen_forests,0.4800969789480728,East_Deccan_dry_evergreen_forests,Lower_Gangetic_Plains_moist_deciduous_forests ,0.9272,-0.14253571611580404
East_Deccan_dry_evergreen_forests,0.4800969789480728,East_Deccan_dry_evergreen_forests,South_Western_Ghats_moist_deciduous_forests   ,0.9331,-0.14253571611580404
East_Deccan_dry_evergreen_forests,0.4800969789480728,East_Deccan_dry_evergreen_forests,Thar_desert                                   ,0.9078,-0.14253571611580404
East_Deccan_dry_evergreen_forests,0.4800969789480728,East_Deccan_dry_evergreen_forests,Godavari_Krishna_mangroves                    ,0.9886,-0.14253571611580404
East_Deccan_dry_evergreen_forests,0.4800969789480728,East_Deccan_dry_evergreen_forests,North_Tibetan_Plateau_Kunlun_Mountains_alpine_desert,0.7353,-0.14253571611580404
East_Deccan_dry_evergreen_forests,0.4800969789480728,East_Deccan_dry_evergreen_forests,Himalayan_subtropical_broadleaf_forests       ,0.8999,-0.14253571611580404
East_Deccan_dry_evergreen_forests,0.4800969789480728,East_Deccan_dry_evergreen_forests,South_Deccan_Plateau_dry_deciduous_forests    ,0.9705,-0.14253571611580404
East_Deccan_dry_evergreen_forests,0.4800969789480728,East_Deccan_dry_evergreen_forests,Orissa_semi_evergreen_forests                 ,0.9532,-0.14253571611580404
East_Deccan_dry_evergreen_forests,0.4800969789480728,East_Deccan_dry_evergreen_forests,Sundarbans_freshwater_swamp_forests           ,0.8957,-0.14253571611580404
East_Deccan_dry_evergreen_forests,0.4800969789480728,East_Deccan_dry_evergreen_forests,Himalayan_subtropical_pine_forests            ,0.9291,-0.14253571611580404
Malabar_Coast_moist_forests,0.3031289074879247,Malabar_Coast_moist_forests,Brahmaputra_Valley_semi_evergreen_forests     ,0.8034,-0.14253571611580404
Malabar_Coast_moist_forests,0.3031289074879247,Malabar_Coast_moist_forests,Western_Himalayan_broadleaf_forests           ,0.8385,-0.14253571611580404
Malabar_Coast_moist_forests,0.3031289074879247,Malabar_Coast_moist_forests,Northeast_Himalayan_subalpine_conifer_forests ,0.71,-0.14253571611580404
Malabar_Coast_moist_forests,0.3031289074879247,Malabar_Coast_moist_forests,South_Western_Ghats_montane_rain_forests      ,0.9557,-0.14253571611580404
Malabar_Coast_moist_forests,0.3031289074879247,Malabar_Coast_moist_forests,Narmada_Valley_dry_deciduous_forests          ,0.8129,-0.14253571611580404
Malabar_Coast_moist_forests,0.3031289074879247,Malabar_Coast_moist_forests,Mizoram_Manipur_Kachin_rain_forests           ,0.8779,-0.14253571611580404
Malabar_Coast_moist_forests,0.3031289074879247,Malabar_Coast_moist_forests,Khathiar_Gir_dry_deciduous_forests            ,0.8237,-0.14253571611580404
Malabar_Coast_moist_forests,0.3031289074879247,Malabar_Coast_moist_forests,Aravalli_west_thorn_scrub_forests             ,0.8264,-0.14253571611580404
Malabar_Coast_moist_forests,0.3031289074879247,Malabar_Coast_moist_forests,Maldives_Lakshadweep_Chagos_Archipelago_tropical_moist_forests,0.8255,-0.14253571611580404
Malabar_Coast_moist_forests,0.3031289074879247,Malabar_Coast_moist_forests,East_Deccan_moist_deciduous_forests           ,0.866,-0.14253571611580404
Malabar_Coast_moist_forests,0.3031289074879247,Malabar_Coast_moist_forests,East_Deccan_dry_evergreen_forests             ,0.8862,-0.14253571611580404
Malabar_Coast_moist_forests,0.3031289074879247,Malabar_Coast_moist_forests,Central_Deccan_Plateau_dry_deciduous_forests  ,0.8597,-0.14253571611580404
Malabar_Coast_moist_forests,0.3031289074879247,Malabar_Coast_moist_forests,Eastern_Himalayan_broadleaf_forests           ,0.8874,-0.14253571611580404
Malabar_Coast_moist_forests,0.3031289074879247,Malabar_Coast_moist_forests,Central_Tibetan_Plateau_alpine_steppe         ,0.62,-0.14253571611580404
Malabar_Coast_moist_forests,0.3031289074879247,Malabar_Coast_moist_forests,Terai_Duar_savanna_and_grasslands             ,0.8456,-0.14253571611580404
Malabar_Coast_moist_forests,0.3031289074879247,Malabar_Coast_moist_forests,Nicobar_Islands_rain_forests                  ,0.8628,-0.14253571611580404
Malabar_Coast_moist_forests,0.3031289074879247,Malabar_Coast_moist_forests,Eastern_Himalayan_alpine_shrub_and_meadows    ,0.7378,-0.14253571611580404
Malabar_Coast_moist_forests,0.3031289074879247,Malabar_Coast_moist_forests,North_Western_Ghats_montane_rain_forests      ,0.9309,-0.14253571611580404
Malabar_Coast_moist_forests,0.3031289074879247,Malabar_Coast_moist_forests,Chhota_Nagpur_dry_deciduous_forests           ,0.8395,-0.14253571611580404
Malabar_Coast_moist_forests,0.3031289074879247,Malabar_Coast_moist_forests,Rann_of_Kutch_seasonal_salt_marsh             ,0.8038,-0.14253571611580404
Malabar_Coast_moist_forests,0.3031289074879247,Malabar_Coast_moist_forests,Northwestern_Himalayan_alpine_shrub_and_meadows,0.6253,-0.14253571611580404
Malabar_Coast_moist_forests,0.3031289074879247,Malabar_Coast_moist_forests,Upper_Gangetic_Plains_moist_deciduous_forests ,0.8507,-0.14253571611580404
Malabar_Coast_moist_forests,0.3031289074879247,Malabar_Coast_moist_forests,North_Deccan_dry_deciduous_forests            ,0.8175,-0.14253571611580404
Malabar_Coast_moist_forests,0.3031289074879247,Malabar_Coast_moist_forests,Northeast_India_Myanmar_pine_forests          ,0.7348,-0.14253571611580404
Malabar_Coast_moist_forests,0.3031289074879247,Malabar_Coast_moist_forests,Sundarbans_mangroves                          ,0.8225,-0.14253571611580404
Malabar_Coast_moist_forests,0.3031289074879247,Malabar_Coast_moist_forests,Karakoram_West_Tibetan_Plateau_alpine_steppe  ,0.6144,-0.14253571611580404
Malabar_Coast_moist_forests,0.3031289074879247,Malabar_Coast_moist_forests,Baluchistan_xeric_woodlands                   ,0.7812,-0.14253571611580404
Malabar_Coast_moist_forests,0.3031289074879247,Malabar_Coast_moist_forests,Indus_River_Delta_Arabian_Sea_mangroves       ,0.8828,-0.14253571611580404
Malabar_Coast_moist_forests,0.3031289074879247,Malabar_Coast_moist_forests,Meghalaya_subtropical_forests                 ,0.8527,-0.14253571611580404
Malabar_Coast_moist_forests,0.3031289074879247,Malabar_Coast_moist_forests,Chin_Hills_Arakan_Yoma_montane_forests        ,0.8339,-0.14253571611580404
Malabar_Coast_moist_forests,0.3031289074879247,Malabar_Coast_moist_forests,North_Western_Ghats_moist_deciduous_forests   ,0.9428,-0.14253571611580404
Malabar_Coast_moist_forests,0.3031289074879247,Malabar_Coast_moist_forests,Northern_Triangle_temperate_forests           ,0.7661,-0.14253571611580404
Malabar_Coast_moist_forests,0.3031289074879247,Malabar_Coast_moist_forests,Malabar_Coast_moist_forests                   ,1.0,-0.14253571611580404
Malabar_Coast_moist_forests,0.3031289074879247,Malabar_Coast_moist_forests,Andaman_Islands_rain_forests                  ,0.9349,-0.14253571611580404
Malabar_Coast_moist_forests,0.3031289074879247,Malabar_Coast_moist_forests,Western_Himalayan_alpine_shrub_and_meadows    ,0.6955,-0.14253571611580404
Malabar_Coast_moist_forests,0.3031289074879247,Malabar_Coast_moist_forests,Eastern_Himalayan_subalpine_conifer_forests   ,0.7868,-0.14253571611580404
Malabar_Coast_moist_forests,0.3031289074879247,Malabar_Coast_moist_forests,Deccan_thorn_scrub_forests                    ,0.9042,-0.14253571611580404
Malabar_Coast_moist_forests,0.3031289074879247,Malabar_Coast_moist_forests,Western_Himalayan_subalpine_conifer_forests   ,0.8143,-0.14253571611580404
Malabar_Coast_moist_forests,0.3031289074879247,Malabar_Coast_moist_forests,Lower_Gangetic_Plains_moist_deciduous_forests ,0.8772,-0.14253571611580404
Malabar_Coast_moist_forests,0.3031289074879247,Malabar_Coast_moist_forests,South_Western_Ghats_moist_deciduous_forests   ,0.959,-0.14253571611580404
Malabar_Coast_moist_forests,0.3031289074879247,Malabar_Coast_moist_forests,Thar_desert                                   ,0.773,-0.14253571611580404
Malabar_Coast_moist_forests,0.3031289074879247,Malabar_Coast_moist_forests,Godavari_Krishna_mangroves                    ,0.8602,-0.14253571611580404
Malabar_Coast_moist_forests,0.3031289074879247,Malabar_Coast_moist_forests,North_Tibetan_Plateau_Kunlun_Mountains_alpine_desert,0.6344,-0.14253571611580404
Malabar_Coast_moist_forests,0.3031289074879247,Malabar_Coast_moist_forests,Himalayan_subtropical_broadleaf_forests       ,0.8526,-0.14253571611580404
Malabar_Coast_moist_forests,0.3031289074879247,Malabar_Coast_moist_forests,South_Deccan_Plateau_dry_deciduous_forests    ,0.8832,-0.14253571611580404
Malabar_Coast_moist_forests,0.3031289074879247,Malabar_Coast_moist_forests,Orissa_semi_evergreen_forests                 ,0.8339,-0.14253571611580404
Malabar_Coast_moist_forests,0.3031289074879247,Malabar_Coast_moist_forests,Sundarbans_freshwater_swamp_forests           ,0.8154,-0.14253571611580404
Malabar_Coast_moist_forests,0.3031289074879247,Malabar_Coast_moist_forests,Himalayan_subtropical_pine_forests            ,0.9095,-0.14253571611580404
Central_Tibetan_Plateau_alpine_steppe,0.5851725529029215,Central_Tibetan_Plateau_alpine_steppe,Brahmaputra_Valley_semi_evergreen_forests     ,0.7927,-0.14253571611580404
Central_Tibetan_Plateau_alpine_steppe,0.5851725529029215,Central_Tibetan_Plateau_alpine_steppe,Western_Himalayan_broadleaf_forests           ,0.86,-0.14253571611580404
Central_Tibetan_Plateau_alpine_steppe,0.5851725529029215,Central_Tibetan_Plateau_alpine_steppe,Northeast_Himalayan_subalpine_conifer_forests ,0.9835,-0.14253571611580404
Central_Tibetan_Plateau_alpine_steppe,0.5851725529029215,Central_Tibetan_Plateau_alpine_steppe,South_Western_Ghats_montane_rain_forests      ,0.7599,-0.14253571611580404
Central_Tibetan_Plateau_alpine_steppe,0.5851725529029215,Central_Tibetan_Plateau_alpine_steppe,Narmada_Valley_dry_deciduous_forests          ,0.8468,-0.14253571611580404
Central_Tibetan_Plateau_alpine_steppe,0.5851725529029215,Central_Tibetan_Plateau_alpine_steppe,Mizoram_Manipur_Kachin_rain_forests           ,0.8214,-0.14253571611580404
Central_Tibetan_Plateau_alpine_steppe,0.5851725529029215,Central_Tibetan_Plateau_alpine_steppe,Khathiar_Gir_dry_deciduous_forests            ,0.8343,-0.14253571611580404
Central_Tibetan_Plateau_alpine_steppe,0.5851725529029215,Central_Tibetan_Plateau_alpine_steppe,Aravalli_west_thorn_scrub_forests             ,0.8212,-0.14253571611580404
Central_Tibetan_Plateau_alpine_steppe,0.5851725529029215,Central_Tibetan_Plateau_alpine_steppe,Maldives_Lakshadweep_Chagos_Archipelago_tropical_moist_forests,0.3377,-0.14253571611580404
Central_Tibetan_Plateau_alpine_steppe,0.5851725529029215,Central_Tibetan_Plateau_alpine_steppe,East_Deccan_moist_deciduous_forests           ,0.8219,-0.14253571611580404
Central_Tibetan_Plateau_alpine_steppe,0.5851725529029215,Central_Tibetan_Plateau_alpine_steppe,East_Deccan_dry_evergreen_forests             ,0.7129,-0.14253571611580404
Central_Tibetan_Plateau_alpine_steppe,0.5851725529029215,Central_Tibetan_Plateau_alpine_steppe,Central_Deccan_Plateau_dry_deciduous_forests  ,0.8191,-0.14253571611580404
Central_Tibetan_Plateau_alpine_steppe,0.5851725529029215,Central_Tibetan_Plateau_alpine_steppe,Eastern_Himalayan_broadleaf_forests           ,0.8523,-0.14253571611580404
Central_Tibetan_Plateau_alpine_steppe,0.5851725529029215,Central_Tibetan_Plateau_alpine_steppe,Central_Tibetan_Plateau_alpine_steppe         ,1.0,-0.14253571611580404
Central_Tibetan_Plateau_alpine_steppe,0.5851725529029215,Central_Tibetan_Plateau_alpine_steppe,Terai_Duar_savanna_and_grasslands             ,0.7914,-0.14253571611580404
Central_Tibetan_Plateau_alpine_steppe,0.5851725529029215,Central_Tibetan_Plateau_alpine_steppe,Nicobar_Islands_rain_forests                  ,0.3886,-0.14253571611580404
Central_Tibetan_Plateau_alpine_steppe,0.5851725529029215,Central_Tibetan_Plateau_alpine_steppe,Eastern_Himalayan_alpine_shrub_and_meadows    ,0.9658,-0.14253571611580404
Central_Tibetan_Plateau_alpine_steppe,0.5851725529029215,Central_Tibetan_Plateau_alpine_steppe,North_Western_Ghats_montane_rain_forests      ,0.811,-0.14253571611580404
Central_Tibetan_Plateau_alpine_steppe,0.5851725529029215,Central_Tibetan_Plateau_alpine_steppe,Chhota_Nagpur_dry_deciduous_forests           ,0.8345,-0.14253571611580404
Central_Tibetan_Plateau_alpine_steppe,0.5851725529029215,Central_Tibetan_Plateau_alpine_steppe,Rann_of_Kutch_seasonal_salt_marsh             ,0.8041,-0.14253571611580404
Central_Tibetan_Plateau_alpine_steppe,0.5851725529029215,Central_Tibetan_Plateau_alpine_steppe,Northwestern_Himalayan_alpine_shrub_and_meadows,0.9199,-0.14253571611580404
Central_Tibetan_Plateau_alpine_steppe,0.5851725529029215,Central_Tibetan_Plateau_alpine_steppe,Upper_Gangetic_Plains_moist_deciduous_forests ,0.8044,-0.14253571611580404
Central_Tibetan_Plateau_alpine_steppe,0.5851725529029215,Central_Tibetan_Plateau_alpine_steppe,North_Deccan_dry_deciduous_forests            ,0.8224,-0.14253571611580404
Central_Tibetan_Plateau_alpine_steppe,0.5851725529029215,Central_Tibetan_Plateau_alpine_steppe,Northeast_India_Myanmar_pine_forests          ,0.8955,-0.14253571611580404
Central_Tibetan_Plateau_alpine_steppe,0.5851725529029215,Central_Tibetan_Plateau_alpine_steppe,Sundarbans_mangroves                          ,0.7635,-0.14253571611580404
Central_Tibetan_Plateau_alpine_steppe,0.5851725529029215,Central_Tibetan_Plateau_alpine_steppe,Karakoram_West_Tibetan_Plateau_alpine_steppe  ,0.9748,-0.14253571611580404
Central_Tibetan_Plateau_alpine_steppe,0.5851725529029215,Central_Tibetan_Plateau_alpine_steppe,Baluchistan_xeric_woodlands                   ,0.9213,-0.14253571611580404
Central_Tibetan_Plateau_alpine_steppe,0.5851725529029215,Central_Tibetan_Plateau_alpine_steppe,Indus_River_Delta_Arabian_Sea_mangroves       ,0.768,-0.14253571611580404
Central_Tibetan_Plateau_alpine_steppe,0.5851725529029215,Central_Tibetan_Plateau_alpine_steppe,Meghalaya_subtropical_forests                 ,0.8526,-0.14253571611580404
Central_Tibetan_Plateau_alpine_steppe,0.5851725529029215,Central_Tibetan_Plateau_alpine_steppe,Chin_Hills_Arakan_Yoma_montane_forests        ,0.8866,-0.14253571611580404
Central_Tibetan_Plateau_alpine_steppe,0.5851725529029215,Central_Tibetan_Plateau_alpine_steppe,North_Western_Ghats_moist_deciduous_forests   ,0.7869,-0.14253571611580404
Central_Tibetan_Plateau_alpine_steppe,0.5851725529029215,Central_Tibetan_Plateau_alpine_steppe,Northern_Triangle_temperate_forests           ,0.8819,-0.14253571611580404
Central_Tibetan_Plateau_alpine_steppe,0.5851725529029215,Central_Tibetan_Plateau_alpine_steppe,Malabar_Coast_moist_forests                   ,0.62,-0.14253571611580404
Central_Tibetan_Plateau_alpine_steppe,0.5851725529029215,Central_Tibetan_Plateau_alpine_steppe,Andaman_Islands_rain_forests                  ,0.4522,-0.14253571611580404
Central_Tibetan_Plateau_alpine_steppe,0.5851725529029215,Central_Tibetan_Plateau_alpine_steppe,Western_Himalayan_alpine_shrub_and_meadows    ,0.9569,-0.14253571611580404
Central_Tibetan_Plateau_alpine_steppe,0.5851725529029215,Central_Tibetan_Plateau_alpine_steppe,Eastern_Himalayan_subalpine_conifer_forests   ,0.9526,-0.14253571611580404
Central_Tibetan_Plateau_alpine_steppe,0.5851725529029215,Central_Tibetan_Plateau_alpine_steppe,Deccan_thorn_scrub_forests                    ,0.7791,-0.14253571611580404
Central_Tibetan_Plateau_alpine_steppe,0.5851725529029215,Central_Tibetan_Plateau_alpine_steppe,Western_Himalayan_subalpine_conifer_forests   ,0.8818,-0.14253571611580404
Central_Tibetan_Plateau_alpine_steppe,0.5851725529029215,Central_Tibetan_Plateau_alpine_steppe,Lower_Gangetic_Plains_moist_deciduous_forests ,0.7902,-0.14253571611580404
Central_Tibetan_Plateau_alpine_steppe,0.5851725529029215,Central_Tibetan_Plateau_alpine_steppe,South_Western_Ghats_moist_deciduous_forests   ,0.7376,-0.14253571611580404
Central_Tibetan_Plateau_alpine_steppe,0.5851725529029215,Central_Tibetan_Plateau_alpine_steppe,Thar_desert                                   ,0.7857,-0.14253571611580404
Central_Tibetan_Plateau_alpine_steppe,0.5851725529029215,Central_Tibetan_Plateau_alpine_steppe,Godavari_Krishna_mangroves                    ,0.7297,-0.14253571611580404
Central_Tibetan_Plateau_alpine_steppe,0.5851725529029215,Central_Tibetan_Plateau_alpine_steppe,North_Tibetan_Plateau_Kunlun_Mountains_alpine_desert,0.9965,-0.14253571611580404
Central_Tibetan_Plateau_alpine_steppe,0.5851725529029215,Central_Tibetan_Plateau_alpine_steppe,Himalayan_subtropical_broadleaf_forests       ,0.8652,-0.14253571611580404
Central_Tibetan_Plateau_alpine_steppe,0.5851725529029215,Central_Tibetan_Plateau_alpine_steppe,South_Deccan_Plateau_dry_deciduous_forests    ,0.8157,-0.14253571611580404
Central_Tibetan_Plateau_alpine_steppe,0.5851725529029215,Central_Tibetan_Plateau_alpine_steppe,Orissa_semi_evergreen_forests                 ,0.7579,-0.14253571611580404
Central_Tibetan_Plateau_alpine_steppe,0.5851725529029215,Central_Tibetan_Plateau_alpine_steppe,Sundarbans_freshwater_swamp_forests           ,0.787,-0.14253571611580404
Central_Tibetan_Plateau_alpine_steppe,0.5851725529029215,Central_Tibetan_Plateau_alpine_steppe,Himalayan_subtropical_pine_forests            ,0.8105,-0.14253571611580404
Meghalaya_subtropical_forests,0.4338092410780124,Meghalaya_subtropical_forests,Brahmaputra_Valley_semi_evergreen_forests     ,0.9815,-0.14253571611580404
Meghalaya_subtropical_forests,0.4338092410780124,Meghalaya_subtropical_forests,Western_Himalayan_broadleaf_forests           ,0.943,-0.14253571611580404
Meghalaya_subtropical_forests,0.4338092410780124,Meghalaya_subtropical_forests,Northeast_Himalayan_subalpine_conifer_forests ,0.9185,-0.14253571611580404
Meghalaya_subtropical_forests,0.4338092410780124,Meghalaya_subtropical_forests,South_Western_Ghats_montane_rain_forests      ,0.9015,-0.14253571611580404
Meghalaya_subtropical_forests,0.4338092410780124,Meghalaya_subtropical_forests,Narmada_Valley_dry_deciduous_forests          ,0.9397,-0.14253571611580404
Meghalaya_subtropical_forests,0.4338092410780124,Meghalaya_subtropical_forests,Mizoram_Manipur_Kachin_rain_forests           ,0.988,-0.14253571611580404
Meghalaya_subtropical_forests,0.4338092410780124,Meghalaya_subtropical_forests,Khathiar_Gir_dry_deciduous_forests            ,0.9363,-0.14253571611580404
Meghalaya_subtropical_forests,0.4338092410780124,Meghalaya_subtropical_forests,Aravalli_west_thorn_scrub_forests             ,0.9411,-0.14253571611580404
Meghalaya_subtropical_forests,0.4338092410780124,Meghalaya_subtropical_forests,Maldives_Lakshadweep_Chagos_Archipelago_tropical_moist_forests,0.6147,-0.14253571611580404
Meghalaya_subtropical_forests,0.4338092410780124,Meghalaya_subtropical_forests,East_Deccan_moist_deciduous_forests           ,0.9559,-0.14253571611580404
Meghalaya_subtropical_forests,0.4338092410780124,Meghalaya_subtropical_forests,East_Deccan_dry_evergreen_forests             ,0.905,-0.14253571611580404
Meghalaya_subtropical_forests,0.4338092410780124,Meghalaya_subtropical_forests,Central_Deccan_Plateau_dry_deciduous_forests  ,0.9463,-0.14253571611580404
Meghalaya_subtropical_forests,0.4338092410780124,Meghalaya_subtropical_forests,Eastern_Himalayan_broadleaf_forests           ,0.9829,-0.14253571611580404
Meghalaya_subtropical_forests,0.4338092410780124,Meghalaya_subtropical_forests,Central_Tibetan_Plateau_alpine_steppe         ,0.8526,-0.14253571611580404
Meghalaya_subtropical_forests,0.4338092410780124,Meghalaya_subtropical_forests,Terai_Duar_savanna_and_grasslands             ,0.9674,-0.14253571611580404
Meghalaya_subtropical_forests,0.4338092410780124,Meghalaya_subtropical_forests,Nicobar_Islands_rain_forests                  ,0.6677,-0.14253571611580404
Meghalaya_subtropical_forests,0.4338092410780124,Meghalaya_subtropical_forests,Eastern_Himalayan_alpine_shrub_and_meadows    ,0.9273,-0.14253571611580404
Meghalaya_subtropical_forests,0.4338092410780124,Meghalaya_subtropical_forests,North_Western_Ghats_montane_rain_forests      ,0.9255,-0.14253571611580404
Meghalaya_subtropical_forests,0.4338092410780124,Meghalaya_subtropical_forests,Chhota_Nagpur_dry_deciduous_forests           ,0.9603,-0.14253571611580404
Meghalaya_subtropical_forests,0.4338092410780124,Meghalaya_subtropical_forests,Rann_of_Kutch_seasonal_salt_marsh             ,0.9195,-0.14253571611580404
Meghalaya_subtropical_forests,0.4338092410780124,Meghalaya_subtropical_forests,Northwestern_Himalayan_alpine_shrub_and_meadows,0.868,-0.14253571611580404
Meghalaya_subtropical_forests,0.4338092410780124,Meghalaya_subtropical_forests,Upper_Gangetic_Plains_moist_deciduous_forests ,0.9483,-0.14253571611580404
Meghalaya_subtropical_forests,0.4338092410780124,Meghalaya_subtropical_forests,North_Deccan_dry_deciduous_forests            ,0.9596,-0.14253571611580404
Meghalaya_subtropical_forests,0.4338092410780124,Meghalaya_subtropical_forests,Northeast_India_Myanmar_pine_forests          ,0.941,-0.14253571611580404
Meghalaya_subtropical_forests,0.4338092410780124,Meghalaya_subtropical_forests,Sundarbans_mangroves                          ,0.968,-0.14253571611580404
Meghalaya_subtropical_forests,0.4338092410780124,Meghalaya_subtropical_forests,Karakoram_West_Tibetan_Plateau_alpine_steppe  ,0.8595,-0.14253571611580404
Meghalaya_subtropical_forests,0.4338092410780124,Meghalaya_subtropical_forests,Baluchistan_xeric_woodlands                   ,0.9335,-0.14253571611580404
Meghalaya_subtropical_forests,0.4338092410780124,Meghalaya_subtropical_forests,Indus_River_Delta_Arabian_Sea_mangroves       ,0.8972,-0.14253571611580404
Meghalaya_subtropical_forests,0.4338092410780124,Meghalaya_subtropical_forests,Meghalaya_subtropical_forests                 ,1.0,-0.14253571611580404
Meghalaya_subtropical_forests,0.4338092410780124,Meghalaya_subtropical_forests,Chin_Hills_Arakan_Yoma_montane_forests        ,0.9694,-0.14253571611580404
Meghalaya_subtropical_forests,0.4338092410780124,Meghalaya_subtropical_forests,North_Western_Ghats_moist_deciduous_forests   ,0.9357,-0.14253571611580404
Meghalaya_subtropical_forests,0.4338092410780124,Meghalaya_subtropical_forests,Northern_Triangle_temperate_forests           ,0.9469,-0.14253571611580404
Meghalaya_subtropical_forests,0.4338092410780124,Meghalaya_subtropical_forests,Malabar_Coast_moist_forests                   ,0.8527,-0.14253571611580404
Meghalaya_subtropical_forests,0.4338092410780124,Meghalaya_subtropical_forests,Andaman_Islands_rain_forests                  ,0.7485,-0.14253571611580404
Meghalaya_subtropical_forests,0.4338092410780124,Meghalaya_subtropical_forests,Western_Himalayan_alpine_shrub_and_meadows    ,0.8868,-0.14253571611580404
Meghalaya_subtropical_forests,0.4338092410780124,Meghalaya_subtropical_forests,Eastern_Himalayan_subalpine_conifer_forests   ,0.9605,-0.14253571611580404
Meghalaya_subtropical_forests,0.4338092410780124,Meghalaya_subtropical_forests,Deccan_thorn_scrub_forests                    ,0.9201,-0.14253571611580404
Meghalaya_subtropical_forests,0.4338092410780124,Meghalaya_subtropical_forests,Western_Himalayan_subalpine_conifer_forests   ,0.9452,-0.14253571611580404
Meghalaya_subtropical_forests,0.4338092410780124,Meghalaya_subtropical_forests,Lower_Gangetic_Plains_moist_deciduous_forests ,0.9708,-0.14253571611580404
Meghalaya_subtropical_forests,0.4338092410780124,Meghalaya_subtropical_forests,South_Western_Ghats_moist_deciduous_forests   ,0.8973,-0.14253571611580404
Meghalaya_subtropical_forests,0.4338092410780124,Meghalaya_subtropical_forests,Thar_desert                                   ,0.9063,-0.14253571611580404
Meghalaya_subtropical_forests,0.4338092410780124,Meghalaya_subtropical_forests,Godavari_Krishna_mangroves                    ,0.9156,-0.14253571611580404
Meghalaya_subtropical_forests,0.4338092410780124,Meghalaya_subtropical_forests,North_Tibetan_Plateau_Kunlun_Mountains_alpine_desert,0.858,-0.14253571611580404
Meghalaya_subtropical_forests,0.4338092410780124,Meghalaya_subtropical_forests,Himalayan_subtropical_broadleaf_forests       ,0.9834,-0.14253571611580404
Meghalaya_subtropical_forests,0.4338092410780124,Meghalaya_subtropical_forests,South_Deccan_Plateau_dry_deciduous_forests    ,0.9303,-0.14253571611580404
Meghalaya_subtropical_forests,0.4338092410780124,Meghalaya_subtropical_forests,Orissa_semi_evergreen_forests                 ,0.95,-0.14253571611580404
Meghalaya_subtropical_forests,0.4338092410780124,Meghalaya_subtropical_forests,Sundarbans_freshwater_swamp_forests           ,0.9686,-0.14253571611580404
Meghalaya_subtropical_forests,0.4338092410780124,Meghalaya_subtropical_forests,Himalayan_subtropical_pine_forests            ,0.965,-0.14253571611580404
Lower_Gangetic_Plains_moist_deciduous_forests,0.1570753627312947,Lower_Gangetic_Plains_moist_deciduous_forests,Brahmaputra_Valley_semi_evergreen_forests     ,0.9585,-0.14253571611580404
Lower_Gangetic_Plains_moist_deciduous_forests,0.1570753627312947,Lower_Gangetic_Plains_moist_deciduous_forests,Western_Himalayan_broadleaf_forests           ,0.9086,-0.14253571611580404
Lower_Gangetic_Plains_moist_deciduous_forests,0.1570753627312947,Lower_Gangetic_Plains_moist_deciduous_forests,Northeast_Himalayan_subalpine_conifer_forests ,0.8633,-0.14253571611580404
Lower_Gangetic_Plains_moist_deciduous_forests,0.1570753627312947,Lower_Gangetic_Plains_moist_deciduous_forests,South_Western_Ghats_montane_rain_forests      ,0.8942,-0.14253571611580404
Lower_Gangetic_Plains_moist_deciduous_forests,0.1570753627312947,Lower_Gangetic_Plains_moist_deciduous_forests,Narmada_Valley_dry_deciduous_forests          ,0.9529,-0.14253571611580404
Lower_Gangetic_Plains_moist_deciduous_forests,0.1570753627312947,Lower_Gangetic_Plains_moist_deciduous_forests,Mizoram_Manipur_Kachin_rain_forests           ,0.9728,-0.14253571611580404
Lower_Gangetic_Plains_moist_deciduous_forests,0.1570753627312947,Lower_Gangetic_Plains_moist_deciduous_forests,Khathiar_Gir_dry_deciduous_forests            ,0.9605,-0.14253571611580404
Lower_Gangetic_Plains_moist_deciduous_forests,0.1570753627312947,Lower_Gangetic_Plains_moist_deciduous_forests,Aravalli_west_thorn_scrub_forests             ,0.9774,-0.14253571611580404
Lower_Gangetic_Plains_moist_deciduous_forests,0.1570753627312947,Lower_Gangetic_Plains_moist_deciduous_forests,Maldives_Lakshadweep_Chagos_Archipelago_tropical_moist_forests,0.6287,-0.14253571611580404
Lower_Gangetic_Plains_moist_deciduous_forests,0.1570753627312947,Lower_Gangetic_Plains_moist_deciduous_forests,East_Deccan_moist_deciduous_forests           ,0.9782,-0.14253571611580404
Lower_Gangetic_Plains_moist_deciduous_forests,0.1570753627312947,Lower_Gangetic_Plains_moist_deciduous_forests,East_Deccan_dry_evergreen_forests             ,0.9272,-0.14253571611580404
Lower_Gangetic_Plains_moist_deciduous_forests,0.1570753627312947,Lower_Gangetic_Plains_moist_deciduous_forests,Central_Deccan_Plateau_dry_deciduous_forests  ,0.9668,-0.14253571611580404
Lower_Gangetic_Plains_moist_deciduous_forests,0.1570753627312947,Lower_Gangetic_Plains_moist_deciduous_forests,Eastern_Himalayan_broadleaf_forests           ,0.9558,-0.14253571611580404
Lower_Gangetic_Plains_moist_deciduous_forests,0.1570753627312947,Lower_Gangetic_Plains_moist_deciduous_forests,Central_Tibetan_Plateau_alpine_steppe         ,0.7902,-0.14253571611580404
Lower_Gangetic_Plains_moist_deciduous_forests,0.1570753627312947,Lower_Gangetic_Plains_moist_deciduous_forests,Terai_Duar_savanna_and_grasslands             ,0.986,-0.14253571611580404
Lower_Gangetic_Plains_moist_deciduous_forests,0.1570753627312947,Lower_Gangetic_Plains_moist_deciduous_forests,Nicobar_Islands_rain_forests                  ,0.694,-0.14253571611580404
Lower_Gangetic_Plains_moist_deciduous_forests,0.1570753627312947,Lower_Gangetic_Plains_moist_deciduous_forests,Eastern_Himalayan_alpine_shrub_and_meadows    ,0.8805,-0.14253571611580404
Lower_Gangetic_Plains_moist_deciduous_forests,0.1570753627312947,Lower_Gangetic_Plains_moist_deciduous_forests,North_Western_Ghats_montane_rain_forests      ,0.9241,-0.14253571611580404
Lower_Gangetic_Plains_moist_deciduous_forests,0.1570753627312947,Lower_Gangetic_Plains_moist_deciduous_forests,Chhota_Nagpur_dry_deciduous_forests           ,0.979,-0.14253571611580404
Lower_Gangetic_Plains_moist_deciduous_forests,0.1570753627312947,Lower_Gangetic_Plains_moist_deciduous_forests,Rann_of_Kutch_seasonal_salt_marsh             ,0.9647,-0.14253571611580404
Lower_Gangetic_Plains_moist_deciduous_forests,0.1570753627312947,Lower_Gangetic_Plains_moist_deciduous_forests,Northwestern_Himalayan_alpine_shrub_and_meadows,0.7837,-0.14253571611580404
Lower_Gangetic_Plains_moist_deciduous_forests,0.1570753627312947,Lower_Gangetic_Plains_moist_deciduous_forests,Upper_Gangetic_Plains_moist_deciduous_forests ,0.975,-0.14253571611580404
Lower_Gangetic_Plains_moist_deciduous_forests,0.1570753627312947,Lower_Gangetic_Plains_moist_deciduous_forests,North_Deccan_dry_deciduous_forests            ,0.9785,-0.14253571611580404
Lower_Gangetic_Plains_moist_deciduous_forests,0.1570753627312947,Lower_Gangetic_Plains_moist_deciduous_forests,Northeast_India_Myanmar_pine_forests          ,0.8862,-0.14253571611580404
Lower_Gangetic_Plains_moist_deciduous_forests,0.1570753627312947,Lower_Gangetic_Plains_moist_deciduous_forests,Sundarbans_mangroves                          ,0.9618,-0.14253571611580404
Lower_Gangetic_Plains_moist_deciduous_forests,0.1570753627312947,Lower_Gangetic_Plains_moist_deciduous_forests,Karakoram_West_Tibetan_Plateau_alpine_steppe  ,0.7821,-0.14253571611580404
Lower_Gangetic_Plains_moist_deciduous_forests,0.1570753627312947,Lower_Gangetic_Plains_moist_deciduous_forests,Baluchistan_xeric_woodlands                   ,0.9117,-0.14253571611580404
Lower_Gangetic_Plains_moist_deciduous_forests,0.1570753627312947,Lower_Gangetic_Plains_moist_deciduous_forests,Indus_River_Delta_Arabian_Sea_mangroves       ,0.9545,-0.14253571611580404
Lower_Gangetic_Plains_moist_deciduous_forests,0.1570753627312947,Lower_Gangetic_Plains_moist_deciduous_forests,Meghalaya_subtropical_forests                 ,0.9708,-0.14253571611580404
Lower_Gangetic_Plains_moist_deciduous_forests,0.1570753627312947,Lower_Gangetic_Plains_moist_deciduous_forests,Chin_Hills_Arakan_Yoma_montane_forests        ,0.9495,-0.14253571611580404
Lower_Gangetic_Plains_moist_deciduous_forests,0.1570753627312947,Lower_Gangetic_Plains_moist_deciduous_forests,North_Western_Ghats_moist_deciduous_forests   ,0.9519,-0.14253571611580404
Lower_Gangetic_Plains_moist_deciduous_forests,0.1570753627312947,Lower_Gangetic_Plains_moist_deciduous_forests,Northern_Triangle_temperate_forests           ,0.8733,-0.14253571611580404
Lower_Gangetic_Plains_moist_deciduous_forests,0.1570753627312947,Lower_Gangetic_Plains_moist_deciduous_forests,Malabar_Coast_moist_forests                   ,0.8772,-0.14253571611580404
Lower_Gangetic_Plains_moist_deciduous_forests,0.1570753627312947,Lower_Gangetic_Plains_moist_deciduous_forests,Andaman_Islands_rain_forests                  ,0.7762,-0.14253571611580404
Lower_Gangetic_Plains_moist_deciduous_forests,0.1570753627312947,Lower_Gangetic_Plains_moist_deciduous_forests,Western_Himalayan_alpine_shrub_and_meadows    ,0.8151,-0.14253571611580404
Lower_Gangetic_Plains_moist_deciduous_forests,0.1570753627312947,Lower_Gangetic_Plains_moist_deciduous_forests,Eastern_Himalayan_subalpine_conifer_forests   ,0.9174,-0.14253571611580404
Lower_Gangetic_Plains_moist_deciduous_forests,0.1570753627312947,Lower_Gangetic_Plains_moist_deciduous_forests,Deccan_thorn_scrub_forests                    ,0.9517,-0.14253571611580404
Lower_Gangetic_Plains_moist_deciduous_forests,0.1570753627312947,Lower_Gangetic_Plains_moist_deciduous_forests,Western_Himalayan_subalpine_conifer_forests   ,0.9108,-0.14253571611580404
Lower_Gangetic_Plains_moist_deciduous_forests,0.1570753627312947,Lower_Gangetic_Plains_moist_deciduous_forests,Lower_Gangetic_Plains_moist_deciduous_forests ,1.0,-0.14253571611580404
Lower_Gangetic_Plains_moist_deciduous_forests,0.1570753627312947,Lower_Gangetic_Plains_moist_deciduous_forests,South_Western_Ghats_moist_deciduous_forests   ,0.9041,-0.14253571611580404
Lower_Gangetic_Plains_moist_deciduous_forests,0.1570753627312947,Lower_Gangetic_Plains_moist_deciduous_forests,Thar_desert                                   ,0.9536,-0.14253571611580404
Lower_Gangetic_Plains_moist_deciduous_forests,0.1570753627312947,Lower_Gangetic_Plains_moist_deciduous_forests,Godavari_Krishna_mangroves                    ,0.9429,-0.14253571611580404
Lower_Gangetic_Plains_moist_deciduous_forests,0.1570753627312947,Lower_Gangetic_Plains_moist_deciduous_forests,North_Tibetan_Plateau_Kunlun_Mountains_alpine_desert,0.8018,-0.14253571611580404
Lower_Gangetic_Plains_moist_deciduous_forests,0.1570753627312947,Lower_Gangetic_Plains_moist_deciduous_forests,Himalayan_subtropical_broadleaf_forests       ,0.974,-0.14253571611580404
Lower_Gangetic_Plains_moist_deciduous_forests,0.1570753627312947,Lower_Gangetic_Plains_moist_deciduous_forests,South_Deccan_Plateau_dry_deciduous_forests    ,0.9387,-0.14253571611580404
Lower_Gangetic_Plains_moist_deciduous_forests,0.1570753627312947,Lower_Gangetic_Plains_moist_deciduous_forests,Orissa_semi_evergreen_forests                 ,0.9792,-0.14253571611580404
Lower_Gangetic_Plains_moist_deciduous_forests,0.1570753627312947,Lower_Gangetic_Plains_moist_deciduous_forests,Sundarbans_freshwater_swamp_forests           ,0.9807,-0.14253571611580404
Lower_Gangetic_Plains_moist_deciduous_forests,0.1570753627312947,Lower_Gangetic_Plains_moist_deciduous_forests,Himalayan_subtropical_pine_forests            ,0.9563,-0.14253571611580404
Central_Deccan_Plateau_dry_deciduous_forests,0.2478629189630761,Central_Deccan_Plateau_dry_deciduous_forests,Brahmaputra_Valley_semi_evergreen_forests     ,0.9032,-0.14253571611580404
Central_Deccan_Plateau_dry_deciduous_forests,0.2478629189630761,Central_Deccan_Plateau_dry_deciduous_forests,Western_Himalayan_broadleaf_forests           ,0.8964,-0.14253571611580404
Central_Deccan_Plateau_dry_deciduous_forests,0.2478629189630761,Central_Deccan_Plateau_dry_deciduous_forests,Northeast_Himalayan_subalpine_conifer_forests ,0.8842,-0.14253571611580404
Central_Deccan_Plateau_dry_deciduous_forests,0.2478629189630761,Central_Deccan_Plateau_dry_deciduous_forests,South_Western_Ghats_montane_rain_forests      ,0.8808,-0.14253571611580404
Central_Deccan_Plateau_dry_deciduous_forests,0.2478629189630761,Central_Deccan_Plateau_dry_deciduous_forests,Narmada_Valley_dry_deciduous_forests          ,0.982,-0.14253571611580404
Central_Deccan_Plateau_dry_deciduous_forests,0.2478629189630761,Central_Deccan_Plateau_dry_deciduous_forests,Mizoram_Manipur_Kachin_rain_forests           ,0.9386,-0.14253571611580404
Central_Deccan_Plateau_dry_deciduous_forests,0.2478629189630761,Central_Deccan_Plateau_dry_deciduous_forests,Khathiar_Gir_dry_deciduous_forests            ,0.986,-0.14253571611580404
Central_Deccan_Plateau_dry_deciduous_forests,0.2478629189630761,Central_Deccan_Plateau_dry_deciduous_forests,Aravalli_west_thorn_scrub_forests             ,0.9804,-0.14253571611580404
Central_Deccan_Plateau_dry_deciduous_forests,0.2478629189630761,Central_Deccan_Plateau_dry_deciduous_forests,Maldives_Lakshadweep_Chagos_Archipelago_tropical_moist_forests,0.6443,-0.14253571611580404
Central_Deccan_Plateau_dry_deciduous_forests,0.2478629189630761,Central_Deccan_Plateau_dry_deciduous_forests,East_Deccan_moist_deciduous_forests           ,0.9907,-0.14253571611580404
Central_Deccan_Plateau_dry_deciduous_forests,0.2478629189630761,Central_Deccan_Plateau_dry_deciduous_forests,East_Deccan_dry_evergreen_forests             ,0.9519,-0.14253571611580404
Central_Deccan_Plateau_dry_deciduous_forests,0.2478629189630761,Central_Deccan_Plateau_dry_deciduous_forests,Central_Deccan_Plateau_dry_deciduous_forests  ,1.0,-0.14253571611580404
Central_Deccan_Plateau_dry_deciduous_forests,0.2478629189630761,Central_Deccan_Plateau_dry_deciduous_forests,Eastern_Himalayan_broadleaf_forests           ,0.9296,-0.14253571611580404
Central_Deccan_Plateau_dry_deciduous_forests,0.2478629189630761,Central_Deccan_Plateau_dry_deciduous_forests,Central_Tibetan_Plateau_alpine_steppe         ,0.8191,-0.14253571611580404
Central_Deccan_Plateau_dry_deciduous_forests,0.2478629189630761,Central_Deccan_Plateau_dry_deciduous_forests,Terai_Duar_savanna_and_grasslands             ,0.9428,-0.14253571611580404
Central_Deccan_Plateau_dry_deciduous_forests,0.2478629189630761,Central_Deccan_Plateau_dry_deciduous_forests,Nicobar_Islands_rain_forests                  ,0.6674,-0.14253571611580404
Central_Deccan_Plateau_dry_deciduous_forests,0.2478629189630761,Central_Deccan_Plateau_dry_deciduous_forests,Eastern_Himalayan_alpine_shrub_and_meadows    ,0.9129,-0.14253571611580404
Central_Deccan_Plateau_dry_deciduous_forests,0.2478629189630761,Central_Deccan_Plateau_dry_deciduous_forests,North_Western_Ghats_montane_rain_forests      ,0.9254,-0.14253571611580404
Central_Deccan_Plateau_dry_deciduous_forests,0.2478629189630761,Central_Deccan_Plateau_dry_deciduous_forests,Chhota_Nagpur_dry_deciduous_forests           ,0.987,-0.14253571611580404
Central_Deccan_Plateau_dry_deciduous_forests,0.2478629189630761,Central_Deccan_Plateau_dry_deciduous_forests,Rann_of_Kutch_seasonal_salt_marsh             ,0.9752,-0.14253571611580404
Central_Deccan_Plateau_dry_deciduous_forests,0.2478629189630761,Central_Deccan_Plateau_dry_deciduous_forests,Northwestern_Himalayan_alpine_shrub_and_meadows,0.8091,-0.14253571611580404
Central_Deccan_Plateau_dry_deciduous_forests,0.2478629189630761,Central_Deccan_Plateau_dry_deciduous_forests,Upper_Gangetic_Plains_moist_deciduous_forests ,0.98,-0.14253571611580404
Central_Deccan_Plateau_dry_deciduous_forests,0.2478629189630761,Central_Deccan_Plateau_dry_deciduous_forests,North_Deccan_dry_deciduous_forests            ,0.976,-0.14253571611580404
Central_Deccan_Plateau_dry_deciduous_forests,0.2478629189630761,Central_Deccan_Plateau_dry_deciduous_forests,Northeast_India_Myanmar_pine_forests          ,0.8343,-0.14253571611580404
Central_Deccan_Plateau_dry_deciduous_forests,0.2478629189630761,Central_Deccan_Plateau_dry_deciduous_forests,Sundarbans_mangroves                          ,0.9317,-0.14253571611580404
Central_Deccan_Plateau_dry_deciduous_forests,0.2478629189630761,Central_Deccan_Plateau_dry_deciduous_forests,Karakoram_West_Tibetan_Plateau_alpine_steppe  ,0.8239,-0.14253571611580404
Central_Deccan_Plateau_dry_deciduous_forests,0.2478629189630761,Central_Deccan_Plateau_dry_deciduous_forests,Baluchistan_xeric_woodlands                   ,0.9547,-0.14253571611580404
Central_Deccan_Plateau_dry_deciduous_forests,0.2478629189630761,Central_Deccan_Plateau_dry_deciduous_forests,Indus_River_Delta_Arabian_Sea_mangroves       ,0.9659,-0.14253571611580404
Central_Deccan_Plateau_dry_deciduous_forests,0.2478629189630761,Central_Deccan_Plateau_dry_deciduous_forests,Meghalaya_subtropical_forests                 ,0.9463,-0.14253571611580404
Central_Deccan_Plateau_dry_deciduous_forests,0.2478629189630761,Central_Deccan_Plateau_dry_deciduous_forests,Chin_Hills_Arakan_Yoma_montane_forests        ,0.9217,-0.14253571611580404
Central_Deccan_Plateau_dry_deciduous_forests,0.2478629189630761,Central_Deccan_Plateau_dry_deciduous_forests,North_Western_Ghats_moist_deciduous_forests   ,0.9551,-0.14253571611580404
Central_Deccan_Plateau_dry_deciduous_forests,0.2478629189630761,Central_Deccan_Plateau_dry_deciduous_forests,Northern_Triangle_temperate_forests           ,0.8338,-0.14253571611580404
Central_Deccan_Plateau_dry_deciduous_forests,0.2478629189630761,Central_Deccan_Plateau_dry_deciduous_forests,Malabar_Coast_moist_forests                   ,0.8597,-0.14253571611580404
Central_Deccan_Plateau_dry_deciduous_forests,0.2478629189630761,Central_Deccan_Plateau_dry_deciduous_forests,Andaman_Islands_rain_forests                  ,0.7351,-0.14253571611580404
Central_Deccan_Plateau_dry_deciduous_forests,0.2478629189630761,Central_Deccan_Plateau_dry_deciduous_forests,Western_Himalayan_alpine_shrub_and_meadows    ,0.8279,-0.14253571611580404
Central_Deccan_Plateau_dry_deciduous_forests,0.2478629189630761,Central_Deccan_Plateau_dry_deciduous_forests,Eastern_Himalayan_subalpine_conifer_forests   ,0.9179,-0.14253571611580404
Central_Deccan_Plateau_dry_deciduous_forests,0.2478629189630761,Central_Deccan_Plateau_dry_deciduous_forests,Deccan_thorn_scrub_forests                    ,0.9825,-0.14253571611580404
Central_Deccan_Plateau_dry_deciduous_forests,0.2478629189630761,Central_Deccan_Plateau_dry_deciduous_forests,Western_Himalayan_subalpine_conifer_forests   ,0.908,-0.14253571611580404
Central_Deccan_Plateau_dry_deciduous_forests,0.2478629189630761,Central_Deccan_Plateau_dry_deciduous_forests,Lower_Gangetic_Plains_moist_deciduous_forests ,0.9668,-0.14253571611580404
Central_Deccan_Plateau_dry_deciduous_forests,0.2478629189630761,Central_Deccan_Plateau_dry_deciduous_forests,South_Western_Ghats_moist_deciduous_forests   ,0.9088,-0.14253571611580404
Central_Deccan_Plateau_dry_deciduous_forests,0.2478629189630761,Central_Deccan_Plateau_dry_deciduous_forests,Thar_desert                                   ,0.9507,-0.14253571611580404
Central_Deccan_Plateau_dry_deciduous_forests,0.2478629189630761,Central_Deccan_Plateau_dry_deciduous_forests,Godavari_Krishna_mangroves                    ,0.9576,-0.14253571611580404
Central_Deccan_Plateau_dry_deciduous_forests,0.2478629189630761,Central_Deccan_Plateau_dry_deciduous_forests,North_Tibetan_Plateau_Kunlun_Mountains_alpine_desert,0.8398,-0.14253571611580404
Central_Deccan_Plateau_dry_deciduous_forests,0.2478629189630761,Central_Deccan_Plateau_dry_deciduous_forests,Himalayan_subtropical_broadleaf_forests       ,0.94,-0.14253571611580404
Central_Deccan_Plateau_dry_deciduous_forests,0.2478629189630761,Central_Deccan_Plateau_dry_deciduous_forests,South_Deccan_Plateau_dry_deciduous_forests    ,0.9725,-0.14253571611580404
Central_Deccan_Plateau_dry_deciduous_forests,0.2478629189630761,Central_Deccan_Plateau_dry_deciduous_forests,Orissa_semi_evergreen_forests                 ,0.9635,-0.14253571611580404
Central_Deccan_Plateau_dry_deciduous_forests,0.2478629189630761,Central_Deccan_Plateau_dry_deciduous_forests,Sundarbans_freshwater_swamp_forests           ,0.9576,-0.14253571611580404
Central_Deccan_Plateau_dry_deciduous_forests,0.2478629189630761,Central_Deccan_Plateau_dry_deciduous_forests,Himalayan_subtropical_pine_forests            ,0.9322,-0.14253571611580404
Eastern_Himalayan_alpine_shrub_and_meadows,0.6705504935523335,Eastern_Himalayan_alpine_shrub_and_meadows,Brahmaputra_Valley_semi_evergreen_forests     ,0.8767,-0.14253571611580404
Eastern_Himalayan_alpine_shrub_and_meadows,0.6705504935523335,Eastern_Himalayan_alpine_shrub_and_meadows,Western_Himalayan_broadleaf_forests           ,0.9176,-0.14253571611580404
Eastern_Himalayan_alpine_shrub_and_meadows,0.6705504935523335,Eastern_Himalayan_alpine_shrub_and_meadows,Northeast_Himalayan_subalpine_conifer_forests ,0.9867,-0.14253571611580404
Eastern_Himalayan_alpine_shrub_and_meadows,0.6705504935523335,Eastern_Himalayan_alpine_shrub_and_meadows,South_Western_Ghats_montane_rain_forests      ,0.8313,-0.14253571611580404
Eastern_Himalayan_alpine_shrub_and_meadows,0.6705504935523335,Eastern_Himalayan_alpine_shrub_and_meadows,Narmada_Valley_dry_deciduous_forests          ,0.9157,-0.14253571611580404
Eastern_Himalayan_alpine_shrub_and_meadows,0.6705504935523335,Eastern_Himalayan_alpine_shrub_and_meadows,Mizoram_Manipur_Kachin_rain_forests           ,0.9072,-0.14253571611580404
Eastern_Himalayan_alpine_shrub_and_meadows,0.6705504935523335,Eastern_Himalayan_alpine_shrub_and_meadows,Khathiar_Gir_dry_deciduous_forests            ,0.9135,-0.14253571611580404
Eastern_Himalayan_alpine_shrub_and_meadows,0.6705504935523335,Eastern_Himalayan_alpine_shrub_and_meadows,Aravalli_west_thorn_scrub_forests             ,0.8924,-0.14253571611580404
Eastern_Himalayan_alpine_shrub_and_meadows,0.6705504935523335,Eastern_Himalayan_alpine_shrub_and_meadows,Maldives_Lakshadweep_Chagos_Archipelago_tropical_moist_forests,0.5083,-0.14253571611580404
Eastern_Himalayan_alpine_shrub_and_meadows,0.6705504935523335,Eastern_Himalayan_alpine_shrub_and_meadows,East_Deccan_moist_deciduous_forests           ,0.916,-0.14253571611580404
Eastern_Himalayan_alpine_shrub_and_meadows,0.6705504935523335,Eastern_Himalayan_alpine_shrub_and_meadows,East_Deccan_dry_evergreen_forests             ,0.8302,-0.14253571611580404
Eastern_Himalayan_alpine_shrub_and_meadows,0.6705504935523335,Eastern_Himalayan_alpine_shrub_and_meadows,Central_Deccan_Plateau_dry_deciduous_forests  ,0.9129,-0.14253571611580404
Eastern_Himalayan_alpine_shrub_and_meadows,0.6705504935523335,Eastern_Himalayan_alpine_shrub_and_meadows,Eastern_Himalayan_broadleaf_forests           ,0.9246,-0.14253571611580404
Eastern_Himalayan_alpine_shrub_and_meadows,0.6705504935523335,Eastern_Himalayan_alpine_shrub_and_meadows,Central_Tibetan_Plateau_alpine_steppe         ,0.9658,-0.14253571611580404
Eastern_Himalayan_alpine_shrub_and_meadows,0.6705504935523335,Eastern_Himalayan_alpine_shrub_and_meadows,Terai_Duar_savanna_and_grasslands             ,0.8784,-0.14253571611580404
Eastern_Himalayan_alpine_shrub_and_meadows,0.6705504935523335,Eastern_Himalayan_alpine_shrub_and_meadows,Nicobar_Islands_rain_forests                  ,0.5232,-0.14253571611580404
Eastern_Himalayan_alpine_shrub_and_meadows,0.6705504935523335,Eastern_Himalayan_alpine_shrub_and_meadows,Eastern_Himalayan_alpine_shrub_and_meadows    ,1.0,-0.14253571611580404
Eastern_Himalayan_alpine_shrub_and_meadows,0.6705504935523335,Eastern_Himalayan_alpine_shrub_and_meadows,North_Western_Ghats_montane_rain_forests      ,0.8761,-0.14253571611580404
Eastern_Himalayan_alpine_shrub_and_meadows,0.6705504935523335,Eastern_Himalayan_alpine_shrub_and_meadows,Chhota_Nagpur_dry_deciduous_forests           ,0.9209,-0.14253571611580404
Eastern_Himalayan_alpine_shrub_and_meadows,0.6705504935523335,Eastern_Himalayan_alpine_shrub_and_meadows,Rann_of_Kutch_seasonal_salt_marsh             ,0.8768,-0.14253571611580404
Eastern_Himalayan_alpine_shrub_and_meadows,0.6705504935523335,Eastern_Himalayan_alpine_shrub_and_meadows,Northwestern_Himalayan_alpine_shrub_and_meadows,0.9273,-0.14253571611580404
Eastern_Himalayan_alpine_shrub_and_meadows,0.6705504935523335,Eastern_Himalayan_alpine_shrub_and_meadows,Upper_Gangetic_Plains_moist_deciduous_forests ,0.8927,-0.14253571611580404
Eastern_Himalayan_alpine_shrub_and_meadows,0.6705504935523335,Eastern_Himalayan_alpine_shrub_and_meadows,North_Deccan_dry_deciduous_forests            ,0.9076,-0.14253571611580404
Eastern_Himalayan_alpine_shrub_and_meadows,0.6705504935523335,Eastern_Himalayan_alpine_shrub_and_meadows,Northeast_India_Myanmar_pine_forests          ,0.9126,-0.14253571611580404
Eastern_Himalayan_alpine_shrub_and_meadows,0.6705504935523335,Eastern_Himalayan_alpine_shrub_and_meadows,Sundarbans_mangroves                          ,0.8745,-0.14253571611580404
Eastern_Himalayan_alpine_shrub_and_meadows,0.6705504935523335,Eastern_Himalayan_alpine_shrub_and_meadows,Karakoram_West_Tibetan_Plateau_alpine_steppe  ,0.9627,-0.14253571611580404
Eastern_Himalayan_alpine_shrub_and_meadows,0.6705504935523335,Eastern_Himalayan_alpine_shrub_and_meadows,Baluchistan_xeric_woodlands                   ,0.9727,-0.14253571611580404
Eastern_Himalayan_alpine_shrub_and_meadows,0.6705504935523335,Eastern_Himalayan_alpine_shrub_and_meadows,Indus_River_Delta_Arabian_Sea_mangroves       ,0.8407,-0.14253571611580404
Eastern_Himalayan_alpine_shrub_and_meadows,0.6705504935523335,Eastern_Himalayan_alpine_shrub_and_meadows,Meghalaya_subtropical_forests                 ,0.9273,-0.14253571611580404
Eastern_Himalayan_alpine_shrub_and_meadows,0.6705504935523335,Eastern_Himalayan_alpine_shrub_and_meadows,Chin_Hills_Arakan_Yoma_montane_forests        ,0.9294,-0.14253571611580404
Eastern_Himalayan_alpine_shrub_and_meadows,0.6705504935523335,Eastern_Himalayan_alpine_shrub_and_meadows,North_Western_Ghats_moist_deciduous_forests   ,0.8756,-0.14253571611580404
Eastern_Himalayan_alpine_shrub_and_meadows,0.6705504935523335,Eastern_Himalayan_alpine_shrub_and_meadows,Northern_Triangle_temperate_forests           ,0.9217,-0.14253571611580404
Eastern_Himalayan_alpine_shrub_and_meadows,0.6705504935523335,Eastern_Himalayan_alpine_shrub_and_meadows,Malabar_Coast_moist_forests                   ,0.7378,-0.14253571611580404
Eastern_Himalayan_alpine_shrub_and_meadows,0.6705504935523335,Eastern_Himalayan_alpine_shrub_and_meadows,Andaman_Islands_rain_forests                  ,0.604,-0.14253571611580404
Eastern_Himalayan_alpine_shrub_and_meadows,0.6705504935523335,Eastern_Himalayan_alpine_shrub_and_meadows,Western_Himalayan_alpine_shrub_and_meadows    ,0.9615,-0.14253571611580404
Eastern_Himalayan_alpine_shrub_and_meadows,0.6705504935523335,Eastern_Himalayan_alpine_shrub_and_meadows,Eastern_Himalayan_subalpine_conifer_forests   ,0.9802,-0.14253571611580404
Eastern_Himalayan_alpine_shrub_and_meadows,0.6705504935523335,Eastern_Himalayan_alpine_shrub_and_meadows,Deccan_thorn_scrub_forests                    ,0.8738,-0.14253571611580404
Eastern_Himalayan_alpine_shrub_and_meadows,0.6705504935523335,Eastern_Himalayan_alpine_shrub_and_meadows,Western_Himalayan_subalpine_conifer_forests   ,0.9363,-0.14253571611580404
Eastern_Himalayan_alpine_shrub_and_meadows,0.6705504935523335,Eastern_Himalayan_alpine_shrub_and_meadows,Lower_Gangetic_Plains_moist_deciduous_forests ,0.8805,-0.14253571611580404
Eastern_Himalayan_alpine_shrub_and_meadows,0.6705504935523335,Eastern_Himalayan_alpine_shrub_and_meadows,South_Western_Ghats_moist_deciduous_forests   ,0.8286,-0.14253571611580404
Eastern_Himalayan_alpine_shrub_and_meadows,0.6705504935523335,Eastern_Himalayan_alpine_shrub_and_meadows,Thar_desert                                   ,0.8597,-0.14253571611580404
Eastern_Himalayan_alpine_shrub_and_meadows,0.6705504935523335,Eastern_Himalayan_alpine_shrub_and_meadows,Godavari_Krishna_mangroves                    ,0.8437,-0.14253571611580404
Eastern_Himalayan_alpine_shrub_and_meadows,0.6705504935523335,Eastern_Himalayan_alpine_shrub_and_meadows,North_Tibetan_Plateau_Kunlun_Mountains_alpine_desert,0.972,-0.14253571611580404
Eastern_Himalayan_alpine_shrub_and_meadows,0.6705504935523335,Eastern_Himalayan_alpine_shrub_and_meadows,Himalayan_subtropical_broadleaf_forests       ,0.9285,-0.14253571611580404
Eastern_Himalayan_alpine_shrub_and_meadows,0.6705504935523335,Eastern_Himalayan_alpine_shrub_and_meadows,South_Deccan_Plateau_dry_deciduous_forests    ,0.8994,-0.14253571611580404
Eastern_Himalayan_alpine_shrub_and_meadows,0.6705504935523335,Eastern_Himalayan_alpine_shrub_and_meadows,Orissa_semi_evergreen_forests                 ,0.8607,-0.14253571611580404
Eastern_Himalayan_alpine_shrub_and_meadows,0.6705504935523335,Eastern_Himalayan_alpine_shrub_and_meadows,Sundarbans_freshwater_swamp_forests           ,0.8816,-0.14253571611580404
Eastern_Himalayan_alpine_shrub_and_meadows,0.6705504935523335,Eastern_Himalayan_alpine_shrub_and_meadows,Himalayan_subtropical_pine_forests            ,0.8936,-0.14253571611580404
Eastern_Himalayan_subalpine_conifer_forests,0.6239138124538604,Eastern_Himalayan_subalpine_conifer_forests,Brahmaputra_Valley_semi_evergreen_forests     ,0.9173,-0.14253571611580404
Eastern_Himalayan_subalpine_conifer_forests,0.6239138124538604,Eastern_Himalayan_subalpine_conifer_forests,Western_Himalayan_broadleaf_forests           ,0.9512,-0.14253571611580404
Eastern_Himalayan_subalpine_conifer_forests,0.6239138124538604,Eastern_Himalayan_subalpine_conifer_forests,Northeast_Himalayan_subalpine_conifer_forests ,0.9888,-0.14253571611580404
Eastern_Himalayan_subalpine_conifer_forests,0.6239138124538604,Eastern_Himalayan_subalpine_conifer_forests,South_Western_Ghats_montane_rain_forests      ,0.8817,-0.14253571611580404
Eastern_Himalayan_subalpine_conifer_forests,0.6239138124538604,Eastern_Himalayan_subalpine_conifer_forests,Narmada_Valley_dry_deciduous_forests          ,0.9209,-0.14253571611580404
Eastern_Himalayan_subalpine_conifer_forests,0.6239138124538604,Eastern_Himalayan_subalpine_conifer_forests,Mizoram_Manipur_Kachin_rain_forests           ,0.9465,-0.14253571611580404
Eastern_Himalayan_subalpine_conifer_forests,0.6239138124538604,Eastern_Himalayan_subalpine_conifer_forests,Khathiar_Gir_dry_deciduous_forests            ,0.9115,-0.14253571611580404
Eastern_Himalayan_subalpine_conifer_forests,0.6239138124538604,Eastern_Himalayan_subalpine_conifer_forests,Aravalli_west_thorn_scrub_forests             ,0.9146,-0.14253571611580404
Eastern_Himalayan_subalpine_conifer_forests,0.6239138124538604,Eastern_Himalayan_subalpine_conifer_forests,Maldives_Lakshadweep_Chagos_Archipelago_tropical_moist_forests,0.5157,-0.14253571611580404
Eastern_Himalayan_subalpine_conifer_forests,0.6239138124538604,Eastern_Himalayan_subalpine_conifer_forests,East_Deccan_moist_deciduous_forests           ,0.9262,-0.14253571611580404
Eastern_Himalayan_subalpine_conifer_forests,0.6239138124538604,Eastern_Himalayan_subalpine_conifer_forests,East_Deccan_dry_evergreen_forests             ,0.8531,-0.14253571611580404
Eastern_Himalayan_subalpine_conifer_forests,0.6239138124538604,Eastern_Himalayan_subalpine_conifer_forests,Central_Deccan_Plateau_dry_deciduous_forests  ,0.9179,-0.14253571611580404
Eastern_Himalayan_subalpine_conifer_forests,0.6239138124538604,Eastern_Himalayan_subalpine_conifer_forests,Eastern_Himalayan_broadleaf_forests           ,0.9674,-0.14253571611580404
Eastern_Himalayan_subalpine_conifer_forests,0.6239138124538604,Eastern_Himalayan_subalpine_conifer_forests,Central_Tibetan_Plateau_alpine_steppe         ,0.9526,-0.14253571611580404
Eastern_Himalayan_subalpine_conifer_forests,0.6239138124538604,Eastern_Himalayan_subalpine_conifer_forests,Terai_Duar_savanna_and_grasslands             ,0.9167,-0.14253571611580404
Eastern_Himalayan_subalpine_conifer_forests,0.6239138124538604,Eastern_Himalayan_subalpine_conifer_forests,Nicobar_Islands_rain_forests                  ,0.5889,-0.14253571611580404
Eastern_Himalayan_subalpine_conifer_forests,0.6239138124538604,Eastern_Himalayan_subalpine_conifer_forests,Eastern_Himalayan_alpine_shrub_and_meadows    ,0.9802,-0.14253571611580404
Eastern_Himalayan_subalpine_conifer_forests,0.6239138124538604,Eastern_Himalayan_subalpine_conifer_forests,North_Western_Ghats_montane_rain_forests      ,0.9046,-0.14253571611580404
Eastern_Himalayan_subalpine_conifer_forests,0.6239138124538604,Eastern_Himalayan_subalpine_conifer_forests,Chhota_Nagpur_dry_deciduous_forests           ,0.9279,-0.14253571611580404
Eastern_Himalayan_subalpine_conifer_forests,0.6239138124538604,Eastern_Himalayan_subalpine_conifer_forests,Rann_of_Kutch_seasonal_salt_marsh             ,0.8853,-0.14253571611580404
Eastern_Himalayan_subalpine_conifer_forests,0.6239138124538604,Eastern_Himalayan_subalpine_conifer_forests,Northwestern_Himalayan_alpine_shrub_and_meadows,0.9282,-0.14253571611580404
Eastern_Himalayan_subalpine_conifer_forests,0.6239138124538604,Eastern_Himalayan_subalpine_conifer_forests,Upper_Gangetic_Plains_moist_deciduous_forests ,0.9091,-0.14253571611580404
Eastern_Himalayan_subalpine_conifer_forests,0.6239138124538604,Eastern_Himalayan_subalpine_conifer_forests,North_Deccan_dry_deciduous_forests            ,0.9186,-0.14253571611580404
Eastern_Himalayan_subalpine_conifer_forests,0.6239138124538604,Eastern_Himalayan_subalpine_conifer_forests,Northeast_India_Myanmar_pine_forests          ,0.9625,-0.14253571611580404
Eastern_Himalayan_subalpine_conifer_forests,0.6239138124538604,Eastern_Himalayan_subalpine_conifer_forests,Sundarbans_mangroves                          ,0.8893,-0.14253571611580404
Eastern_Himalayan_subalpine_conifer_forests,0.6239138124538604,Eastern_Himalayan_subalpine_conifer_forests,Karakoram_West_Tibetan_Plateau_alpine_steppe  ,0.9428,-0.14253571611580404
Eastern_Himalayan_subalpine_conifer_forests,0.6239138124538604,Eastern_Himalayan_subalpine_conifer_forests,Baluchistan_xeric_woodlands                   ,0.9605,-0.14253571611580404
Eastern_Himalayan_subalpine_conifer_forests,0.6239138124538604,Eastern_Himalayan_subalpine_conifer_forests,Indus_River_Delta_Arabian_Sea_mangroves       ,0.8749,-0.14253571611580404
Eastern_Himalayan_subalpine_conifer_forests,0.6239138124538604,Eastern_Himalayan_subalpine_conifer_forests,Meghalaya_subtropical_forests                 ,0.9605,-0.14253571611580404
Eastern_Himalayan_subalpine_conifer_forests,0.6239138124538604,Eastern_Himalayan_subalpine_conifer_forests,Chin_Hills_Arakan_Yoma_montane_forests        ,0.9718,-0.14253571611580404
Eastern_Himalayan_subalpine_conifer_forests,0.6239138124538604,Eastern_Himalayan_subalpine_conifer_forests,North_Western_Ghats_moist_deciduous_forests   ,0.9029,-0.14253571611580404
Eastern_Himalayan_subalpine_conifer_forests,0.6239138124538604,Eastern_Himalayan_subalpine_conifer_forests,Northern_Triangle_temperate_forests           ,0.9562,-0.14253571611580404
Eastern_Himalayan_subalpine_conifer_forests,0.6239138124538604,Eastern_Himalayan_subalpine_conifer_forests,Malabar_Coast_moist_forests                   ,0.7868,-0.14253571611580404
Eastern_Himalayan_subalpine_conifer_forests,0.6239138124538604,Eastern_Himalayan_subalpine_conifer_forests,Andaman_Islands_rain_forests                  ,0.665,-0.14253571611580404
Eastern_Himalayan_subalpine_conifer_forests,0.6239138124538604,Eastern_Himalayan_subalpine_conifer_forests,Western_Himalayan_alpine_shrub_and_meadows    ,0.9601,-0.14253571611580404
Eastern_Himalayan_subalpine_conifer_forests,0.6239138124538604,Eastern_Himalayan_subalpine_conifer_forests,Eastern_Himalayan_subalpine_conifer_forests   ,1.0,-0.14253571611580404
Eastern_Himalayan_subalpine_conifer_forests,0.6239138124538604,Eastern_Himalayan_subalpine_conifer_forests,Deccan_thorn_scrub_forests                    ,0.8967,-0.14253571611580404
Eastern_Himalayan_subalpine_conifer_forests,0.6239138124538604,Eastern_Himalayan_subalpine_conifer_forests,Western_Himalayan_subalpine_conifer_forests   ,0.9615,-0.14253571611580404
Eastern_Himalayan_subalpine_conifer_forests,0.6239138124538604,Eastern_Himalayan_subalpine_conifer_forests,Lower_Gangetic_Plains_moist_deciduous_forests ,0.9174,-0.14253571611580404
Eastern_Himalayan_subalpine_conifer_forests,0.6239138124538604,Eastern_Himalayan_subalpine_conifer_forests,South_Western_Ghats_moist_deciduous_forests   ,0.8685,-0.14253571611580404
Eastern_Himalayan_subalpine_conifer_forests,0.6239138124538604,Eastern_Himalayan_subalpine_conifer_forests,Thar_desert                                   ,0.8697,-0.14253571611580404
Eastern_Himalayan_subalpine_conifer_forests,0.6239138124538604,Eastern_Himalayan_subalpine_conifer_forests,Godavari_Krishna_mangroves                    ,0.8601,-0.14253571611580404
Eastern_Himalayan_subalpine_conifer_forests,0.6239138124538604,Eastern_Himalayan_subalpine_conifer_forests,North_Tibetan_Plateau_Kunlun_Mountains_alpine_desert,0.9503,-0.14253571611580404
Eastern_Himalayan_subalpine_conifer_forests,0.6239138124538604,Eastern_Himalayan_subalpine_conifer_forests,Himalayan_subtropical_broadleaf_forests       ,0.966,-0.14253571611580404
Eastern_Himalayan_subalpine_conifer_forests,0.6239138124538604,Eastern_Himalayan_subalpine_conifer_forests,South_Deccan_Plateau_dry_deciduous_forests    ,0.915,-0.14253571611580404
Eastern_Himalayan_subalpine_conifer_forests,0.6239138124538604,Eastern_Himalayan_subalpine_conifer_forests,Orissa_semi_evergreen_forests                 ,0.8851,-0.14253571611580404
Eastern_Himalayan_subalpine_conifer_forests,0.6239138124538604,Eastern_Himalayan_subalpine_conifer_forests,Sundarbans_freshwater_swamp_forests           ,0.9048,-0.14253571611580404
Eastern_Himalayan_subalpine_conifer_forests,0.6239138124538604,Eastern_Himalayan_subalpine_conifer_forests,Himalayan_subtropical_pine_forests            ,0.938,-0.14253571611580404
Mizoram_Manipur_Kachin_rain_forests,0.4234693309231265,Mizoram_Manipur_Kachin_rain_forests,Brahmaputra_Valley_semi_evergreen_forests     ,0.9747,-0.14253571611580404
Mizoram_Manipur_Kachin_rain_forests,0.4234693309231265,Mizoram_Manipur_Kachin_rain_forests,Western_Himalayan_broadleaf_forests           ,0.9377,-0.14253571611580404
Mizoram_Manipur_Kachin_rain_forests,0.4234693309231265,Mizoram_Manipur_Kachin_rain_forests,Northeast_Himalayan_subalpine_conifer_forests ,0.8977,-0.14253571611580404
Mizoram_Manipur_Kachin_rain_forests,0.4234693309231265,Mizoram_Manipur_Kachin_rain_forests,South_Western_Ghats_montane_rain_forests      ,0.9096,-0.14253571611580404
Mizoram_Manipur_Kachin_rain_forests,0.4234693309231265,Mizoram_Manipur_Kachin_rain_forests,Narmada_Valley_dry_deciduous_forests          ,0.9296,-0.14253571611580404
Mizoram_Manipur_Kachin_rain_forests,0.4234693309231265,Mizoram_Manipur_Kachin_rain_forests,Mizoram_Manipur_Kachin_rain_forests           ,1.0,-0.14253571611580404
Mizoram_Manipur_Kachin_rain_forests,0.4234693309231265,Mizoram_Manipur_Kachin_rain_forests,Khathiar_Gir_dry_deciduous_forests            ,0.9305,-0.14253571611580404
Mizoram_Manipur_Kachin_rain_forests,0.4234693309231265,Mizoram_Manipur_Kachin_rain_forests,Aravalli_west_thorn_scrub_forests             ,0.9397,-0.14253571611580404
Mizoram_Manipur_Kachin_rain_forests,0.4234693309231265,Mizoram_Manipur_Kachin_rain_forests,Maldives_Lakshadweep_Chagos_Archipelago_tropical_moist_forests,0.6541,-0.14253571611580404
Mizoram_Manipur_Kachin_rain_forests,0.4234693309231265,Mizoram_Manipur_Kachin_rain_forests,East_Deccan_moist_deciduous_forests           ,0.958,-0.14253571611580404
Mizoram_Manipur_Kachin_rain_forests,0.4234693309231265,Mizoram_Manipur_Kachin_rain_forests,East_Deccan_dry_evergreen_forests             ,0.9212,-0.14253571611580404
Mizoram_Manipur_Kachin_rain_forests,0.4234693309231265,Mizoram_Manipur_Kachin_rain_forests,Central_Deccan_Plateau_dry_deciduous_forests  ,0.9386,-0.14253571611580404
Mizoram_Manipur_Kachin_rain_forests,0.4234693309231265,Mizoram_Manipur_Kachin_rain_forests,Eastern_Himalayan_broadleaf_forests           ,0.9868,-0.14253571611580404
Mizoram_Manipur_Kachin_rain_forests,0.4234693309231265,Mizoram_Manipur_Kachin_rain_forests,Central_Tibetan_Plateau_alpine_steppe         ,0.8214,-0.14253571611580404
Mizoram_Manipur_Kachin_rain_forests,0.4234693309231265,Mizoram_Manipur_Kachin_rain_forests,Terai_Duar_savanna_and_grasslands             ,0.9768,-0.14253571611580404
Mizoram_Manipur_Kachin_rain_forests,0.4234693309231265,Mizoram_Manipur_Kachin_rain_forests,Nicobar_Islands_rain_forests                  ,0.708,-0.14253571611580404
Mizoram_Manipur_Kachin_rain_forests,0.4234693309231265,Mizoram_Manipur_Kachin_rain_forests,Eastern_Himalayan_alpine_shrub_and_meadows    ,0.9072,-0.14253571611580404
Mizoram_Manipur_Kachin_rain_forests,0.4234693309231265,Mizoram_Manipur_Kachin_rain_forests,North_Western_Ghats_montane_rain_forests      ,0.929,-0.14253571611580404
Mizoram_Manipur_Kachin_rain_forests,0.4234693309231265,Mizoram_Manipur_Kachin_rain_forests,Chhota_Nagpur_dry_deciduous_forests           ,0.9595,-0.14253571611580404
Mizoram_Manipur_Kachin_rain_forests,0.4234693309231265,Mizoram_Manipur_Kachin_rain_forests,Rann_of_Kutch_seasonal_salt_marsh             ,0.9144,-0.14253571611580404
Mizoram_Manipur_Kachin_rain_forests,0.4234693309231265,Mizoram_Manipur_Kachin_rain_forests,Northwestern_Himalayan_alpine_shrub_and_meadows,0.8369,-0.14253571611580404
Mizoram_Manipur_Kachin_rain_forests,0.4234693309231265,Mizoram_Manipur_Kachin_rain_forests,Upper_Gangetic_Plains_moist_deciduous_forests ,0.9544,-0.14253571611580404
Mizoram_Manipur_Kachin_rain_forests,0.4234693309231265,Mizoram_Manipur_Kachin_rain_forests,North_Deccan_dry_deciduous_forests            ,0.9582,-0.14253571611580404
Mizoram_Manipur_Kachin_rain_forests,0.4234693309231265,Mizoram_Manipur_Kachin_rain_forests,Northeast_India_Myanmar_pine_forests          ,0.9371,-0.14253571611580404
Mizoram_Manipur_Kachin_rain_forests,0.4234693309231265,Mizoram_Manipur_Kachin_rain_forests,Sundarbans_mangroves                          ,0.9603,-0.14253571611580404
Mizoram_Manipur_Kachin_rain_forests,0.4234693309231265,Mizoram_Manipur_Kachin_rain_forests,Karakoram_West_Tibetan_Plateau_alpine_steppe  ,0.8209,-0.14253571611580404
Mizoram_Manipur_Kachin_rain_forests,0.4234693309231265,Mizoram_Manipur_Kachin_rain_forests,Baluchistan_xeric_woodlands                   ,0.9138,-0.14253571611580404
Mizoram_Manipur_Kachin_rain_forests,0.4234693309231265,Mizoram_Manipur_Kachin_rain_forests,Indus_River_Delta_Arabian_Sea_mangroves       ,0.9081,-0.14253571611580404
Mizoram_Manipur_Kachin_rain_forests,0.4234693309231265,Mizoram_Manipur_Kachin_rain_forests,Meghalaya_subtropical_forests                 ,0.988,-0.14253571611580404
Mizoram_Manipur_Kachin_rain_forests,0.4234693309231265,Mizoram_Manipur_Kachin_rain_forests,Chin_Hills_Arakan_Yoma_montane_forests        ,0.9787,-0.14253571611580404
Mizoram_Manipur_Kachin_rain_forests,0.4234693309231265,Mizoram_Manipur_Kachin_rain_forests,North_Western_Ghats_moist_deciduous_forests   ,0.9439,-0.14253571611580404
Mizoram_Manipur_Kachin_rain_forests,0.4234693309231265,Mizoram_Manipur_Kachin_rain_forests,Northern_Triangle_temperate_forests           ,0.9358,-0.14253571611580404
Mizoram_Manipur_Kachin_rain_forests,0.4234693309231265,Mizoram_Manipur_Kachin_rain_forests,Malabar_Coast_moist_forests                   ,0.8779,-0.14253571611580404
Mizoram_Manipur_Kachin_rain_forests,0.4234693309231265,Mizoram_Manipur_Kachin_rain_forests,Andaman_Islands_rain_forests                  ,0.7987,-0.14253571611580404
Mizoram_Manipur_Kachin_rain_forests,0.4234693309231265,Mizoram_Manipur_Kachin_rain_forests,Western_Himalayan_alpine_shrub_and_meadows    ,0.8604,-0.14253571611580404
Mizoram_Manipur_Kachin_rain_forests,0.4234693309231265,Mizoram_Manipur_Kachin_rain_forests,Eastern_Himalayan_subalpine_conifer_forests   ,0.9465,-0.14253571611580404
Mizoram_Manipur_Kachin_rain_forests,0.4234693309231265,Mizoram_Manipur_Kachin_rain_forests,Deccan_thorn_scrub_forests                    ,0.9248,-0.14253571611580404
Mizoram_Manipur_Kachin_rain_forests,0.4234693309231265,Mizoram_Manipur_Kachin_rain_forests,Western_Himalayan_subalpine_conifer_forests   ,0.9371,-0.14253571611580404
Mizoram_Manipur_Kachin_rain_forests,0.4234693309231265,Mizoram_Manipur_Kachin_rain_forests,Lower_Gangetic_Plains_moist_deciduous_forests ,0.9728,-0.14253571611580404
Mizoram_Manipur_Kachin_rain_forests,0.4234693309231265,Mizoram_Manipur_Kachin_rain_forests,South_Western_Ghats_moist_deciduous_forests   ,0.9093,-0.14253571611580404
Mizoram_Manipur_Kachin_rain_forests,0.4234693309231265,Mizoram_Manipur_Kachin_rain_forests,Thar_desert                                   ,0.9144,-0.14253571611580404
Mizoram_Manipur_Kachin_rain_forests,0.4234693309231265,Mizoram_Manipur_Kachin_rain_forests,Godavari_Krishna_mangroves                    ,0.9339,-0.14253571611580404
Mizoram_Manipur_Kachin_rain_forests,0.4234693309231265,Mizoram_Manipur_Kachin_rain_forests,North_Tibetan_Plateau_Kunlun_Mountains_alpine_desert,0.8265,-0.14253571611580404
Mizoram_Manipur_Kachin_rain_forests,0.4234693309231265,Mizoram_Manipur_Kachin_rain_forests,Himalayan_subtropical_broadleaf_forests       ,0.9877,-0.14253571611580404
Mizoram_Manipur_Kachin_rain_forests,0.4234693309231265,Mizoram_Manipur_Kachin_rain_forests,South_Deccan_Plateau_dry_deciduous_forests    ,0.9302,-0.14253571611580404
Mizoram_Manipur_Kachin_rain_forests,0.4234693309231265,Mizoram_Manipur_Kachin_rain_forests,Orissa_semi_evergreen_forests                 ,0.9574,-0.14253571611580404
Mizoram_Manipur_Kachin_rain_forests,0.4234693309231265,Mizoram_Manipur_Kachin_rain_forests,Sundarbans_freshwater_swamp_forests           ,0.9547,-0.14253571611580404
Mizoram_Manipur_Kachin_rain_forests,0.4234693309231265,Mizoram_Manipur_Kachin_rain_forests,Himalayan_subtropical_pine_forests            ,0.9717,-0.14253571611580404
Narmada_Valley_dry_deciduous_forests,0.002565902136471,Narmada_Valley_dry_deciduous_forests,Brahmaputra_Valley_semi_evergreen_forests     ,0.9023,-0.14253571611580404
Narmada_Valley_dry_deciduous_forests,0.002565902136471,Narmada_Valley_dry_deciduous_forests,Western_Himalayan_broadleaf_forests           ,0.8769,-0.14253571611580404
Narmada_Valley_dry_deciduous_forests,0.002565902136471,Narmada_Valley_dry_deciduous_forests,Northeast_Himalayan_subalpine_conifer_forests ,0.8983,-0.14253571611580404
Narmada_Valley_dry_deciduous_forests,0.002565902136471,Narmada_Valley_dry_deciduous_forests,South_Western_Ghats_montane_rain_forests      ,0.8475,-0.14253571611580404
Narmada_Valley_dry_deciduous_forests,0.002565902136471,Narmada_Valley_dry_deciduous_forests,Narmada_Valley_dry_deciduous_forests          ,1.0,-0.14253571611580404
Narmada_Valley_dry_deciduous_forests,0.002565902136471,Narmada_Valley_dry_deciduous_forests,Mizoram_Manipur_Kachin_rain_forests           ,0.9296,-0.14253571611580404
Narmada_Valley_dry_deciduous_forests,0.002565902136471,Narmada_Valley_dry_deciduous_forests,Khathiar_Gir_dry_deciduous_forests            ,0.9954,-0.14253571611580404
Narmada_Valley_dry_deciduous_forests,0.002565902136471,Narmada_Valley_dry_deciduous_forests,Aravalli_west_thorn_scrub_forests             ,0.9783,-0.14253571611580404
Narmada_Valley_dry_deciduous_forests,0.002565902136471,Narmada_Valley_dry_deciduous_forests,Maldives_Lakshadweep_Chagos_Archipelago_tropical_moist_forests,0.5588,-0.14253571611580404
Narmada_Valley_dry_deciduous_forests,0.002565902136471,Narmada_Valley_dry_deciduous_forests,East_Deccan_moist_deciduous_forests           ,0.9771,-0.14253571611580404
Narmada_Valley_dry_deciduous_forests,0.002565902136471,Narmada_Valley_dry_deciduous_forests,East_Deccan_dry_evergreen_forests             ,0.9167,-0.14253571611580404
Narmada_Valley_dry_deciduous_forests,0.002565902136471,Narmada_Valley_dry_deciduous_forests,Central_Deccan_Plateau_dry_deciduous_forests  ,0.982,-0.14253571611580404
Narmada_Valley_dry_deciduous_forests,0.002565902136471,Narmada_Valley_dry_deciduous_forests,Eastern_Himalayan_broadleaf_forests           ,0.917,-0.14253571611580404
Narmada_Valley_dry_deciduous_forests,0.002565902136471,Narmada_Valley_dry_deciduous_forests,Central_Tibetan_Plateau_alpine_steppe         ,0.8468,-0.14253571611580404
Narmada_Valley_dry_deciduous_forests,0.002565902136471,Narmada_Valley_dry_deciduous_forests,Terai_Duar_savanna_and_grasslands             ,0.9447,-0.14253571611580404
Narmada_Valley_dry_deciduous_forests,0.002565902136471,Narmada_Valley_dry_deciduous_forests,Nicobar_Islands_rain_forests                  ,0.5893,-0.14253571611580404
Narmada_Valley_dry_deciduous_forests,0.002565902136471,Narmada_Valley_dry_deciduous_forests,Eastern_Himalayan_alpine_shrub_and_meadows    ,0.9157,-0.14253571611580404
Narmada_Valley_dry_deciduous_forests,0.002565902136471,Narmada_Valley_dry_deciduous_forests,North_Western_Ghats_montane_rain_forests      ,0.9216,-0.14253571611580404
Narmada_Valley_dry_deciduous_forests,0.002565902136471,Narmada_Valley_dry_deciduous_forests,Chhota_Nagpur_dry_deciduous_forests           ,0.9825,-0.14253571611580404
Narmada_Valley_dry_deciduous_forests,0.002565902136471,Narmada_Valley_dry_deciduous_forests,Rann_of_Kutch_seasonal_salt_marsh             ,0.9846,-0.14253571611580404
Narmada_Valley_dry_deciduous_forests,0.002565902136471,Narmada_Valley_dry_deciduous_forests,Northwestern_Himalayan_alpine_shrub_and_meadows,0.8119,-0.14253571611580404
Narmada_Valley_dry_deciduous_forests,0.002565902136471,Narmada_Valley_dry_deciduous_forests,Upper_Gangetic_Plains_moist_deciduous_forests ,0.985,-0.14253571611580404
Narmada_Valley_dry_deciduous_forests,0.002565902136471,Narmada_Valley_dry_deciduous_forests,North_Deccan_dry_deciduous_forests            ,0.9739,-0.14253571611580404
Narmada_Valley_dry_deciduous_forests,0.002565902136471,Narmada_Valley_dry_deciduous_forests,Northeast_India_Myanmar_pine_forests          ,0.8476,-0.14253571611580404
Narmada_Valley_dry_deciduous_forests,0.002565902136471,Narmada_Valley_dry_deciduous_forests,Sundarbans_mangroves                          ,0.9145,-0.14253571611580404
Narmada_Valley_dry_deciduous_forests,0.002565902136471,Narmada_Valley_dry_deciduous_forests,Karakoram_West_Tibetan_Plateau_alpine_steppe  ,0.8335,-0.14253571611580404
Narmada_Valley_dry_deciduous_forests,0.002565902136471,Narmada_Valley_dry_deciduous_forests,Baluchistan_xeric_woodlands                   ,0.9432,-0.14253571611580404
Narmada_Valley_dry_deciduous_forests,0.002565902136471,Narmada_Valley_dry_deciduous_forests,Indus_River_Delta_Arabian_Sea_mangroves       ,0.9507,-0.14253571611580404
Narmada_Valley_dry_deciduous_forests,0.002565902136471,Narmada_Valley_dry_deciduous_forests,Meghalaya_subtropical_forests                 ,0.9397,-0.14253571611580404
Narmada_Valley_dry_deciduous_forests,0.002565902136471,Narmada_Valley_dry_deciduous_forests,Chin_Hills_Arakan_Yoma_montane_forests        ,0.9239,-0.14253571611580404
Narmada_Valley_dry_deciduous_forests,0.002565902136471,Narmada_Valley_dry_deciduous_forests,North_Western_Ghats_moist_deciduous_forests   ,0.942,-0.14253571611580404
Narmada_Valley_dry_deciduous_forests,0.002565902136471,Narmada_Valley_dry_deciduous_forests,Northern_Triangle_temperate_forests           ,0.8383,-0.14253571611580404
Narmada_Valley_dry_deciduous_forests,0.002565902136471,Narmada_Valley_dry_deciduous_forests,Malabar_Coast_moist_forests                   ,0.8129,-0.14253571611580404
Narmada_Valley_dry_deciduous_forests,0.002565902136471,Narmada_Valley_dry_deciduous_forests,Andaman_Islands_rain_forests                  ,0.6601,-0.14253571611580404
Narmada_Valley_dry_deciduous_forests,0.002565902136471,Narmada_Valley_dry_deciduous_forests,Western_Himalayan_alpine_shrub_and_meadows    ,0.8286,-0.14253571611580404
Narmada_Valley_dry_deciduous_forests,0.002565902136471,Narmada_Valley_dry_deciduous_forests,Eastern_Himalayan_subalpine_conifer_forests   ,0.9209,-0.14253571611580404
Narmada_Valley_dry_deciduous_forests,0.002565902136471,Narmada_Valley_dry_deciduous_forests,Deccan_thorn_scrub_forests                    ,0.9506,-0.14253571611580404
Narmada_Valley_dry_deciduous_forests,0.002565902136471,Narmada_Valley_dry_deciduous_forests,Western_Himalayan_subalpine_conifer_forests   ,0.8911,-0.14253571611580404
Narmada_Valley_dry_deciduous_forests,0.002565902136471,Narmada_Valley_dry_deciduous_forests,Lower_Gangetic_Plains_moist_deciduous_forests ,0.9529,-0.14253571611580404
Narmada_Valley_dry_deciduous_forests,0.002565902136471,Narmada_Valley_dry_deciduous_forests,South_Western_Ghats_moist_deciduous_forests   ,0.8654,-0.14253571611580404
Narmada_Valley_dry_deciduous_forests,0.002565902136471,Narmada_Valley_dry_deciduous_forests,Thar_desert                                   ,0.9616,-0.14253571611580404
Narmada_Valley_dry_deciduous_forests,0.002565902136471,Narmada_Valley_dry_deciduous_forests,Godavari_Krishna_mangroves                    ,0.9315,-0.14253571611580404
Narmada_Valley_dry_deciduous_forests,0.002565902136471,Narmada_Valley_dry_deciduous_forests,North_Tibetan_Plateau_Kunlun_Mountains_alpine_desert,0.8637,-0.14253571611580404
Narmada_Valley_dry_deciduous_forests,0.002565902136471,Narmada_Valley_dry_deciduous_forests,Himalayan_subtropical_broadleaf_forests       ,0.9425,-0.14253571611580404
Narmada_Valley_dry_deciduous_forests,0.002565902136471,Narmada_Valley_dry_deciduous_forests,South_Deccan_Plateau_dry_deciduous_forests    ,0.9417,-0.14253571611580404
Narmada_Valley_dry_deciduous_forests,0.002565902136471,Narmada_Valley_dry_deciduous_forests,Orissa_semi_evergreen_forests                 ,0.9472,-0.14253571611580404
Narmada_Valley_dry_deciduous_forests,0.002565902136471,Narmada_Valley_dry_deciduous_forests,Sundarbans_freshwater_swamp_forests           ,0.9419,-0.14253571611580404
Narmada_Valley_dry_deciduous_forests,0.002565902136471,Narmada_Valley_dry_deciduous_forests,Himalayan_subtropical_pine_forests            ,0.9114,-0.14253571611580404
Nicobar_Islands_rain_forests,0.5435853657481339,Nicobar_Islands_rain_forests,Brahmaputra_Valley_semi_evergreen_forests     ,0.6536,-0.14253571611580404
Nicobar_Islands_rain_forests,0.5435853657481339,Nicobar_Islands_rain_forests,Western_Himalayan_broadleaf_forests           ,0.7719,-0.14253571611580404
Nicobar_Islands_rain_forests,0.5435853657481339,Nicobar_Islands_rain_forests,Northeast_Himalayan_subalpine_conifer_forests ,0.4937,-0.14253571611580404
Nicobar_Islands_rain_forests,0.5435853657481339,Nicobar_Islands_rain_forests,South_Western_Ghats_montane_rain_forests      ,0.8529,-0.14253571611580404
Nicobar_Islands_rain_forests,0.5435853657481339,Nicobar_Islands_rain_forests,Narmada_Valley_dry_deciduous_forests          ,0.5893,-0.14253571611580404
Nicobar_Islands_rain_forests,0.5435853657481339,Nicobar_Islands_rain_forests,Mizoram_Manipur_Kachin_rain_forests           ,0.708,-0.14253571611580404
Nicobar_Islands_rain_forests,0.5435853657481339,Nicobar_Islands_rain_forests,Khathiar_Gir_dry_deciduous_forests            ,0.5976,-0.14253571611580404
Nicobar_Islands_rain_forests,0.5435853657481339,Nicobar_Islands_rain_forests,Aravalli_west_thorn_scrub_forests             ,0.626,-0.14253571611580404
Nicobar_Islands_rain_forests,0.5435853657481339,Nicobar_Islands_rain_forests,Maldives_Lakshadweep_Chagos_Archipelago_tropical_moist_forests,0.9015,-0.14253571611580404
Nicobar_Islands_rain_forests,0.5435853657481339,Nicobar_Islands_rain_forests,East_Deccan_moist_deciduous_forests           ,0.6843,-0.14253571611580404
Nicobar_Islands_rain_forests,0.5435853657481339,Nicobar_Islands_rain_forests,East_Deccan_dry_evergreen_forests             ,0.7983,-0.14253571611580404
Nicobar_Islands_rain_forests,0.5435853657481339,Nicobar_Islands_rain_forests,Central_Deccan_Plateau_dry_deciduous_forests  ,0.6674,-0.14253571611580404
Nicobar_Islands_rain_forests,0.5435853657481339,Nicobar_Islands_rain_forests,Eastern_Himalayan_broadleaf_forests           ,0.7353,-0.14253571611580404
Nicobar_Islands_rain_forests,0.5435853657481339,Nicobar_Islands_rain_forests,Central_Tibetan_Plateau_alpine_steppe         ,0.3886,-0.14253571611580404
Nicobar_Islands_rain_forests,0.5435853657481339,Nicobar_Islands_rain_forests,Terai_Duar_savanna_and_grasslands             ,0.6516,-0.14253571611580404
Nicobar_Islands_rain_forests,0.5435853657481339,Nicobar_Islands_rain_forests,Nicobar_Islands_rain_forests                  ,1.0,-0.14253571611580404
Nicobar_Islands_rain_forests,0.5435853657481339,Nicobar_Islands_rain_forests,Eastern_Himalayan_alpine_shrub_and_meadows    ,0.5232,-0.14253571611580404
Nicobar_Islands_rain_forests,0.5435853657481339,Nicobar_Islands_rain_forests,North_Western_Ghats_montane_rain_forests      ,0.6738,-0.14253571611580404
Nicobar_Islands_rain_forests,0.5435853657481339,Nicobar_Islands_rain_forests,Chhota_Nagpur_dry_deciduous_forests           ,0.6443,-0.14253571611580404
Nicobar_Islands_rain_forests,0.5435853657481339,Nicobar_Islands_rain_forests,Rann_of_Kutch_seasonal_salt_marsh             ,0.5841,-0.14253571611580404
Nicobar_Islands_rain_forests,0.5435853657481339,Nicobar_Islands_rain_forests,Northwestern_Himalayan_alpine_shrub_and_meadows,0.5524,-0.14253571611580404
Nicobar_Islands_rain_forests,0.5435853657481339,Nicobar_Islands_rain_forests,Upper_Gangetic_Plains_moist_deciduous_forests ,0.6611,-0.14253571611580404
Nicobar_Islands_rain_forests,0.5435853657481339,Nicobar_Islands_rain_forests,North_Deccan_dry_deciduous_forests            ,0.6158,-0.14253571611580404
Nicobar_Islands_rain_forests,0.5435853657481339,Nicobar_Islands_rain_forests,Northeast_India_Myanmar_pine_forests          ,0.5708,-0.14253571611580404
Nicobar_Islands_rain_forests,0.5435853657481339,Nicobar_Islands_rain_forests,Sundarbans_mangroves                          ,0.6481,-0.14253571611580404
Nicobar_Islands_rain_forests,0.5435853657481339,Nicobar_Islands_rain_forests,Karakoram_West_Tibetan_Plateau_alpine_steppe  ,0.449,-0.14253571611580404
Nicobar_Islands_rain_forests,0.5435853657481339,Nicobar_Islands_rain_forests,Baluchistan_xeric_woodlands                   ,0.6006,-0.14253571611580404
Nicobar_Islands_rain_forests,0.5435853657481339,Nicobar_Islands_rain_forests,Indus_River_Delta_Arabian_Sea_mangroves       ,0.7015,-0.14253571611580404
Nicobar_Islands_rain_forests,0.5435853657481339,Nicobar_Islands_rain_forests,Meghalaya_subtropical_forests                 ,0.6677,-0.14253571611580404
Nicobar_Islands_rain_forests,0.5435853657481339,Nicobar_Islands_rain_forests,Chin_Hills_Arakan_Yoma_montane_forests        ,0.6403,-0.14253571611580404
Nicobar_Islands_rain_forests,0.5435853657481339,Nicobar_Islands_rain_forests,North_Western_Ghats_moist_deciduous_forests   ,0.7104,-0.14253571611580404
Nicobar_Islands_rain_forests,0.5435853657481339,Nicobar_Islands_rain_forests,Northern_Triangle_temperate_forests           ,0.6088,-0.14253571611580404
Nicobar_Islands_rain_forests,0.5435853657481339,Nicobar_Islands_rain_forests,Malabar_Coast_moist_forests                   ,0.8628,-0.14253571611580404
Nicobar_Islands_rain_forests,0.5435853657481339,Nicobar_Islands_rain_forests,Andaman_Islands_rain_forests                  ,0.9533,-0.14253571611580404
Nicobar_Islands_rain_forests,0.5435853657481339,Nicobar_Islands_rain_forests,Western_Himalayan_alpine_shrub_and_meadows    ,0.5645,-0.14253571611580404
Nicobar_Islands_rain_forests,0.5435853657481339,Nicobar_Islands_rain_forests,Eastern_Himalayan_subalpine_conifer_forests   ,0.5889,-0.14253571611580404
Nicobar_Islands_rain_forests,0.5435853657481339,Nicobar_Islands_rain_forests,Deccan_thorn_scrub_forests                    ,0.759,-0.14253571611580404
Nicobar_Islands_rain_forests,0.5435853657481339,Nicobar_Islands_rain_forests,Western_Himalayan_subalpine_conifer_forests   ,0.736,-0.14253571611580404
Nicobar_Islands_rain_forests,0.5435853657481339,Nicobar_Islands_rain_forests,Lower_Gangetic_Plains_moist_deciduous_forests ,0.694,-0.14253571611580404
Nicobar_Islands_rain_forests,0.5435853657481339,Nicobar_Islands_rain_forests,South_Western_Ghats_moist_deciduous_forests   ,0.8744,-0.14253571611580404
Nicobar_Islands_rain_forests,0.5435853657481339,Nicobar_Islands_rain_forests,Thar_desert                                   ,0.5676,-0.14253571611580404
Nicobar_Islands_rain_forests,0.5435853657481339,Nicobar_Islands_rain_forests,Godavari_Krishna_mangroves                    ,0.7321,-0.14253571611580404
Nicobar_Islands_rain_forests,0.5435853657481339,Nicobar_Islands_rain_forests,North_Tibetan_Plateau_Kunlun_Mountains_alpine_desert,0.3955,-0.14253571611580404
Nicobar_Islands_rain_forests,0.5435853657481339,Nicobar_Islands_rain_forests,Himalayan_subtropical_broadleaf_forests       ,0.6672,-0.14253571611580404
Nicobar_Islands_rain_forests,0.5435853657481339,Nicobar_Islands_rain_forests,South_Deccan_Plateau_dry_deciduous_forests    ,0.7597,-0.14253571611580404
Nicobar_Islands_rain_forests,0.5435853657481339,Nicobar_Islands_rain_forests,Orissa_semi_evergreen_forests                 ,0.6889,-0.14253571611580404
Nicobar_Islands_rain_forests,0.5435853657481339,Nicobar_Islands_rain_forests,Sundarbans_freshwater_swamp_forests           ,0.6366,-0.14253571611580404
Nicobar_Islands_rain_forests,0.5435853657481339,Nicobar_Islands_rain_forests,Himalayan_subtropical_pine_forests            ,0.8054,-0.14253571611580404
Northeast_India_Myanmar_pine_forests,0.3090298008418841,Northeast_India_Myanmar_pine_forests,Brahmaputra_Valley_semi_evergreen_forests     ,0.9304,-0.14253571611580404
Northeast_India_Myanmar_pine_forests,0.3090298008418841,Northeast_India_Myanmar_pine_forests,Western_Himalayan_broadleaf_forests           ,0.925,-0.14253571611580404
Northeast_India_Myanmar_pine_forests,0.3090298008418841,Northeast_India_Myanmar_pine_forests,Northeast_Himalayan_subalpine_conifer_forests ,0.9377,-0.14253571611580404
Northeast_India_Myanmar_pine_forests,0.3090298008418841,Northeast_India_Myanmar_pine_forests,South_Western_Ghats_montane_rain_forests      ,0.842,-0.14253571611580404
Northeast_India_Myanmar_pine_forests,0.3090298008418841,Northeast_India_Myanmar_pine_forests,Narmada_Valley_dry_deciduous_forests          ,0.8476,-0.14253571611580404
Northeast_India_Myanmar_pine_forests,0.3090298008418841,Northeast_India_Myanmar_pine_forests,Mizoram_Manipur_Kachin_rain_forests           ,0.9371,-0.14253571611580404
Northeast_India_Myanmar_pine_forests,0.3090298008418841,Northeast_India_Myanmar_pine_forests,Khathiar_Gir_dry_deciduous_forests            ,0.8331,-0.14253571611580404
Northeast_India_Myanmar_pine_forests,0.3090298008418841,Northeast_India_Myanmar_pine_forests,Aravalli_west_thorn_scrub_forests             ,0.8526,-0.14253571611580404
Northeast_India_Myanmar_pine_forests,0.3090298008418841,Northeast_India_Myanmar_pine_forests,Maldives_Lakshadweep_Chagos_Archipelago_tropical_moist_forests,0.4528,-0.14253571611580404
Northeast_India_Myanmar_pine_forests,0.3090298008418841,Northeast_India_Myanmar_pine_forests,East_Deccan_moist_deciduous_forests           ,0.8548,-0.14253571611580404
Northeast_India_Myanmar_pine_forests,0.3090298008418841,Northeast_India_Myanmar_pine_forests,East_Deccan_dry_evergreen_forests             ,0.7817,-0.14253571611580404
Northeast_India_Myanmar_pine_forests,0.3090298008418841,Northeast_India_Myanmar_pine_forests,Central_Deccan_Plateau_dry_deciduous_forests  ,0.8343,-0.14253571611580404
Northeast_India_Myanmar_pine_forests,0.3090298008418841,Northeast_India_Myanmar_pine_forests,Eastern_Himalayan_broadleaf_forests           ,0.9526,-0.14253571611580404
Northeast_India_Myanmar_pine_forests,0.3090298008418841,Northeast_India_Myanmar_pine_forests,Central_Tibetan_Plateau_alpine_steppe         ,0.8955,-0.14253571611580404
Northeast_India_Myanmar_pine_forests,0.3090298008418841,Northeast_India_Myanmar_pine_forests,Terai_Duar_savanna_and_grasslands             ,0.9044,-0.14253571611580404
Northeast_India_Myanmar_pine_forests,0.3090298008418841,Northeast_India_Myanmar_pine_forests,Nicobar_Islands_rain_forests                  ,0.5708,-0.14253571611580404
Northeast_India_Myanmar_pine_forests,0.3090298008418841,Northeast_India_Myanmar_pine_forests,Eastern_Himalayan_alpine_shrub_and_meadows    ,0.9126,-0.14253571611580404
Northeast_India_Myanmar_pine_forests,0.3090298008418841,Northeast_India_Myanmar_pine_forests,North_Western_Ghats_montane_rain_forests      ,0.8444,-0.14253571611580404
Northeast_India_Myanmar_pine_forests,0.3090298008418841,Northeast_India_Myanmar_pine_forests,Chhota_Nagpur_dry_deciduous_forests           ,0.8651,-0.14253571611580404
Northeast_India_Myanmar_pine_forests,0.3090298008418841,Northeast_India_Myanmar_pine_forests,Rann_of_Kutch_seasonal_salt_marsh             ,0.8176,-0.14253571611580404
Northeast_India_Myanmar_pine_forests,0.3090298008418841,Northeast_India_Myanmar_pine_forests,Northwestern_Himalayan_alpine_shrub_and_meadows,0.8901,-0.14253571611580404
Northeast_India_Myanmar_pine_forests,0.3090298008418841,Northeast_India_Myanmar_pine_forests,Upper_Gangetic_Plains_moist_deciduous_forests ,0.8525,-0.14253571611580404
Northeast_India_Myanmar_pine_forests,0.3090298008418841,Northeast_India_Myanmar_pine_forests,North_Deccan_dry_deciduous_forests            ,0.8661,-0.14253571611580404
Northeast_India_Myanmar_pine_forests,0.3090298008418841,Northeast_India_Myanmar_pine_forests,Northeast_India_Myanmar_pine_forests          ,1.0,-0.14253571611580404
Northeast_India_Myanmar_pine_forests,0.3090298008418841,Northeast_India_Myanmar_pine_forests,Sundarbans_mangroves                          ,0.878,-0.14253571611580404
Northeast_India_Myanmar_pine_forests,0.3090298008418841,Northeast_India_Myanmar_pine_forests,Karakoram_West_Tibetan_Plateau_alpine_steppe  ,0.8782,-0.14253571611580404
Northeast_India_Myanmar_pine_forests,0.3090298008418841,Northeast_India_Myanmar_pine_forests,Baluchistan_xeric_woodlands                   ,0.8801,-0.14253571611580404
Northeast_India_Myanmar_pine_forests,0.3090298008418841,Northeast_India_Myanmar_pine_forests,Indus_River_Delta_Arabian_Sea_mangroves       ,0.8012,-0.14253571611580404
Northeast_India_Myanmar_pine_forests,0.3090298008418841,Northeast_India_Myanmar_pine_forests,Meghalaya_subtropical_forests                 ,0.941,-0.14253571611580404
Northeast_India_Myanmar_pine_forests,0.3090298008418841,Northeast_India_Myanmar_pine_forests,Chin_Hills_Arakan_Yoma_montane_forests        ,0.9645,-0.14253571611580404
Northeast_India_Myanmar_pine_forests,0.3090298008418841,Northeast_India_Myanmar_pine_forests,North_Western_Ghats_moist_deciduous_forests   ,0.8332,-0.14253571611580404
Northeast_India_Myanmar_pine_forests,0.3090298008418841,Northeast_India_Myanmar_pine_forests,Northern_Triangle_temperate_forests           ,0.9755,-0.14253571611580404
Northeast_India_Myanmar_pine_forests,0.3090298008418841,Northeast_India_Myanmar_pine_forests,Malabar_Coast_moist_forests                   ,0.7348,-0.14253571611580404
Northeast_India_Myanmar_pine_forests,0.3090298008418841,Northeast_India_Myanmar_pine_forests,Andaman_Islands_rain_forests                  ,0.6535,-0.14253571611580404
Northeast_India_Myanmar_pine_forests,0.3090298008418841,Northeast_India_Myanmar_pine_forests,Western_Himalayan_alpine_shrub_and_meadows    ,0.922,-0.14253571611580404
Northeast_India_Myanmar_pine_forests,0.3090298008418841,Northeast_India_Myanmar_pine_forests,Eastern_Himalayan_subalpine_conifer_forests   ,0.9625,-0.14253571611580404
Northeast_India_Myanmar_pine_forests,0.3090298008418841,Northeast_India_Myanmar_pine_forests,Deccan_thorn_scrub_forests                    ,0.8092,-0.14253571611580404
Northeast_India_Myanmar_pine_forests,0.3090298008418841,Northeast_India_Myanmar_pine_forests,Western_Himalayan_subalpine_conifer_forests   ,0.9252,-0.14253571611580404
Northeast_India_Myanmar_pine_forests,0.3090298008418841,Northeast_India_Myanmar_pine_forests,Lower_Gangetic_Plains_moist_deciduous_forests ,0.8862,-0.14253571611580404
Northeast_India_Myanmar_pine_forests,0.3090298008418841,Northeast_India_Myanmar_pine_forests,South_Western_Ghats_moist_deciduous_forests   ,0.8088,-0.14253571611580404
Northeast_India_Myanmar_pine_forests,0.3090298008418841,Northeast_India_Myanmar_pine_forests,Thar_desert                                   ,0.8114,-0.14253571611580404
Northeast_India_Myanmar_pine_forests,0.3090298008418841,Northeast_India_Myanmar_pine_forests,Godavari_Krishna_mangroves                    ,0.7919,-0.14253571611580404
Northeast_India_Myanmar_pine_forests,0.3090298008418841,Northeast_India_Myanmar_pine_forests,North_Tibetan_Plateau_Kunlun_Mountains_alpine_desert,0.8792,-0.14253571611580404
Northeast_India_Myanmar_pine_forests,0.3090298008418841,Northeast_India_Myanmar_pine_forests,Himalayan_subtropical_broadleaf_forests       ,0.9519,-0.14253571611580404
Northeast_India_Myanmar_pine_forests,0.3090298008418841,Northeast_India_Myanmar_pine_forests,South_Deccan_Plateau_dry_deciduous_forests    ,0.8319,-0.14253571611580404
Northeast_India_Myanmar_pine_forests,0.3090298008418841,Northeast_India_Myanmar_pine_forests,Orissa_semi_evergreen_forests                 ,0.8463,-0.14253571611580404
Northeast_India_Myanmar_pine_forests,0.3090298008418841,Northeast_India_Myanmar_pine_forests,Sundarbans_freshwater_swamp_forests           ,0.8816,-0.14253571611580404
Northeast_India_Myanmar_pine_forests,0.3090298008418841,Northeast_India_Myanmar_pine_forests,Himalayan_subtropical_pine_forests            ,0.9181,-0.14253571611580404
Northeast_Himalayan_subalpine_conifer_forests,0.6052750635449943,Northeast_Himalayan_subalpine_conifer_forests,Brahmaputra_Valley_semi_evergreen_forests     ,0.8647,-0.14253571611580404
Northeast_Himalayan_subalpine_conifer_forests,0.6052750635449943,Northeast_Himalayan_subalpine_conifer_forests,Western_Himalayan_broadleaf_forests           ,0.9139,-0.14253571611580404
Northeast_Himalayan_subalpine_conifer_forests,0.6052750635449943,Northeast_Himalayan_subalpine_conifer_forests,Northeast_Himalayan_subalpine_conifer_forests ,1.0,-0.14253571611580404
Northeast_Himalayan_subalpine_conifer_forests,0.6052750635449943,Northeast_Himalayan_subalpine_conifer_forests,South_Western_Ghats_montane_rain_forests      ,0.8252,-0.14253571611580404
Northeast_Himalayan_subalpine_conifer_forests,0.6052750635449943,Northeast_Himalayan_subalpine_conifer_forests,Narmada_Valley_dry_deciduous_forests          ,0.8983,-0.14253571611580404
Northeast_Himalayan_subalpine_conifer_forests,0.6052750635449943,Northeast_Himalayan_subalpine_conifer_forests,Mizoram_Manipur_Kachin_rain_forests           ,0.8977,-0.14253571611580404
Northeast_Himalayan_subalpine_conifer_forests,0.6052750635449943,Northeast_Himalayan_subalpine_conifer_forests,Khathiar_Gir_dry_deciduous_forests            ,0.8869,-0.14253571611580404
Northeast_Himalayan_subalpine_conifer_forests,0.6052750635449943,Northeast_Himalayan_subalpine_conifer_forests,Aravalli_west_thorn_scrub_forests             ,0.8796,-0.14253571611580404
Northeast_Himalayan_subalpine_conifer_forests,0.6052750635449943,Northeast_Himalayan_subalpine_conifer_forests,Maldives_Lakshadweep_Chagos_Archipelago_tropical_moist_forests,0.4389,-0.14253571611580404
Northeast_Himalayan_subalpine_conifer_forests,0.6052750635449943,Northeast_Himalayan_subalpine_conifer_forests,East_Deccan_moist_deciduous_forests           ,0.8888,-0.14253571611580404
Northeast_Himalayan_subalpine_conifer_forests,0.6052750635449943,Northeast_Himalayan_subalpine_conifer_forests,East_Deccan_dry_evergreen_forests             ,0.8012,-0.14253571611580404
Northeast_Himalayan_subalpine_conifer_forests,0.6052750635449943,Northeast_Himalayan_subalpine_conifer_forests,Central_Deccan_Plateau_dry_deciduous_forests  ,0.8842,-0.14253571611580404
Northeast_Himalayan_subalpine_conifer_forests,0.6052750635449943,Northeast_Himalayan_subalpine_conifer_forests,Eastern_Himalayan_broadleaf_forests           ,0.9219,-0.14253571611580404
Northeast_Himalayan_subalpine_conifer_forests,0.6052750635449943,Northeast_Himalayan_subalpine_conifer_forests,Central_Tibetan_Plateau_alpine_steppe         ,0.9835,-0.14253571611580404
Northeast_Himalayan_subalpine_conifer_forests,0.6052750635449943,Northeast_Himalayan_subalpine_conifer_forests,Terai_Duar_savanna_and_grasslands             ,0.8645,-0.14253571611580404
Northeast_Himalayan_subalpine_conifer_forests,0.6052750635449943,Northeast_Himalayan_subalpine_conifer_forests,Nicobar_Islands_rain_forests                  ,0.4937,-0.14253571611580404
Northeast_Himalayan_subalpine_conifer_forests,0.6052750635449943,Northeast_Himalayan_subalpine_conifer_forests,Eastern_Himalayan_alpine_shrub_and_meadows    ,0.9867,-0.14253571611580404
Northeast_Himalayan_subalpine_conifer_forests,0.6052750635449943,Northeast_Himalayan_subalpine_conifer_forests,North_Western_Ghats_montane_rain_forests      ,0.8652,-0.14253571611580404
Northeast_Himalayan_subalpine_conifer_forests,0.6052750635449943,Northeast_Himalayan_subalpine_conifer_forests,Chhota_Nagpur_dry_deciduous_forests           ,0.8947,-0.14253571611580404
Northeast_Himalayan_subalpine_conifer_forests,0.6052750635449943,Northeast_Himalayan_subalpine_conifer_forests,Rann_of_Kutch_seasonal_salt_marsh             ,0.855,-0.14253571611580404
Northeast_Himalayan_subalpine_conifer_forests,0.6052750635449943,Northeast_Himalayan_subalpine_conifer_forests,Northwestern_Himalayan_alpine_shrub_and_meadows,0.9347,-0.14253571611580404
Northeast_Himalayan_subalpine_conifer_forests,0.6052750635449943,Northeast_Himalayan_subalpine_conifer_forests,Upper_Gangetic_Plains_moist_deciduous_forests ,0.8709,-0.14253571611580404
Northeast_Himalayan_subalpine_conifer_forests,0.6052750635449943,Northeast_Himalayan_subalpine_conifer_forests,North_Deccan_dry_deciduous_forests            ,0.8841,-0.14253571611580404
Northeast_Himalayan_subalpine_conifer_forests,0.6052750635449943,Northeast_Himalayan_subalpine_conifer_forests,Northeast_India_Myanmar_pine_forests          ,0.9377,-0.14253571611580404
Northeast_Himalayan_subalpine_conifer_forests,0.6052750635449943,Northeast_Himalayan_subalpine_conifer_forests,Sundarbans_mangroves                          ,0.8368,-0.14253571611580404
Northeast_Himalayan_subalpine_conifer_forests,0.6052750635449943,Northeast_Himalayan_subalpine_conifer_forests,Karakoram_West_Tibetan_Plateau_alpine_steppe  ,0.9678,-0.14253571611580404
Northeast_Himalayan_subalpine_conifer_forests,0.6052750635449943,Northeast_Himalayan_subalpine_conifer_forests,Baluchistan_xeric_woodlands                   ,0.9516,-0.14253571611580404
Northeast_Himalayan_subalpine_conifer_forests,0.6052750635449943,Northeast_Himalayan_subalpine_conifer_forests,Indus_River_Delta_Arabian_Sea_mangroves       ,0.831,-0.14253571611580404
Northeast_Himalayan_subalpine_conifer_forests,0.6052750635449943,Northeast_Himalayan_subalpine_conifer_forests,Meghalaya_subtropical_forests                 ,0.9185,-0.14253571611580404
Northeast_Himalayan_subalpine_conifer_forests,0.6052750635449943,Northeast_Himalayan_subalpine_conifer_forests,Chin_Hills_Arakan_Yoma_montane_forests        ,0.9402,-0.14253571611580404
Northeast_Himalayan_subalpine_conifer_forests,0.6052750635449943,Northeast_Himalayan_subalpine_conifer_forests,North_Western_Ghats_moist_deciduous_forests   ,0.8566,-0.14253571611580404
Northeast_Himalayan_subalpine_conifer_forests,0.6052750635449943,Northeast_Himalayan_subalpine_conifer_forests,Northern_Triangle_temperate_forests           ,0.928,-0.14253571611580404
Northeast_Himalayan_subalpine_conifer_forests,0.6052750635449943,Northeast_Himalayan_subalpine_conifer_forests,Malabar_Coast_moist_forests                   ,0.71,-0.14253571611580404
Northeast_Himalayan_subalpine_conifer_forests,0.6052750635449943,Northeast_Himalayan_subalpine_conifer_forests,Andaman_Islands_rain_forests                  ,0.5675,-0.14253571611580404
Northeast_Himalayan_subalpine_conifer_forests,0.6052750635449943,Northeast_Himalayan_subalpine_conifer_forests,Western_Himalayan_alpine_shrub_and_meadows    ,0.9646,-0.14253571611580404
Northeast_Himalayan_subalpine_conifer_forests,0.6052750635449943,Northeast_Himalayan_subalpine_conifer_forests,Eastern_Himalayan_subalpine_conifer_forests   ,0.9888,-0.14253571611580404
Northeast_Himalayan_subalpine_conifer_forests,0.6052750635449943,Northeast_Himalayan_subalpine_conifer_forests,Deccan_thorn_scrub_forests                    ,0.8537,-0.14253571611580404
Northeast_Himalayan_subalpine_conifer_forests,0.6052750635449943,Northeast_Himalayan_subalpine_conifer_forests,Western_Himalayan_subalpine_conifer_forests   ,0.9309,-0.14253571611580404
Northeast_Himalayan_subalpine_conifer_forests,0.6052750635449943,Northeast_Himalayan_subalpine_conifer_forests,Lower_Gangetic_Plains_moist_deciduous_forests ,0.8633,-0.14253571611580404
Northeast_Himalayan_subalpine_conifer_forests,0.6052750635449943,Northeast_Himalayan_subalpine_conifer_forests,South_Western_Ghats_moist_deciduous_forests   ,0.8112,-0.14253571611580404
Northeast_Himalayan_subalpine_conifer_forests,0.6052750635449943,Northeast_Himalayan_subalpine_conifer_forests,Thar_desert                                   ,0.8395,-0.14253571611580404
Northeast_Himalayan_subalpine_conifer_forests,0.6052750635449943,Northeast_Himalayan_subalpine_conifer_forests,Godavari_Krishna_mangroves                    ,0.8136,-0.14253571611580404
Northeast_Himalayan_subalpine_conifer_forests,0.6052750635449943,Northeast_Himalayan_subalpine_conifer_forests,North_Tibetan_Plateau_Kunlun_Mountains_alpine_desert,0.9813,-0.14253571611580404
Northeast_Himalayan_subalpine_conifer_forests,0.6052750635449943,Northeast_Himalayan_subalpine_conifer_forests,Himalayan_subtropical_broadleaf_forests       ,0.9261,-0.14253571611580404
Northeast_Himalayan_subalpine_conifer_forests,0.6052750635449943,Northeast_Himalayan_subalpine_conifer_forests,South_Deccan_Plateau_dry_deciduous_forests    ,0.8796,-0.14253571611580404
Northeast_Himalayan_subalpine_conifer_forests,0.6052750635449943,Northeast_Himalayan_subalpine_conifer_forests,Orissa_semi_evergreen_forests                 ,0.8345,-0.14253571611580404
Northeast_Himalayan_subalpine_conifer_forests,0.6052750635449943,Northeast_Himalayan_subalpine_conifer_forests,Sundarbans_freshwater_swamp_forests           ,0.8558,-0.14253571611580404
Northeast_Himalayan_subalpine_conifer_forests,0.6052750635449943,Northeast_Himalayan_subalpine_conifer_forests,Himalayan_subtropical_pine_forests            ,0.8833,-0.14253571611580404
North_Western_Ghats_moist_deciduous_forests,0.3420014978059124,North_Western_Ghats_moist_deciduous_forests,Brahmaputra_Valley_semi_evergreen_forests     ,0.8824,-0.14253571611580404
North_Western_Ghats_moist_deciduous_forests,0.3420014978059124,North_Western_Ghats_moist_deciduous_forests,Western_Himalayan_broadleaf_forests           ,0.8839,-0.14253571611580404
North_Western_Ghats_moist_deciduous_forests,0.3420014978059124,North_Western_Ghats_moist_deciduous_forests,Northeast_Himalayan_subalpine_conifer_forests ,0.8566,-0.14253571611580404
North_Western_Ghats_moist_deciduous_forests,0.3420014978059124,North_Western_Ghats_moist_deciduous_forests,South_Western_Ghats_montane_rain_forests      ,0.9312,-0.14253571611580404
North_Western_Ghats_moist_deciduous_forests,0.3420014978059124,North_Western_Ghats_moist_deciduous_forests,Narmada_Valley_dry_deciduous_forests          ,0.942,-0.14253571611580404
North_Western_Ghats_moist_deciduous_forests,0.3420014978059124,North_Western_Ghats_moist_deciduous_forests,Mizoram_Manipur_Kachin_rain_forests           ,0.9439,-0.14253571611580404
North_Western_Ghats_moist_deciduous_forests,0.3420014978059124,North_Western_Ghats_moist_deciduous_forests,Khathiar_Gir_dry_deciduous_forests            ,0.9469,-0.14253571611580404
North_Western_Ghats_moist_deciduous_forests,0.3420014978059124,North_Western_Ghats_moist_deciduous_forests,Aravalli_west_thorn_scrub_forests             ,0.9414,-0.14253571611580404
North_Western_Ghats_moist_deciduous_forests,0.3420014978059124,North_Western_Ghats_moist_deciduous_forests,Maldives_Lakshadweep_Chagos_Archipelago_tropical_moist_forests,0.6853,-0.14253571611580404
North_Western_Ghats_moist_deciduous_forests,0.3420014978059124,North_Western_Ghats_moist_deciduous_forests,East_Deccan_moist_deciduous_forests           ,0.9605,-0.14253571611580404
North_Western_Ghats_moist_deciduous_forests,0.3420014978059124,North_Western_Ghats_moist_deciduous_forests,East_Deccan_dry_evergreen_forests             ,0.9146,-0.14253571611580404
North_Western_Ghats_moist_deciduous_forests,0.3420014978059124,North_Western_Ghats_moist_deciduous_forests,Central_Deccan_Plateau_dry_deciduous_forests  ,0.9551,-0.14253571611580404
North_Western_Ghats_moist_deciduous_forests,0.3420014978059124,North_Western_Ghats_moist_deciduous_forests,Eastern_Himalayan_broadleaf_forests           ,0.9436,-0.14253571611580404
North_Western_Ghats_moist_deciduous_forests,0.3420014978059124,North_Western_Ghats_moist_deciduous_forests,Central_Tibetan_Plateau_alpine_steppe         ,0.7869,-0.14253571611580404
North_Western_Ghats_moist_deciduous_forests,0.3420014978059124,North_Western_Ghats_moist_deciduous_forests,Terai_Duar_savanna_and_grasslands             ,0.9374,-0.14253571611580404
North_Western_Ghats_moist_deciduous_forests,0.3420014978059124,North_Western_Ghats_moist_deciduous_forests,Nicobar_Islands_rain_forests                  ,0.7104,-0.14253571611580404
North_Western_Ghats_moist_deciduous_forests,0.3420014978059124,North_Western_Ghats_moist_deciduous_forests,Eastern_Himalayan_alpine_shrub_and_meadows    ,0.8756,-0.14253571611580404
North_Western_Ghats_moist_deciduous_forests,0.3420014978059124,North_Western_Ghats_moist_deciduous_forests,North_Western_Ghats_montane_rain_forests      ,0.9866,-0.14253571611580404
North_Western_Ghats_moist_deciduous_forests,0.3420014978059124,North_Western_Ghats_moist_deciduous_forests,Chhota_Nagpur_dry_deciduous_forests           ,0.9466,-0.14253571611580404
North_Western_Ghats_moist_deciduous_forests,0.3420014978059124,North_Western_Ghats_moist_deciduous_forests,Rann_of_Kutch_seasonal_salt_marsh             ,0.9254,-0.14253571611580404
North_Western_Ghats_moist_deciduous_forests,0.3420014978059124,North_Western_Ghats_moist_deciduous_forests,Northwestern_Himalayan_alpine_shrub_and_meadows,0.7411,-0.14253571611580404
North_Western_Ghats_moist_deciduous_forests,0.3420014978059124,North_Western_Ghats_moist_deciduous_forests,Upper_Gangetic_Plains_moist_deciduous_forests ,0.9496,-0.14253571611580404
North_Western_Ghats_moist_deciduous_forests,0.3420014978059124,North_Western_Ghats_moist_deciduous_forests,North_Deccan_dry_deciduous_forests            ,0.9357,-0.14253571611580404
North_Western_Ghats_moist_deciduous_forests,0.3420014978059124,North_Western_Ghats_moist_deciduous_forests,Northeast_India_Myanmar_pine_forests          ,0.8332,-0.14253571611580404
North_Western_Ghats_moist_deciduous_forests,0.3420014978059124,North_Western_Ghats_moist_deciduous_forests,Sundarbans_mangroves                          ,0.8982,-0.14253571611580404
North_Western_Ghats_moist_deciduous_forests,0.3420014978059124,North_Western_Ghats_moist_deciduous_forests,Karakoram_West_Tibetan_Plateau_alpine_steppe  ,0.7591,-0.14253571611580404
North_Western_Ghats_moist_deciduous_forests,0.3420014978059124,North_Western_Ghats_moist_deciduous_forests,Baluchistan_xeric_woodlands                   ,0.892,-0.14253571611580404
North_Western_Ghats_moist_deciduous_forests,0.3420014978059124,North_Western_Ghats_moist_deciduous_forests,Indus_River_Delta_Arabian_Sea_mangroves       ,0.9499,-0.14253571611580404
North_Western_Ghats_moist_deciduous_forests,0.3420014978059124,North_Western_Ghats_moist_deciduous_forests,Meghalaya_subtropical_forests                 ,0.9357,-0.14253571611580404
North_Western_Ghats_moist_deciduous_forests,0.3420014978059124,North_Western_Ghats_moist_deciduous_forests,Chin_Hills_Arakan_Yoma_montane_forests        ,0.9232,-0.14253571611580404
North_Western_Ghats_moist_deciduous_forests,0.3420014978059124,North_Western_Ghats_moist_deciduous_forests,North_Western_Ghats_moist_deciduous_forests   ,1.0,-0.14253571611580404
North_Western_Ghats_moist_deciduous_forests,0.3420014978059124,North_Western_Ghats_moist_deciduous_forests,Northern_Triangle_temperate_forests           ,0.843,-0.14253571611580404
North_Western_Ghats_moist_deciduous_forests,0.3420014978059124,North_Western_Ghats_moist_deciduous_forests,Malabar_Coast_moist_forests                   ,0.9428,-0.14253571611580404
North_Western_Ghats_moist_deciduous_forests,0.3420014978059124,North_Western_Ghats_moist_deciduous_forests,Andaman_Islands_rain_forests                  ,0.8098,-0.14253571611580404
North_Western_Ghats_moist_deciduous_forests,0.3420014978059124,North_Western_Ghats_moist_deciduous_forests,Western_Himalayan_alpine_shrub_and_meadows    ,0.7969,-0.14253571611580404
North_Western_Ghats_moist_deciduous_forests,0.3420014978059124,North_Western_Ghats_moist_deciduous_forests,Eastern_Himalayan_subalpine_conifer_forests   ,0.9029,-0.14253571611580404
North_Western_Ghats_moist_deciduous_forests,0.3420014978059124,North_Western_Ghats_moist_deciduous_forests,Deccan_thorn_scrub_forests                    ,0.9575,-0.14253571611580404
North_Western_Ghats_moist_deciduous_forests,0.3420014978059124,North_Western_Ghats_moist_deciduous_forests,Western_Himalayan_subalpine_conifer_forests   ,0.8791,-0.14253571611580404
North_Western_Ghats_moist_deciduous_forests,0.3420014978059124,North_Western_Ghats_moist_deciduous_forests,Lower_Gangetic_Plains_moist_deciduous_forests ,0.9519,-0.14253571611580404
North_Western_Ghats_moist_deciduous_forests,0.3420014978059124,North_Western_Ghats_moist_deciduous_forests,South_Western_Ghats_moist_deciduous_forests   ,0.9348,-0.14253571611580404
North_Western_Ghats_moist_deciduous_forests,0.3420014978059124,North_Western_Ghats_moist_deciduous_forests,Thar_desert                                   ,0.9052,-0.14253571611580404
North_Western_Ghats_moist_deciduous_forests,0.3420014978059124,North_Western_Ghats_moist_deciduous_forests,Godavari_Krishna_mangroves                    ,0.9182,-0.14253571611580404
North_Western_Ghats_moist_deciduous_forests,0.3420014978059124,North_Western_Ghats_moist_deciduous_forests,North_Tibetan_Plateau_Kunlun_Mountains_alpine_desert,0.8006,-0.14253571611580404
North_Western_Ghats_moist_deciduous_forests,0.3420014978059124,North_Western_Ghats_moist_deciduous_forests,Himalayan_subtropical_broadleaf_forests       ,0.9442,-0.14253571611580404
North_Western_Ghats_moist_deciduous_forests,0.3420014978059124,North_Western_Ghats_moist_deciduous_forests,South_Deccan_Plateau_dry_deciduous_forests    ,0.9367,-0.14253571611580404
North_Western_Ghats_moist_deciduous_forests,0.3420014978059124,North_Western_Ghats_moist_deciduous_forests,Orissa_semi_evergreen_forests                 ,0.9172,-0.14253571611580404
North_Western_Ghats_moist_deciduous_forests,0.3420014978059124,North_Western_Ghats_moist_deciduous_forests,Sundarbans_freshwater_swamp_forests           ,0.9068,-0.14253571611580404
North_Western_Ghats_moist_deciduous_forests,0.3420014978059124,North_Western_Ghats_moist_deciduous_forests,Himalayan_subtropical_pine_forests            ,0.9422,-0.14253571611580404
North_Tibetan_Plateau_Kunlun_Mountains_alpine_desert,0.5278577875655197,North_Tibetan_Plateau_Kunlun_Mountains_alpine_desert,Brahmaputra_Valley_semi_evergreen_forests     ,0.795,-0.14253571611580404
North_Tibetan_Plateau_Kunlun_Mountains_alpine_desert,0.5278577875655197,North_Tibetan_Plateau_Kunlun_Mountains_alpine_desert,Western_Himalayan_broadleaf_forests           ,0.8551,-0.14253571611580404
North_Tibetan_Plateau_Kunlun_Mountains_alpine_desert,0.5278577875655197,North_Tibetan_Plateau_Kunlun_Mountains_alpine_desert,Northeast_Himalayan_subalpine_conifer_forests ,0.9813,-0.14253571611580404
North_Tibetan_Plateau_Kunlun_Mountains_alpine_desert,0.5278577875655197,North_Tibetan_Plateau_Kunlun_Mountains_alpine_desert,South_Western_Ghats_montane_rain_forests      ,0.7622,-0.14253571611580404
North_Tibetan_Plateau_Kunlun_Mountains_alpine_desert,0.5278577875655197,North_Tibetan_Plateau_Kunlun_Mountains_alpine_desert,Narmada_Valley_dry_deciduous_forests          ,0.8637,-0.14253571611580404
North_Tibetan_Plateau_Kunlun_Mountains_alpine_desert,0.5278577875655197,North_Tibetan_Plateau_Kunlun_Mountains_alpine_desert,Mizoram_Manipur_Kachin_rain_forests           ,0.8265,-0.14253571611580404
North_Tibetan_Plateau_Kunlun_Mountains_alpine_desert,0.5278577875655197,North_Tibetan_Plateau_Kunlun_Mountains_alpine_desert,Khathiar_Gir_dry_deciduous_forests            ,0.8556,-0.14253571611580404
North_Tibetan_Plateau_Kunlun_Mountains_alpine_desert,0.5278577875655197,North_Tibetan_Plateau_Kunlun_Mountains_alpine_desert,Aravalli_west_thorn_scrub_forests             ,0.8358,-0.14253571611580404
North_Tibetan_Plateau_Kunlun_Mountains_alpine_desert,0.5278577875655197,North_Tibetan_Plateau_Kunlun_Mountains_alpine_desert,Maldives_Lakshadweep_Chagos_Archipelago_tropical_moist_forests,0.3697,-0.14253571611580404
North_Tibetan_Plateau_Kunlun_Mountains_alpine_desert,0.5278577875655197,North_Tibetan_Plateau_Kunlun_Mountains_alpine_desert,East_Deccan_moist_deciduous_forests           ,0.8385,-0.14253571611580404
North_Tibetan_Plateau_Kunlun_Mountains_alpine_desert,0.5278577875655197,North_Tibetan_Plateau_Kunlun_Mountains_alpine_desert,East_Deccan_dry_evergreen_forests             ,0.7353,-0.14253571611580404
North_Tibetan_Plateau_Kunlun_Mountains_alpine_desert,0.5278577875655197,North_Tibetan_Plateau_Kunlun_Mountains_alpine_desert,Central_Deccan_Plateau_dry_deciduous_forests  ,0.8398,-0.14253571611580404
North_Tibetan_Plateau_Kunlun_Mountains_alpine_desert,0.5278577875655197,North_Tibetan_Plateau_Kunlun_Mountains_alpine_desert,Eastern_Himalayan_broadleaf_forests           ,0.851,-0.14253571611580404
North_Tibetan_Plateau_Kunlun_Mountains_alpine_desert,0.5278577875655197,North_Tibetan_Plateau_Kunlun_Mountains_alpine_desert,Central_Tibetan_Plateau_alpine_steppe         ,0.9965,-0.14253571611580404
North_Tibetan_Plateau_Kunlun_Mountains_alpine_desert,0.5278577875655197,North_Tibetan_Plateau_Kunlun_Mountains_alpine_desert,Terai_Duar_savanna_and_grasslands             ,0.7983,-0.14253571611580404
North_Tibetan_Plateau_Kunlun_Mountains_alpine_desert,0.5278577875655197,North_Tibetan_Plateau_Kunlun_Mountains_alpine_desert,Nicobar_Islands_rain_forests                  ,0.3955,-0.14253571611580404
North_Tibetan_Plateau_Kunlun_Mountains_alpine_desert,0.5278577875655197,North_Tibetan_Plateau_Kunlun_Mountains_alpine_desert,Eastern_Himalayan_alpine_shrub_and_meadows    ,0.972,-0.14253571611580404
North_Tibetan_Plateau_Kunlun_Mountains_alpine_desert,0.5278577875655197,North_Tibetan_Plateau_Kunlun_Mountains_alpine_desert,North_Western_Ghats_montane_rain_forests      ,0.8199,-0.14253571611580404
North_Tibetan_Plateau_Kunlun_Mountains_alpine_desert,0.5278577875655197,North_Tibetan_Plateau_Kunlun_Mountains_alpine_desert,Chhota_Nagpur_dry_deciduous_forests           ,0.852,-0.14253571611580404
North_Tibetan_Plateau_Kunlun_Mountains_alpine_desert,0.5278577875655197,North_Tibetan_Plateau_Kunlun_Mountains_alpine_desert,Rann_of_Kutch_seasonal_salt_marsh             ,0.8257,-0.14253571611580404
North_Tibetan_Plateau_Kunlun_Mountains_alpine_desert,0.5278577875655197,North_Tibetan_Plateau_Kunlun_Mountains_alpine_desert,Northwestern_Himalayan_alpine_shrub_and_meadows,0.9115,-0.14253571611580404
North_Tibetan_Plateau_Kunlun_Mountains_alpine_desert,0.5278577875655197,North_Tibetan_Plateau_Kunlun_Mountains_alpine_desert,Upper_Gangetic_Plains_moist_deciduous_forests ,0.8225,-0.14253571611580404
North_Tibetan_Plateau_Kunlun_Mountains_alpine_desert,0.5278577875655197,North_Tibetan_Plateau_Kunlun_Mountains_alpine_desert,North_Deccan_dry_deciduous_forests            ,0.8379,-0.14253571611580404
North_Tibetan_Plateau_Kunlun_Mountains_alpine_desert,0.5278577875655197,North_Tibetan_Plateau_Kunlun_Mountains_alpine_desert,Northeast_India_Myanmar_pine_forests          ,0.8792,-0.14253571611580404
North_Tibetan_Plateau_Kunlun_Mountains_alpine_desert,0.5278577875655197,North_Tibetan_Plateau_Kunlun_Mountains_alpine_desert,Sundarbans_mangroves                          ,0.7782,-0.14253571611580404
North_Tibetan_Plateau_Kunlun_Mountains_alpine_desert,0.5278577875655197,North_Tibetan_Plateau_Kunlun_Mountains_alpine_desert,Karakoram_West_Tibetan_Plateau_alpine_steppe  ,0.9756,-0.14253571611580404
North_Tibetan_Plateau_Kunlun_Mountains_alpine_desert,0.5278577875655197,North_Tibetan_Plateau_Kunlun_Mountains_alpine_desert,Baluchistan_xeric_woodlands                   ,0.9353,-0.14253571611580404
North_Tibetan_Plateau_Kunlun_Mountains_alpine_desert,0.5278577875655197,North_Tibetan_Plateau_Kunlun_Mountains_alpine_desert,Indus_River_Delta_Arabian_Sea_mangroves       ,0.7861,-0.14253571611580404
North_Tibetan_Plateau_Kunlun_Mountains_alpine_desert,0.5278577875655197,North_Tibetan_Plateau_Kunlun_Mountains_alpine_desert,Meghalaya_subtropical_forests                 ,0.858,-0.14253571611580404
North_Tibetan_Plateau_Kunlun_Mountains_alpine_desert,0.5278577875655197,North_Tibetan_Plateau_Kunlun_Mountains_alpine_desert,Chin_Hills_Arakan_Yoma_montane_forests        ,0.8851,-0.14253571611580404
North_Tibetan_Plateau_Kunlun_Mountains_alpine_desert,0.5278577875655197,North_Tibetan_Plateau_Kunlun_Mountains_alpine_desert,North_Western_Ghats_moist_deciduous_forests   ,0.8006,-0.14253571611580404
North_Tibetan_Plateau_Kunlun_Mountains_alpine_desert,0.5278577875655197,North_Tibetan_Plateau_Kunlun_Mountains_alpine_desert,Northern_Triangle_temperate_forests           ,0.8697,-0.14253571611580404
North_Tibetan_Plateau_Kunlun_Mountains_alpine_desert,0.5278577875655197,North_Tibetan_Plateau_Kunlun_Mountains_alpine_desert,Malabar_Coast_moist_forests                   ,0.6344,-0.14253571611580404
North_Tibetan_Plateau_Kunlun_Mountains_alpine_desert,0.5278577875655197,North_Tibetan_Plateau_Kunlun_Mountains_alpine_desert,Andaman_Islands_rain_forests                  ,0.4618,-0.14253571611580404
North_Tibetan_Plateau_Kunlun_Mountains_alpine_desert,0.5278577875655197,North_Tibetan_Plateau_Kunlun_Mountains_alpine_desert,Western_Himalayan_alpine_shrub_and_meadows    ,0.949,-0.14253571611580404
North_Tibetan_Plateau_Kunlun_Mountains_alpine_desert,0.5278577875655197,North_Tibetan_Plateau_Kunlun_Mountains_alpine_desert,Eastern_Himalayan_subalpine_conifer_forests   ,0.9503,-0.14253571611580404
North_Tibetan_Plateau_Kunlun_Mountains_alpine_desert,0.5278577875655197,North_Tibetan_Plateau_Kunlun_Mountains_alpine_desert,Deccan_thorn_scrub_forests                    ,0.7982,-0.14253571611580404
North_Tibetan_Plateau_Kunlun_Mountains_alpine_desert,0.5278577875655197,North_Tibetan_Plateau_Kunlun_Mountains_alpine_desert,Western_Himalayan_subalpine_conifer_forests   ,0.8795,-0.14253571611580404
North_Tibetan_Plateau_Kunlun_Mountains_alpine_desert,0.5278577875655197,North_Tibetan_Plateau_Kunlun_Mountains_alpine_desert,Lower_Gangetic_Plains_moist_deciduous_forests ,0.8018,-0.14253571611580404
North_Tibetan_Plateau_Kunlun_Mountains_alpine_desert,0.5278577875655197,North_Tibetan_Plateau_Kunlun_Mountains_alpine_desert,South_Western_Ghats_moist_deciduous_forests   ,0.7496,-0.14253571611580404
North_Tibetan_Plateau_Kunlun_Mountains_alpine_desert,0.5278577875655197,North_Tibetan_Plateau_Kunlun_Mountains_alpine_desert,Thar_desert                                   ,0.8042,-0.14253571611580404
North_Tibetan_Plateau_Kunlun_Mountains_alpine_desert,0.5278577875655197,North_Tibetan_Plateau_Kunlun_Mountains_alpine_desert,Godavari_Krishna_mangroves                    ,0.7544,-0.14253571611580404
North_Tibetan_Plateau_Kunlun_Mountains_alpine_desert,0.5278577875655197,North_Tibetan_Plateau_Kunlun_Mountains_alpine_desert,North_Tibetan_Plateau_Kunlun_Mountains_alpine_desert,1.0,-0.14253571611580404
North_Tibetan_Plateau_Kunlun_Mountains_alpine_desert,0.5278577875655197,North_Tibetan_Plateau_Kunlun_Mountains_alpine_desert,Himalayan_subtropical_broadleaf_forests       ,0.8654,-0.14253571611580404
North_Tibetan_Plateau_Kunlun_Mountains_alpine_desert,0.5278577875655197,North_Tibetan_Plateau_Kunlun_Mountains_alpine_desert,South_Deccan_Plateau_dry_deciduous_forests    ,0.8357,-0.14253571611580404
North_Tibetan_Plateau_Kunlun_Mountains_alpine_desert,0.5278577875655197,North_Tibetan_Plateau_Kunlun_Mountains_alpine_desert,Orissa_semi_evergreen_forests                 ,0.7744,-0.14253571611580404
North_Tibetan_Plateau_Kunlun_Mountains_alpine_desert,0.5278577875655197,North_Tibetan_Plateau_Kunlun_Mountains_alpine_desert,Sundarbans_freshwater_swamp_forests           ,0.8,-0.14253571611580404
North_Tibetan_Plateau_Kunlun_Mountains_alpine_desert,0.5278577875655197,North_Tibetan_Plateau_Kunlun_Mountains_alpine_desert,Himalayan_subtropical_pine_forests            ,0.8102,-0.14253571611580404
Northwestern_Himalayan_alpine_shrub_and_meadows,0.3215599610902326,Northwestern_Himalayan_alpine_shrub_and_meadows,Brahmaputra_Valley_semi_evergreen_forests     ,0.8403,-0.14253571611580404
Northwestern_Himalayan_alpine_shrub_and_meadows,0.3215599610902326,Northwestern_Himalayan_alpine_shrub_and_meadows,Western_Himalayan_broadleaf_forests           ,0.9319,-0.14253571611580404
Northwestern_Himalayan_alpine_shrub_and_meadows,0.3215599610902326,Northwestern_Himalayan_alpine_shrub_and_meadows,Northeast_Himalayan_subalpine_conifer_forests ,0.9347,-0.14253571611580404
Northwestern_Himalayan_alpine_shrub_and_meadows,0.3215599610902326,Northwestern_Himalayan_alpine_shrub_and_meadows,South_Western_Ghats_montane_rain_forests      ,0.7882,-0.14253571611580404
Northwestern_Himalayan_alpine_shrub_and_meadows,0.3215599610902326,Northwestern_Himalayan_alpine_shrub_and_meadows,Narmada_Valley_dry_deciduous_forests          ,0.8119,-0.14253571611580404
Northwestern_Himalayan_alpine_shrub_and_meadows,0.3215599610902326,Northwestern_Himalayan_alpine_shrub_and_meadows,Mizoram_Manipur_Kachin_rain_forests           ,0.8369,-0.14253571611580404
Northwestern_Himalayan_alpine_shrub_and_meadows,0.3215599610902326,Northwestern_Himalayan_alpine_shrub_and_meadows,Khathiar_Gir_dry_deciduous_forests            ,0.791,-0.14253571611580404
Northwestern_Himalayan_alpine_shrub_and_meadows,0.3215599610902326,Northwestern_Himalayan_alpine_shrub_and_meadows,Aravalli_west_thorn_scrub_forests             ,0.7961,-0.14253571611580404
Northwestern_Himalayan_alpine_shrub_and_meadows,0.3215599610902326,Northwestern_Himalayan_alpine_shrub_and_meadows,Maldives_Lakshadweep_Chagos_Archipelago_tropical_moist_forests,0.4555,-0.14253571611580404
Northwestern_Himalayan_alpine_shrub_and_meadows,0.3215599610902326,Northwestern_Himalayan_alpine_shrub_and_meadows,East_Deccan_moist_deciduous_forests           ,0.8192,-0.14253571611580404
Northwestern_Himalayan_alpine_shrub_and_meadows,0.3215599610902326,Northwestern_Himalayan_alpine_shrub_and_meadows,East_Deccan_dry_evergreen_forests             ,0.7681,-0.14253571611580404
Northwestern_Himalayan_alpine_shrub_and_meadows,0.3215599610902326,Northwestern_Himalayan_alpine_shrub_and_meadows,Central_Deccan_Plateau_dry_deciduous_forests  ,0.8091,-0.14253571611580404
Northwestern_Himalayan_alpine_shrub_and_meadows,0.3215599610902326,Northwestern_Himalayan_alpine_shrub_and_meadows,Eastern_Himalayan_broadleaf_forests           ,0.872,-0.14253571611580404
Northwestern_Himalayan_alpine_shrub_and_meadows,0.3215599610902326,Northwestern_Himalayan_alpine_shrub_and_meadows,Central_Tibetan_Plateau_alpine_steppe         ,0.9199,-0.14253571611580404
Northwestern_Himalayan_alpine_shrub_and_meadows,0.3215599610902326,Northwestern_Himalayan_alpine_shrub_and_meadows,Terai_Duar_savanna_and_grasslands             ,0.7835,-0.14253571611580404
Northwestern_Himalayan_alpine_shrub_and_meadows,0.3215599610902326,Northwestern_Himalayan_alpine_shrub_and_meadows,Nicobar_Islands_rain_forests                  ,0.5524,-0.14253571611580404
Northwestern_Himalayan_alpine_shrub_and_meadows,0.3215599610902326,Northwestern_Himalayan_alpine_shrub_and_meadows,Eastern_Himalayan_alpine_shrub_and_meadows    ,0.9273,-0.14253571611580404
Northwestern_Himalayan_alpine_shrub_and_meadows,0.3215599610902326,Northwestern_Himalayan_alpine_shrub_and_meadows,North_Western_Ghats_montane_rain_forests      ,0.7476,-0.14253571611580404
Northwestern_Himalayan_alpine_shrub_and_meadows,0.3215599610902326,Northwestern_Himalayan_alpine_shrub_and_meadows,Chhota_Nagpur_dry_deciduous_forests           ,0.823,-0.14253571611580404
Northwestern_Himalayan_alpine_shrub_and_meadows,0.3215599610902326,Northwestern_Himalayan_alpine_shrub_and_meadows,Rann_of_Kutch_seasonal_salt_marsh             ,0.7554,-0.14253571611580404
Northwestern_Himalayan_alpine_shrub_and_meadows,0.3215599610902326,Northwestern_Himalayan_alpine_shrub_and_meadows,Northwestern_Himalayan_alpine_shrub_and_meadows,1.0,-0.14253571611580404
Northwestern_Himalayan_alpine_shrub_and_meadows,0.3215599610902326,Northwestern_Himalayan_alpine_shrub_and_meadows,Upper_Gangetic_Plains_moist_deciduous_forests ,0.7862,-0.14253571611580404
Northwestern_Himalayan_alpine_shrub_and_meadows,0.3215599610902326,Northwestern_Himalayan_alpine_shrub_and_meadows,North_Deccan_dry_deciduous_forests            ,0.8143,-0.14253571611580404
Northwestern_Himalayan_alpine_shrub_and_meadows,0.3215599610902326,Northwestern_Himalayan_alpine_shrub_and_meadows,Northeast_India_Myanmar_pine_forests          ,0.8901,-0.14253571611580404
Northwestern_Himalayan_alpine_shrub_and_meadows,0.3215599610902326,Northwestern_Himalayan_alpine_shrub_and_meadows,Sundarbans_mangroves                          ,0.7913,-0.14253571611580404
Northwestern_Himalayan_alpine_shrub_and_meadows,0.3215599610902326,Northwestern_Himalayan_alpine_shrub_and_meadows,Karakoram_West_Tibetan_Plateau_alpine_steppe  ,0.969,-0.14253571611580404
Northwestern_Himalayan_alpine_shrub_and_meadows,0.3215599610902326,Northwestern_Himalayan_alpine_shrub_and_meadows,Baluchistan_xeric_woodlands                   ,0.9166,-0.14253571611580404
Northwestern_Himalayan_alpine_shrub_and_meadows,0.3215599610902326,Northwestern_Himalayan_alpine_shrub_and_meadows,Indus_River_Delta_Arabian_Sea_mangroves       ,0.7272,-0.14253571611580404
Northwestern_Himalayan_alpine_shrub_and_meadows,0.3215599610902326,Northwestern_Himalayan_alpine_shrub_and_meadows,Meghalaya_subtropical_forests                 ,0.868,-0.14253571611580404
Northwestern_Himalayan_alpine_shrub_and_meadows,0.3215599610902326,Northwestern_Himalayan_alpine_shrub_and_meadows,Chin_Hills_Arakan_Yoma_montane_forests        ,0.8641,-0.14253571611580404
Northwestern_Himalayan_alpine_shrub_and_meadows,0.3215599610902326,Northwestern_Himalayan_alpine_shrub_and_meadows,North_Western_Ghats_moist_deciduous_forests   ,0.7411,-0.14253571611580404
Northwestern_Himalayan_alpine_shrub_and_meadows,0.3215599610902326,Northwestern_Himalayan_alpine_shrub_and_meadows,Northern_Triangle_temperate_forests           ,0.9048,-0.14253571611580404
Northwestern_Himalayan_alpine_shrub_and_meadows,0.3215599610902326,Northwestern_Himalayan_alpine_shrub_and_meadows,Malabar_Coast_moist_forests                   ,0.6253,-0.14253571611580404
Northwestern_Himalayan_alpine_shrub_and_meadows,0.3215599610902326,Northwestern_Himalayan_alpine_shrub_and_meadows,Andaman_Islands_rain_forests                  ,0.5433,-0.14253571611580404
Northwestern_Himalayan_alpine_shrub_and_meadows,0.3215599610902326,Northwestern_Himalayan_alpine_shrub_and_meadows,Western_Himalayan_alpine_shrub_and_meadows    ,0.9684,-0.14253571611580404
Northwestern_Himalayan_alpine_shrub_and_meadows,0.3215599610902326,Northwestern_Himalayan_alpine_shrub_and_meadows,Eastern_Himalayan_subalpine_conifer_forests   ,0.9282,-0.14253571611580404
Northwestern_Himalayan_alpine_shrub_and_meadows,0.3215599610902326,Northwestern_Himalayan_alpine_shrub_and_meadows,Deccan_thorn_scrub_forests                    ,0.7833,-0.14253571611580404
Northwestern_Himalayan_alpine_shrub_and_meadows,0.3215599610902326,Northwestern_Himalayan_alpine_shrub_and_meadows,Western_Himalayan_subalpine_conifer_forests   ,0.9506,-0.14253571611580404
Northwestern_Himalayan_alpine_shrub_and_meadows,0.3215599610902326,Northwestern_Himalayan_alpine_shrub_and_meadows,Lower_Gangetic_Plains_moist_deciduous_forests ,0.7837,-0.14253571611580404
Northwestern_Himalayan_alpine_shrub_and_meadows,0.3215599610902326,Northwestern_Himalayan_alpine_shrub_and_meadows,South_Western_Ghats_moist_deciduous_forests   ,0.7763,-0.14253571611580404
Northwestern_Himalayan_alpine_shrub_and_meadows,0.3215599610902326,Northwestern_Himalayan_alpine_shrub_and_meadows,Thar_desert                                   ,0.7532,-0.14253571611580404
Northwestern_Himalayan_alpine_shrub_and_meadows,0.3215599610902326,Northwestern_Himalayan_alpine_shrub_and_meadows,Godavari_Krishna_mangroves                    ,0.7596,-0.14253571611580404
Northwestern_Himalayan_alpine_shrub_and_meadows,0.3215599610902326,Northwestern_Himalayan_alpine_shrub_and_meadows,North_Tibetan_Plateau_Kunlun_Mountains_alpine_desert,0.9115,-0.14253571611580404
Northwestern_Himalayan_alpine_shrub_and_meadows,0.3215599610902326,Northwestern_Himalayan_alpine_shrub_and_meadows,Himalayan_subtropical_broadleaf_forests       ,0.8577,-0.14253571611580404
Northwestern_Himalayan_alpine_shrub_and_meadows,0.3215599610902326,Northwestern_Himalayan_alpine_shrub_and_meadows,South_Deccan_Plateau_dry_deciduous_forests    ,0.8374,-0.14253571611580404
Northwestern_Himalayan_alpine_shrub_and_meadows,0.3215599610902326,Northwestern_Himalayan_alpine_shrub_and_meadows,Orissa_semi_evergreen_forests                 ,0.7898,-0.14253571611580404
Northwestern_Himalayan_alpine_shrub_and_meadows,0.3215599610902326,Northwestern_Himalayan_alpine_shrub_and_meadows,Sundarbans_freshwater_swamp_forests           ,0.8027,-0.14253571611580404
Northwestern_Himalayan_alpine_shrub_and_meadows,0.3215599610902326,Northwestern_Himalayan_alpine_shrub_and_meadows,Himalayan_subtropical_pine_forests            ,0.8551,-0.14253571611580404
Northern_Triangle_temperate_forests,0.4572908804210364,Northern_Triangle_temperate_forests,Brahmaputra_Valley_semi_evergreen_forests     ,0.9363,-0.14253571611580404
Northern_Triangle_temperate_forests,0.4572908804210364,Northern_Triangle_temperate_forests,Western_Himalayan_broadleaf_forests           ,0.9371,-0.14253571611580404
Northern_Triangle_temperate_forests,0.4572908804210364,Northern_Triangle_temperate_forests,Northeast_Himalayan_subalpine_conifer_forests ,0.928,-0.14253571611580404
Northern_Triangle_temperate_forests,0.4572908804210364,Northern_Triangle_temperate_forests,South_Western_Ghats_montane_rain_forests      ,0.8652,-0.14253571611580404
Northern_Triangle_temperate_forests,0.4572908804210364,Northern_Triangle_temperate_forests,Narmada_Valley_dry_deciduous_forests          ,0.8383,-0.14253571611580404
Northern_Triangle_temperate_forests,0.4572908804210364,Northern_Triangle_temperate_forests,Mizoram_Manipur_Kachin_rain_forests           ,0.9358,-0.14253571611580404
Northern_Triangle_temperate_forests,0.4572908804210364,Northern_Triangle_temperate_forests,Khathiar_Gir_dry_deciduous_forests            ,0.8247,-0.14253571611580404
Northern_Triangle_temperate_forests,0.4572908804210364,Northern_Triangle_temperate_forests,Aravalli_west_thorn_scrub_forests             ,0.8266,-0.14253571611580404
Northern_Triangle_temperate_forests,0.4572908804210364,Northern_Triangle_temperate_forests,Maldives_Lakshadweep_Chagos_Archipelago_tropical_moist_forests,0.5111,-0.14253571611580404
Northern_Triangle_temperate_forests,0.4572908804210364,Northern_Triangle_temperate_forests,East_Deccan_moist_deciduous_forests           ,0.8498,-0.14253571611580404
Northern_Triangle_temperate_forests,0.4572908804210364,Northern_Triangle_temperate_forests,East_Deccan_dry_evergreen_forests             ,0.7796,-0.14253571611580404
Northern_Triangle_temperate_forests,0.4572908804210364,Northern_Triangle_temperate_forests,Central_Deccan_Plateau_dry_deciduous_forests  ,0.8338,-0.14253571611580404
Northern_Triangle_temperate_forests,0.4572908804210364,Northern_Triangle_temperate_forests,Eastern_Himalayan_broadleaf_forests           ,0.9566,-0.14253571611580404
Northern_Triangle_temperate_forests,0.4572908804210364,Northern_Triangle_temperate_forests,Central_Tibetan_Plateau_alpine_steppe         ,0.8819,-0.14253571611580404
Northern_Triangle_temperate_forests,0.4572908804210364,Northern_Triangle_temperate_forests,Terai_Duar_savanna_and_grasslands             ,0.8809,-0.14253571611580404
Northern_Triangle_temperate_forests,0.4572908804210364,Northern_Triangle_temperate_forests,Nicobar_Islands_rain_forests                  ,0.6088,-0.14253571611580404
Northern_Triangle_temperate_forests,0.4572908804210364,Northern_Triangle_temperate_forests,Eastern_Himalayan_alpine_shrub_and_meadows    ,0.9217,-0.14253571611580404
Northern_Triangle_temperate_forests,0.4572908804210364,Northern_Triangle_temperate_forests,North_Western_Ghats_montane_rain_forests      ,0.8623,-0.14253571611580404
Northern_Triangle_temperate_forests,0.4572908804210364,Northern_Triangle_temperate_forests,Chhota_Nagpur_dry_deciduous_forests           ,0.8551,-0.14253571611580404
Northern_Triangle_temperate_forests,0.4572908804210364,Northern_Triangle_temperate_forests,Rann_of_Kutch_seasonal_salt_marsh             ,0.7936,-0.14253571611580404
Northern_Triangle_temperate_forests,0.4572908804210364,Northern_Triangle_temperate_forests,Northwestern_Himalayan_alpine_shrub_and_meadows,0.9048,-0.14253571611580404
Northern_Triangle_temperate_forests,0.4572908804210364,Northern_Triangle_temperate_forests,Upper_Gangetic_Plains_moist_deciduous_forests ,0.8349,-0.14253571611580404
Northern_Triangle_temperate_forests,0.4572908804210364,Northern_Triangle_temperate_forests,North_Deccan_dry_deciduous_forests            ,0.8512,-0.14253571611580404
Northern_Triangle_temperate_forests,0.4572908804210364,Northern_Triangle_temperate_forests,Northeast_India_Myanmar_pine_forests          ,0.9755,-0.14253571611580404
Northern_Triangle_temperate_forests,0.4572908804210364,Northern_Triangle_temperate_forests,Sundarbans_mangroves                          ,0.8925,-0.14253571611580404
Northern_Triangle_temperate_forests,0.4572908804210364,Northern_Triangle_temperate_forests,Karakoram_West_Tibetan_Plateau_alpine_steppe  ,0.8878,-0.14253571611580404
Northern_Triangle_temperate_forests,0.4572908804210364,Northern_Triangle_temperate_forests,Baluchistan_xeric_woodlands                   ,0.8905,-0.14253571611580404
Northern_Triangle_temperate_forests,0.4572908804210364,Northern_Triangle_temperate_forests,Indus_River_Delta_Arabian_Sea_mangroves       ,0.7747,-0.14253571611580404
Northern_Triangle_temperate_forests,0.4572908804210364,Northern_Triangle_temperate_forests,Meghalaya_subtropical_forests                 ,0.9469,-0.14253571611580404
Northern_Triangle_temperate_forests,0.4572908804210364,Northern_Triangle_temperate_forests,Chin_Hills_Arakan_Yoma_montane_forests        ,0.9415,-0.14253571611580404
Northern_Triangle_temperate_forests,0.4572908804210364,Northern_Triangle_temperate_forests,North_Western_Ghats_moist_deciduous_forests   ,0.843,-0.14253571611580404
Northern_Triangle_temperate_forests,0.4572908804210364,Northern_Triangle_temperate_forests,Northern_Triangle_temperate_forests           ,1.0,-0.14253571611580404
Northern_Triangle_temperate_forests,0.4572908804210364,Northern_Triangle_temperate_forests,Malabar_Coast_moist_forests                   ,0.7661,-0.14253571611580404
Northern_Triangle_temperate_forests,0.4572908804210364,Northern_Triangle_temperate_forests,Andaman_Islands_rain_forests                  ,0.6852,-0.14253571611580404
Northern_Triangle_temperate_forests,0.4572908804210364,Northern_Triangle_temperate_forests,Western_Himalayan_alpine_shrub_and_meadows    ,0.9377,-0.14253571611580404
Northern_Triangle_temperate_forests,0.4572908804210364,Northern_Triangle_temperate_forests,Eastern_Himalayan_subalpine_conifer_forests   ,0.9562,-0.14253571611580404
Northern_Triangle_temperate_forests,0.4572908804210364,Northern_Triangle_temperate_forests,Deccan_thorn_scrub_forests                    ,0.8023,-0.14253571611580404
Northern_Triangle_temperate_forests,0.4572908804210364,Northern_Triangle_temperate_forests,Western_Himalayan_subalpine_conifer_forests   ,0.9351,-0.14253571611580404
Northern_Triangle_temperate_forests,0.4572908804210364,Northern_Triangle_temperate_forests,Lower_Gangetic_Plains_moist_deciduous_forests ,0.8733,-0.14253571611580404
Northern_Triangle_temperate_forests,0.4572908804210364,Northern_Triangle_temperate_forests,South_Western_Ghats_moist_deciduous_forests   ,0.8288,-0.14253571611580404
Northern_Triangle_temperate_forests,0.4572908804210364,Northern_Triangle_temperate_forests,Thar_desert                                   ,0.7755,-0.14253571611580404
Northern_Triangle_temperate_forests,0.4572908804210364,Northern_Triangle_temperate_forests,Godavari_Krishna_mangroves                    ,0.7799,-0.14253571611580404
Northern_Triangle_temperate_forests,0.4572908804210364,Northern_Triangle_temperate_forests,North_Tibetan_Plateau_Kunlun_Mountains_alpine_desert,0.8697,-0.14253571611580404
Northern_Triangle_temperate_forests,0.4572908804210364,Northern_Triangle_temperate_forests,Himalayan_subtropical_broadleaf_forests       ,0.935,-0.14253571611580404
Northern_Triangle_temperate_forests,0.4572908804210364,Northern_Triangle_temperate_forests,South_Deccan_Plateau_dry_deciduous_forests    ,0.8301,-0.14253571611580404
Northern_Triangle_temperate_forests,0.4572908804210364,Northern_Triangle_temperate_forests,Orissa_semi_evergreen_forests                 ,0.8297,-0.14253571611580404
Northern_Triangle_temperate_forests,0.4572908804210364,Northern_Triangle_temperate_forests,Sundarbans_freshwater_swamp_forests           ,0.878,-0.14253571611580404
Northern_Triangle_temperate_forests,0.4572908804210364,Northern_Triangle_temperate_forests,Himalayan_subtropical_pine_forests            ,0.9205,-0.14253571611580404
North_Deccan_dry_deciduous_forests,0.0018224236283779,North_Deccan_dry_deciduous_forests,Brahmaputra_Valley_semi_evergreen_forests     ,0.9438,-0.14253571611580404
North_Deccan_dry_deciduous_forests,0.0018224236283779,North_Deccan_dry_deciduous_forests,Western_Himalayan_broadleaf_forests           ,0.8893,-0.14253571611580404
North_Deccan_dry_deciduous_forests,0.0018224236283779,North_Deccan_dry_deciduous_forests,Northeast_Himalayan_subalpine_conifer_forests ,0.8841,-0.14253571611580404
North_Deccan_dry_deciduous_forests,0.0018224236283779,North_Deccan_dry_deciduous_forests,South_Western_Ghats_montane_rain_forests      ,0.8435,-0.14253571611580404
North_Deccan_dry_deciduous_forests,0.0018224236283779,North_Deccan_dry_deciduous_forests,Narmada_Valley_dry_deciduous_forests          ,0.9739,-0.14253571611580404
North_Deccan_dry_deciduous_forests,0.0018224236283779,North_Deccan_dry_deciduous_forests,Mizoram_Manipur_Kachin_rain_forests           ,0.9582,-0.14253571611580404
North_Deccan_dry_deciduous_forests,0.0018224236283779,North_Deccan_dry_deciduous_forests,Khathiar_Gir_dry_deciduous_forests            ,0.9807,-0.14253571611580404
North_Deccan_dry_deciduous_forests,0.0018224236283779,North_Deccan_dry_deciduous_forests,Aravalli_west_thorn_scrub_forests             ,0.9885,-0.14253571611580404
North_Deccan_dry_deciduous_forests,0.0018224236283779,North_Deccan_dry_deciduous_forests,Maldives_Lakshadweep_Chagos_Archipelago_tropical_moist_forests,0.5888,-0.14253571611580404
North_Deccan_dry_deciduous_forests,0.0018224236283779,North_Deccan_dry_deciduous_forests,East_Deccan_moist_deciduous_forests           ,0.9896,-0.14253571611580404
North_Deccan_dry_deciduous_forests,0.0018224236283779,North_Deccan_dry_deciduous_forests,East_Deccan_dry_evergreen_forests             ,0.9301,-0.14253571611580404
North_Deccan_dry_deciduous_forests,0.0018224236283779,North_Deccan_dry_deciduous_forests,Central_Deccan_Plateau_dry_deciduous_forests  ,0.976,-0.14253571611580404
North_Deccan_dry_deciduous_forests,0.0018224236283779,North_Deccan_dry_deciduous_forests,Eastern_Himalayan_broadleaf_forests           ,0.9313,-0.14253571611580404
North_Deccan_dry_deciduous_forests,0.0018224236283779,North_Deccan_dry_deciduous_forests,Central_Tibetan_Plateau_alpine_steppe         ,0.8224,-0.14253571611580404
North_Deccan_dry_deciduous_forests,0.0018224236283779,North_Deccan_dry_deciduous_forests,Terai_Duar_savanna_and_grasslands             ,0.9766,-0.14253571611580404
North_Deccan_dry_deciduous_forests,0.0018224236283779,North_Deccan_dry_deciduous_forests,Nicobar_Islands_rain_forests                  ,0.6158,-0.14253571611580404
North_Deccan_dry_deciduous_forests,0.0018224236283779,North_Deccan_dry_deciduous_forests,Eastern_Himalayan_alpine_shrub_and_meadows    ,0.9076,-0.14253571611580404
North_Deccan_dry_deciduous_forests,0.0018224236283779,North_Deccan_dry_deciduous_forests,North_Western_Ghats_montane_rain_forests      ,0.9055,-0.14253571611580404
North_Deccan_dry_deciduous_forests,0.0018224236283779,North_Deccan_dry_deciduous_forests,Chhota_Nagpur_dry_deciduous_forests           ,0.9951,-0.14253571611580404
North_Deccan_dry_deciduous_forests,0.0018224236283779,North_Deccan_dry_deciduous_forests,Rann_of_Kutch_seasonal_salt_marsh             ,0.9769,-0.14253571611580404
North_Deccan_dry_deciduous_forests,0.0018224236283779,North_Deccan_dry_deciduous_forests,Northwestern_Himalayan_alpine_shrub_and_meadows,0.8143,-0.14253571611580404
North_Deccan_dry_deciduous_forests,0.0018224236283779,North_Deccan_dry_deciduous_forests,Upper_Gangetic_Plains_moist_deciduous_forests ,0.983,-0.14253571611580404
North_Deccan_dry_deciduous_forests,0.0018224236283779,North_Deccan_dry_deciduous_forests,North_Deccan_dry_deciduous_forests            ,1.0,-0.14253571611580404
North_Deccan_dry_deciduous_forests,0.0018224236283779,North_Deccan_dry_deciduous_forests,Northeast_India_Myanmar_pine_forests          ,0.8661,-0.14253571611580404
North_Deccan_dry_deciduous_forests,0.0018224236283779,North_Deccan_dry_deciduous_forests,Sundarbans_mangroves                          ,0.9548,-0.14253571611580404
North_Deccan_dry_deciduous_forests,0.0018224236283779,North_Deccan_dry_deciduous_forests,Karakoram_West_Tibetan_Plateau_alpine_steppe  ,0.8158,-0.14253571611580404
North_Deccan_dry_deciduous_forests,0.0018224236283779,North_Deccan_dry_deciduous_forests,Baluchistan_xeric_woodlands                   ,0.9321,-0.14253571611580404
North_Deccan_dry_deciduous_forests,0.0018224236283779,North_Deccan_dry_deciduous_forests,Indus_River_Delta_Arabian_Sea_mangroves       ,0.9396,-0.14253571611580404
North_Deccan_dry_deciduous_forests,0.0018224236283779,North_Deccan_dry_deciduous_forests,Meghalaya_subtropical_forests                 ,0.9596,-0.14253571611580404
North_Deccan_dry_deciduous_forests,0.0018224236283779,North_Deccan_dry_deciduous_forests,Chin_Hills_Arakan_Yoma_montane_forests        ,0.9364,-0.14253571611580404
North_Deccan_dry_deciduous_forests,0.0018224236283779,North_Deccan_dry_deciduous_forests,North_Western_Ghats_moist_deciduous_forests   ,0.9357,-0.14253571611580404
North_Deccan_dry_deciduous_forests,0.0018224236283779,North_Deccan_dry_deciduous_forests,Northern_Triangle_temperate_forests           ,0.8512,-0.14253571611580404
North_Deccan_dry_deciduous_forests,0.0018224236283779,North_Deccan_dry_deciduous_forests,Malabar_Coast_moist_forests                   ,0.8175,-0.14253571611580404
North_Deccan_dry_deciduous_forests,0.0018224236283779,North_Deccan_dry_deciduous_forests,Andaman_Islands_rain_forests                  ,0.6938,-0.14253571611580404
North_Deccan_dry_deciduous_forests,0.0018224236283779,North_Deccan_dry_deciduous_forests,Western_Himalayan_alpine_shrub_and_meadows    ,0.8208,-0.14253571611580404
North_Deccan_dry_deciduous_forests,0.0018224236283779,North_Deccan_dry_deciduous_forests,Eastern_Himalayan_subalpine_conifer_forests   ,0.9186,-0.14253571611580404
North_Deccan_dry_deciduous_forests,0.0018224236283779,North_Deccan_dry_deciduous_forests,Deccan_thorn_scrub_forests                    ,0.9436,-0.14253571611580404
North_Deccan_dry_deciduous_forests,0.0018224236283779,North_Deccan_dry_deciduous_forests,Western_Himalayan_subalpine_conifer_forests   ,0.9032,-0.14253571611580404
North_Deccan_dry_deciduous_forests,0.0018224236283779,North_Deccan_dry_deciduous_forests,Lower_Gangetic_Plains_moist_deciduous_forests ,0.9785,-0.14253571611580404
North_Deccan_dry_deciduous_forests,0.0018224236283779,North_Deccan_dry_deciduous_forests,South_Western_Ghats_moist_deciduous_forests   ,0.8637,-0.14253571611580404
North_Deccan_dry_deciduous_forests,0.0018224236283779,North_Deccan_dry_deciduous_forests,Thar_desert                                   ,0.985,-0.14253571611580404
North_Deccan_dry_deciduous_forests,0.0018224236283779,North_Deccan_dry_deciduous_forests,Godavari_Krishna_mangroves                    ,0.9561,-0.14253571611580404
North_Deccan_dry_deciduous_forests,0.0018224236283779,North_Deccan_dry_deciduous_forests,North_Tibetan_Plateau_Kunlun_Mountains_alpine_desert,0.8379,-0.14253571611580404
North_Deccan_dry_deciduous_forests,0.0018224236283779,North_Deccan_dry_deciduous_forests,Himalayan_subtropical_broadleaf_forests       ,0.9647,-0.14253571611580404
North_Deccan_dry_deciduous_forests,0.0018224236283779,North_Deccan_dry_deciduous_forests,South_Deccan_Plateau_dry_deciduous_forests    ,0.9408,-0.14253571611580404
North_Deccan_dry_deciduous_forests,0.0018224236283779,North_Deccan_dry_deciduous_forests,Orissa_semi_evergreen_forests                 ,0.9859,-0.14253571611580404
North_Deccan_dry_deciduous_forests,0.0018224236283779,North_Deccan_dry_deciduous_forests,Sundarbans_freshwater_swamp_forests           ,0.9722,-0.14253571611580404
North_Deccan_dry_deciduous_forests,0.0018224236283779,North_Deccan_dry_deciduous_forests,Himalayan_subtropical_pine_forests            ,0.9274,-0.14253571611580404
North_Western_Ghats_montane_rain_forests,0.4300281032099417,North_Western_Ghats_montane_rain_forests,Brahmaputra_Valley_semi_evergreen_forests     ,0.868,-0.14253571611580404
North_Western_Ghats_montane_rain_forests,0.4300281032099417,North_Western_Ghats_montane_rain_forests,Western_Himalayan_broadleaf_forests           ,0.874,-0.14253571611580404
North_Western_Ghats_montane_rain_forests,0.4300281032099417,North_Western_Ghats_montane_rain_forests,Northeast_Himalayan_subalpine_conifer_forests ,0.8652,-0.14253571611580404
North_Western_Ghats_montane_rain_forests,0.4300281032099417,North_Western_Ghats_montane_rain_forests,South_Western_Ghats_montane_rain_forests      ,0.9368,-0.14253571611580404
North_Western_Ghats_montane_rain_forests,0.4300281032099417,North_Western_Ghats_montane_rain_forests,Narmada_Valley_dry_deciduous_forests          ,0.9216,-0.14253571611580404
North_Western_Ghats_montane_rain_forests,0.4300281032099417,North_Western_Ghats_montane_rain_forests,Mizoram_Manipur_Kachin_rain_forests           ,0.929,-0.14253571611580404
North_Western_Ghats_montane_rain_forests,0.4300281032099417,North_Western_Ghats_montane_rain_forests,Khathiar_Gir_dry_deciduous_forests            ,0.9205,-0.14253571611580404
North_Western_Ghats_montane_rain_forests,0.4300281032099417,North_Western_Ghats_montane_rain_forests,Aravalli_west_thorn_scrub_forests             ,0.9115,-0.14253571611580404
North_Western_Ghats_montane_rain_forests,0.4300281032099417,North_Western_Ghats_montane_rain_forests,Maldives_Lakshadweep_Chagos_Archipelago_tropical_moist_forests,0.6316,-0.14253571611580404
North_Western_Ghats_montane_rain_forests,0.4300281032099417,North_Western_Ghats_montane_rain_forests,East_Deccan_moist_deciduous_forests           ,0.9269,-0.14253571611580404
North_Western_Ghats_montane_rain_forests,0.4300281032099417,North_Western_Ghats_montane_rain_forests,East_Deccan_dry_evergreen_forests             ,0.8689,-0.14253571611580404
North_Western_Ghats_montane_rain_forests,0.4300281032099417,North_Western_Ghats_montane_rain_forests,Central_Deccan_Plateau_dry_deciduous_forests  ,0.9254,-0.14253571611580404
North_Western_Ghats_montane_rain_forests,0.4300281032099417,North_Western_Ghats_montane_rain_forests,Eastern_Himalayan_broadleaf_forests           ,0.9343,-0.14253571611580404
North_Western_Ghats_montane_rain_forests,0.4300281032099417,North_Western_Ghats_montane_rain_forests,Central_Tibetan_Plateau_alpine_steppe         ,0.811,-0.14253571611580404
North_Western_Ghats_montane_rain_forests,0.4300281032099417,North_Western_Ghats_montane_rain_forests,Terai_Duar_savanna_and_grasslands             ,0.9082,-0.14253571611580404
North_Western_Ghats_montane_rain_forests,0.4300281032099417,North_Western_Ghats_montane_rain_forests,Nicobar_Islands_rain_forests                  ,0.6738,-0.14253571611580404
North_Western_Ghats_montane_rain_forests,0.4300281032099417,North_Western_Ghats_montane_rain_forests,Eastern_Himalayan_alpine_shrub_and_meadows    ,0.8761,-0.14253571611580404
North_Western_Ghats_montane_rain_forests,0.4300281032099417,North_Western_Ghats_montane_rain_forests,North_Western_Ghats_montane_rain_forests      ,1.0,-0.14253571611580404
North_Western_Ghats_montane_rain_forests,0.4300281032099417,North_Western_Ghats_montane_rain_forests,Chhota_Nagpur_dry_deciduous_forests           ,0.9179,-0.14253571611580404
North_Western_Ghats_montane_rain_forests,0.4300281032099417,North_Western_Ghats_montane_rain_forests,Rann_of_Kutch_seasonal_salt_marsh             ,0.8968,-0.14253571611580404
North_Western_Ghats_montane_rain_forests,0.4300281032099417,North_Western_Ghats_montane_rain_forests,Northwestern_Himalayan_alpine_shrub_and_meadows,0.7476,-0.14253571611580404
North_Western_Ghats_montane_rain_forests,0.4300281032099417,North_Western_Ghats_montane_rain_forests,Upper_Gangetic_Plains_moist_deciduous_forests ,0.9156,-0.14253571611580404
North_Western_Ghats_montane_rain_forests,0.4300281032099417,North_Western_Ghats_montane_rain_forests,North_Deccan_dry_deciduous_forests            ,0.9055,-0.14253571611580404
North_Western_Ghats_montane_rain_forests,0.4300281032099417,North_Western_Ghats_montane_rain_forests,Northeast_India_Myanmar_pine_forests          ,0.8444,-0.14253571611580404
North_Western_Ghats_montane_rain_forests,0.4300281032099417,North_Western_Ghats_montane_rain_forests,Sundarbans_mangroves                          ,0.8764,-0.14253571611580404
North_Western_Ghats_montane_rain_forests,0.4300281032099417,North_Western_Ghats_montane_rain_forests,Karakoram_West_Tibetan_Plateau_alpine_steppe  ,0.7762,-0.14253571611580404
North_Western_Ghats_montane_rain_forests,0.4300281032099417,North_Western_Ghats_montane_rain_forests,Baluchistan_xeric_woodlands                   ,0.8873,-0.14253571611580404
North_Western_Ghats_montane_rain_forests,0.4300281032099417,North_Western_Ghats_montane_rain_forests,Indus_River_Delta_Arabian_Sea_mangroves       ,0.9227,-0.14253571611580404
North_Western_Ghats_montane_rain_forests,0.4300281032099417,North_Western_Ghats_montane_rain_forests,Meghalaya_subtropical_forests                 ,0.9255,-0.14253571611580404
North_Western_Ghats_montane_rain_forests,0.4300281032099417,North_Western_Ghats_montane_rain_forests,Chin_Hills_Arakan_Yoma_montane_forests        ,0.9244,-0.14253571611580404
North_Western_Ghats_montane_rain_forests,0.4300281032099417,North_Western_Ghats_montane_rain_forests,North_Western_Ghats_moist_deciduous_forests   ,0.9866,-0.14253571611580404
North_Western_Ghats_montane_rain_forests,0.4300281032099417,North_Western_Ghats_montane_rain_forests,Northern_Triangle_temperate_forests           ,0.8623,-0.14253571611580404
North_Western_Ghats_montane_rain_forests,0.4300281032099417,North_Western_Ghats_montane_rain_forests,Malabar_Coast_moist_forests                   ,0.9309,-0.14253571611580404
North_Western_Ghats_montane_rain_forests,0.4300281032099417,North_Western_Ghats_montane_rain_forests,Andaman_Islands_rain_forests                  ,0.7728,-0.14253571611580404
North_Western_Ghats_montane_rain_forests,0.4300281032099417,North_Western_Ghats_montane_rain_forests,Western_Himalayan_alpine_shrub_and_meadows    ,0.8145,-0.14253571611580404
North_Western_Ghats_montane_rain_forests,0.4300281032099417,North_Western_Ghats_montane_rain_forests,Eastern_Himalayan_subalpine_conifer_forests   ,0.9046,-0.14253571611580404
North_Western_Ghats_montane_rain_forests,0.4300281032099417,North_Western_Ghats_montane_rain_forests,Deccan_thorn_scrub_forests                    ,0.9225,-0.14253571611580404
North_Western_Ghats_montane_rain_forests,0.4300281032099417,North_Western_Ghats_montane_rain_forests,Western_Himalayan_subalpine_conifer_forests   ,0.8665,-0.14253571611580404
North_Western_Ghats_montane_rain_forests,0.4300281032099417,North_Western_Ghats_montane_rain_forests,Lower_Gangetic_Plains_moist_deciduous_forests ,0.9241,-0.14253571611580404
North_Western_Ghats_montane_rain_forests,0.4300281032099417,North_Western_Ghats_montane_rain_forests,South_Western_Ghats_moist_deciduous_forests   ,0.9219,-0.14253571611580404
North_Western_Ghats_montane_rain_forests,0.4300281032099417,North_Western_Ghats_montane_rain_forests,Thar_desert                                   ,0.8682,-0.14253571611580404
North_Western_Ghats_montane_rain_forests,0.4300281032099417,North_Western_Ghats_montane_rain_forests,Godavari_Krishna_mangroves                    ,0.8694,-0.14253571611580404
North_Western_Ghats_montane_rain_forests,0.4300281032099417,North_Western_Ghats_montane_rain_forests,North_Tibetan_Plateau_Kunlun_Mountains_alpine_desert,0.8199,-0.14253571611580404
North_Western_Ghats_montane_rain_forests,0.4300281032099417,North_Western_Ghats_montane_rain_forests,Himalayan_subtropical_broadleaf_forests       ,0.93,-0.14253571611580404
North_Western_Ghats_montane_rain_forests,0.4300281032099417,North_Western_Ghats_montane_rain_forests,South_Deccan_Plateau_dry_deciduous_forests    ,0.9085,-0.14253571611580404
North_Western_Ghats_montane_rain_forests,0.4300281032099417,North_Western_Ghats_montane_rain_forests,Orissa_semi_evergreen_forests                 ,0.8776,-0.14253571611580404
North_Western_Ghats_montane_rain_forests,0.4300281032099417,North_Western_Ghats_montane_rain_forests,Sundarbans_freshwater_swamp_forests           ,0.8838,-0.14253571611580404
North_Western_Ghats_montane_rain_forests,0.4300281032099417,North_Western_Ghats_montane_rain_forests,Himalayan_subtropical_pine_forests            ,0.9248,-0.14253571611580404
South_Deccan_Plateau_dry_deciduous_forests,0.0747784034376054,South_Deccan_Plateau_dry_deciduous_forests,Brahmaputra_Valley_semi_evergreen_forests     ,0.8795,-0.14253571611580404
South_Deccan_Plateau_dry_deciduous_forests,0.0747784034376054,South_Deccan_Plateau_dry_deciduous_forests,Western_Himalayan_broadleaf_forests           ,0.9291,-0.14253571611580404
South_Deccan_Plateau_dry_deciduous_forests,0.0747784034376054,South_Deccan_Plateau_dry_deciduous_forests,Northeast_Himalayan_subalpine_conifer_forests ,0.8796,-0.14253571611580404
South_Deccan_Plateau_dry_deciduous_forests,0.0747784034376054,South_Deccan_Plateau_dry_deciduous_forests,South_Western_Ghats_montane_rain_forests      ,0.9262,-0.14253571611580404
South_Deccan_Plateau_dry_deciduous_forests,0.0747784034376054,South_Deccan_Plateau_dry_deciduous_forests,Narmada_Valley_dry_deciduous_forests          ,0.9417,-0.14253571611580404
South_Deccan_Plateau_dry_deciduous_forests,0.0747784034376054,South_Deccan_Plateau_dry_deciduous_forests,Mizoram_Manipur_Kachin_rain_forests           ,0.9302,-0.14253571611580404
South_Deccan_Plateau_dry_deciduous_forests,0.0747784034376054,South_Deccan_Plateau_dry_deciduous_forests,Khathiar_Gir_dry_deciduous_forests            ,0.946,-0.14253571611580404
South_Deccan_Plateau_dry_deciduous_forests,0.0747784034376054,South_Deccan_Plateau_dry_deciduous_forests,Aravalli_west_thorn_scrub_forests             ,0.9498,-0.14253571611580404
South_Deccan_Plateau_dry_deciduous_forests,0.0747784034376054,South_Deccan_Plateau_dry_deciduous_forests,Maldives_Lakshadweep_Chagos_Archipelago_tropical_moist_forests,0.7271,-0.14253571611580404
South_Deccan_Plateau_dry_deciduous_forests,0.0747784034376054,South_Deccan_Plateau_dry_deciduous_forests,East_Deccan_moist_deciduous_forests           ,0.9681,-0.14253571611580404
South_Deccan_Plateau_dry_deciduous_forests,0.0747784034376054,South_Deccan_Plateau_dry_deciduous_forests,East_Deccan_dry_evergreen_forests             ,0.9705,-0.14253571611580404
South_Deccan_Plateau_dry_deciduous_forests,0.0747784034376054,South_Deccan_Plateau_dry_deciduous_forests,Central_Deccan_Plateau_dry_deciduous_forests  ,0.9725,-0.14253571611580404
South_Deccan_Plateau_dry_deciduous_forests,0.0747784034376054,South_Deccan_Plateau_dry_deciduous_forests,Eastern_Himalayan_broadleaf_forests           ,0.932,-0.14253571611580404
South_Deccan_Plateau_dry_deciduous_forests,0.0747784034376054,South_Deccan_Plateau_dry_deciduous_forests,Central_Tibetan_Plateau_alpine_steppe         ,0.8157,-0.14253571611580404
South_Deccan_Plateau_dry_deciduous_forests,0.0747784034376054,South_Deccan_Plateau_dry_deciduous_forests,Terai_Duar_savanna_and_grasslands             ,0.911,-0.14253571611580404
South_Deccan_Plateau_dry_deciduous_forests,0.0747784034376054,South_Deccan_Plateau_dry_deciduous_forests,Nicobar_Islands_rain_forests                  ,0.7597,-0.14253571611580404
South_Deccan_Plateau_dry_deciduous_forests,0.0747784034376054,South_Deccan_Plateau_dry_deciduous_forests,Eastern_Himalayan_alpine_shrub_and_meadows    ,0.8994,-0.14253571611580404
South_Deccan_Plateau_dry_deciduous_forests,0.0747784034376054,South_Deccan_Plateau_dry_deciduous_forests,North_Western_Ghats_montane_rain_forests      ,0.9085,-0.14253571611580404
South_Deccan_Plateau_dry_deciduous_forests,0.0747784034376054,South_Deccan_Plateau_dry_deciduous_forests,Chhota_Nagpur_dry_deciduous_forests           ,0.9599,-0.14253571611580404
South_Deccan_Plateau_dry_deciduous_forests,0.0747784034376054,South_Deccan_Plateau_dry_deciduous_forests,Rann_of_Kutch_seasonal_salt_marsh             ,0.9291,-0.14253571611580404
South_Deccan_Plateau_dry_deciduous_forests,0.0747784034376054,South_Deccan_Plateau_dry_deciduous_forests,Northwestern_Himalayan_alpine_shrub_and_meadows,0.8374,-0.14253571611580404
South_Deccan_Plateau_dry_deciduous_forests,0.0747784034376054,South_Deccan_Plateau_dry_deciduous_forests,Upper_Gangetic_Plains_moist_deciduous_forests ,0.9511,-0.14253571611580404
South_Deccan_Plateau_dry_deciduous_forests,0.0747784034376054,South_Deccan_Plateau_dry_deciduous_forests,North_Deccan_dry_deciduous_forests            ,0.9408,-0.14253571611580404
South_Deccan_Plateau_dry_deciduous_forests,0.0747784034376054,South_Deccan_Plateau_dry_deciduous_forests,Northeast_India_Myanmar_pine_forests          ,0.8319,-0.14253571611580404
South_Deccan_Plateau_dry_deciduous_forests,0.0747784034376054,South_Deccan_Plateau_dry_deciduous_forests,Sundarbans_mangroves                          ,0.8932,-0.14253571611580404
South_Deccan_Plateau_dry_deciduous_forests,0.0747784034376054,South_Deccan_Plateau_dry_deciduous_forests,Karakoram_West_Tibetan_Plateau_alpine_steppe  ,0.8359,-0.14253571611580404
South_Deccan_Plateau_dry_deciduous_forests,0.0747784034376054,South_Deccan_Plateau_dry_deciduous_forests,Baluchistan_xeric_woodlands                   ,0.9503,-0.14253571611580404
South_Deccan_Plateau_dry_deciduous_forests,0.0747784034376054,South_Deccan_Plateau_dry_deciduous_forests,Indus_River_Delta_Arabian_Sea_mangroves       ,0.9539,-0.14253571611580404
South_Deccan_Plateau_dry_deciduous_forests,0.0747784034376054,South_Deccan_Plateau_dry_deciduous_forests,Meghalaya_subtropical_forests                 ,0.9303,-0.14253571611580404
South_Deccan_Plateau_dry_deciduous_forests,0.0747784034376054,South_Deccan_Plateau_dry_deciduous_forests,Chin_Hills_Arakan_Yoma_montane_forests        ,0.9147,-0.14253571611580404
South_Deccan_Plateau_dry_deciduous_forests,0.0747784034376054,South_Deccan_Plateau_dry_deciduous_forests,North_Western_Ghats_moist_deciduous_forests   ,0.9367,-0.14253571611580404
South_Deccan_Plateau_dry_deciduous_forests,0.0747784034376054,South_Deccan_Plateau_dry_deciduous_forests,Northern_Triangle_temperate_forests           ,0.8301,-0.14253571611580404
South_Deccan_Plateau_dry_deciduous_forests,0.0747784034376054,South_Deccan_Plateau_dry_deciduous_forests,Malabar_Coast_moist_forests                   ,0.8832,-0.14253571611580404
South_Deccan_Plateau_dry_deciduous_forests,0.0747784034376054,South_Deccan_Plateau_dry_deciduous_forests,Andaman_Islands_rain_forests                  ,0.7913,-0.14253571611580404
South_Deccan_Plateau_dry_deciduous_forests,0.0747784034376054,South_Deccan_Plateau_dry_deciduous_forests,Western_Himalayan_alpine_shrub_and_meadows    ,0.8525,-0.14253571611580404
South_Deccan_Plateau_dry_deciduous_forests,0.0747784034376054,South_Deccan_Plateau_dry_deciduous_forests,Eastern_Himalayan_subalpine_conifer_forests   ,0.915,-0.14253571611580404
South_Deccan_Plateau_dry_deciduous_forests,0.0747784034376054,South_Deccan_Plateau_dry_deciduous_forests,Deccan_thorn_scrub_forests                    ,0.9864,-0.14253571611580404
South_Deccan_Plateau_dry_deciduous_forests,0.0747784034376054,South_Deccan_Plateau_dry_deciduous_forests,Western_Himalayan_subalpine_conifer_forests   ,0.9348,-0.14253571611580404
South_Deccan_Plateau_dry_deciduous_forests,0.0747784034376054,South_Deccan_Plateau_dry_deciduous_forests,Lower_Gangetic_Plains_moist_deciduous_forests ,0.9387,-0.14253571611580404
South_Deccan_Plateau_dry_deciduous_forests,0.0747784034376054,South_Deccan_Plateau_dry_deciduous_forests,South_Western_Ghats_moist_deciduous_forests   ,0.9592,-0.14253571611580404
South_Deccan_Plateau_dry_deciduous_forests,0.0747784034376054,South_Deccan_Plateau_dry_deciduous_forests,Thar_desert                                   ,0.9098,-0.14253571611580404
South_Deccan_Plateau_dry_deciduous_forests,0.0747784034376054,South_Deccan_Plateau_dry_deciduous_forests,Godavari_Krishna_mangroves                    ,0.956,-0.14253571611580404
South_Deccan_Plateau_dry_deciduous_forests,0.0747784034376054,South_Deccan_Plateau_dry_deciduous_forests,North_Tibetan_Plateau_Kunlun_Mountains_alpine_desert,0.8357,-0.14253571611580404
South_Deccan_Plateau_dry_deciduous_forests,0.0747784034376054,South_Deccan_Plateau_dry_deciduous_forests,Himalayan_subtropical_broadleaf_forests       ,0.9266,-0.14253571611580404
South_Deccan_Plateau_dry_deciduous_forests,0.0747784034376054,South_Deccan_Plateau_dry_deciduous_forests,South_Deccan_Plateau_dry_deciduous_forests    ,1.0,-0.14253571611580404
South_Deccan_Plateau_dry_deciduous_forests,0.0747784034376054,South_Deccan_Plateau_dry_deciduous_forests,Orissa_semi_evergreen_forests                 ,0.9399,-0.14253571611580404
South_Deccan_Plateau_dry_deciduous_forests,0.0747784034376054,South_Deccan_Plateau_dry_deciduous_forests,Sundarbans_freshwater_swamp_forests           ,0.918,-0.14253571611580404
South_Deccan_Plateau_dry_deciduous_forests,0.0747784034376054,South_Deccan_Plateau_dry_deciduous_forests,Himalayan_subtropical_pine_forests            ,0.9464,-0.14253571611580404
Terai_Duar_savanna_and_grasslands,0.0931991365397476,Terai_Duar_savanna_and_grasslands,Brahmaputra_Valley_semi_evergreen_forests     ,0.9665,-0.14253571611580404
Terai_Duar_savanna_and_grasslands,0.0931991365397476,Terai_Duar_savanna_and_grasslands,Western_Himalayan_broadleaf_forests           ,0.8978,-0.14253571611580404
Terai_Duar_savanna_and_grasslands,0.0931991365397476,Terai_Duar_savanna_and_grasslands,Northeast_Himalayan_subalpine_conifer_forests ,0.8645,-0.14253571611580404
Terai_Duar_savanna_and_grasslands,0.0931991365397476,Terai_Duar_savanna_and_grasslands,South_Western_Ghats_montane_rain_forests      ,0.8615,-0.14253571611580404
Terai_Duar_savanna_and_grasslands,0.0931991365397476,Terai_Duar_savanna_and_grasslands,Narmada_Valley_dry_deciduous_forests          ,0.9447,-0.14253571611580404
Terai_Duar_savanna_and_grasslands,0.0931991365397476,Terai_Duar_savanna_and_grasslands,Mizoram_Manipur_Kachin_rain_forests           ,0.9768,-0.14253571611580404
Terai_Duar_savanna_and_grasslands,0.0931991365397476,Terai_Duar_savanna_and_grasslands,Khathiar_Gir_dry_deciduous_forests            ,0.9501,-0.14253571611580404
Terai_Duar_savanna_and_grasslands,0.0931991365397476,Terai_Duar_savanna_and_grasslands,Aravalli_west_thorn_scrub_forests             ,0.9657,-0.14253571611580404
Terai_Duar_savanna_and_grasslands,0.0931991365397476,Terai_Duar_savanna_and_grasslands,Maldives_Lakshadweep_Chagos_Archipelago_tropical_moist_forests,0.5941,-0.14253571611580404
Terai_Duar_savanna_and_grasslands,0.0931991365397476,Terai_Duar_savanna_and_grasslands,East_Deccan_moist_deciduous_forests           ,0.9668,-0.14253571611580404
Terai_Duar_savanna_and_grasslands,0.0931991365397476,Terai_Duar_savanna_and_grasslands,East_Deccan_dry_evergreen_forests             ,0.9047,-0.14253571611580404
Terai_Duar_savanna_and_grasslands,0.0931991365397476,Terai_Duar_savanna_and_grasslands,Central_Deccan_Plateau_dry_deciduous_forests  ,0.9428,-0.14253571611580404
Terai_Duar_savanna_and_grasslands,0.0931991365397476,Terai_Duar_savanna_and_grasslands,Eastern_Himalayan_broadleaf_forests           ,0.9551,-0.14253571611580404
Terai_Duar_savanna_and_grasslands,0.0931991365397476,Terai_Duar_savanna_and_grasslands,Central_Tibetan_Plateau_alpine_steppe         ,0.7914,-0.14253571611580404
Terai_Duar_savanna_and_grasslands,0.0931991365397476,Terai_Duar_savanna_and_grasslands,Terai_Duar_savanna_and_grasslands             ,1.0,-0.14253571611580404
Terai_Duar_savanna_and_grasslands,0.0931991365397476,Terai_Duar_savanna_and_grasslands,Nicobar_Islands_rain_forests                  ,0.6516,-0.14253571611580404
Terai_Duar_savanna_and_grasslands,0.0931991365397476,Terai_Duar_savanna_and_grasslands,Eastern_Himalayan_alpine_shrub_and_meadows    ,0.8784,-0.14253571611580404
Terai_Duar_savanna_and_grasslands,0.0931991365397476,Terai_Duar_savanna_and_grasslands,North_Western_Ghats_montane_rain_forests      ,0.9082,-0.14253571611580404
Terai_Duar_savanna_and_grasslands,0.0931991365397476,Terai_Duar_savanna_and_grasslands,Chhota_Nagpur_dry_deciduous_forests           ,0.9715,-0.14253571611580404
Terai_Duar_savanna_and_grasslands,0.0931991365397476,Terai_Duar_savanna_and_grasslands,Rann_of_Kutch_seasonal_salt_marsh             ,0.9479,-0.14253571611580404
Terai_Duar_savanna_and_grasslands,0.0931991365397476,Terai_Duar_savanna_and_grasslands,Northwestern_Himalayan_alpine_shrub_and_meadows,0.7835,-0.14253571611580404
Terai_Duar_savanna_and_grasslands,0.0931991365397476,Terai_Duar_savanna_and_grasslands,Upper_Gangetic_Plains_moist_deciduous_forests ,0.9704,-0.14253571611580404
Terai_Duar_savanna_and_grasslands,0.0931991365397476,Terai_Duar_savanna_and_grasslands,North_Deccan_dry_deciduous_forests            ,0.9766,-0.14253571611580404
Terai_Duar_savanna_and_grasslands,0.0931991365397476,Terai_Duar_savanna_and_grasslands,Northeast_India_Myanmar_pine_forests          ,0.9044,-0.14253571611580404
Terai_Duar_savanna_and_grasslands,0.0931991365397476,Terai_Duar_savanna_and_grasslands,Sundarbans_mangroves                          ,0.9583,-0.14253571611580404
Terai_Duar_savanna_and_grasslands,0.0931991365397476,Terai_Duar_savanna_and_grasslands,Karakoram_West_Tibetan_Plateau_alpine_steppe  ,0.7733,-0.14253571611580404
Terai_Duar_savanna_and_grasslands,0.0931991365397476,Terai_Duar_savanna_and_grasslands,Baluchistan_xeric_woodlands                   ,0.8909,-0.14253571611580404
Terai_Duar_savanna_and_grasslands,0.0931991365397476,Terai_Duar_savanna_and_grasslands,Indus_River_Delta_Arabian_Sea_mangroves       ,0.9234,-0.14253571611580404
Terai_Duar_savanna_and_grasslands,0.0931991365397476,Terai_Duar_savanna_and_grasslands,Meghalaya_subtropical_forests                 ,0.9674,-0.14253571611580404
Terai_Duar_savanna_and_grasslands,0.0931991365397476,Terai_Duar_savanna_and_grasslands,Chin_Hills_Arakan_Yoma_montane_forests        ,0.9526,-0.14253571611580404
Terai_Duar_savanna_and_grasslands,0.0931991365397476,Terai_Duar_savanna_and_grasslands,North_Western_Ghats_moist_deciduous_forests   ,0.9374,-0.14253571611580404
Terai_Duar_savanna_and_grasslands,0.0931991365397476,Terai_Duar_savanna_and_grasslands,Northern_Triangle_temperate_forests           ,0.8809,-0.14253571611580404
Terai_Duar_savanna_and_grasslands,0.0931991365397476,Terai_Duar_savanna_and_grasslands,Malabar_Coast_moist_forests                   ,0.8456,-0.14253571611580404
Terai_Duar_savanna_and_grasslands,0.0931991365397476,Terai_Duar_savanna_and_grasslands,Andaman_Islands_rain_forests                  ,0.7504,-0.14253571611580404
Terai_Duar_savanna_and_grasslands,0.0931991365397476,Terai_Duar_savanna_and_grasslands,Western_Himalayan_alpine_shrub_and_meadows    ,0.808,-0.14253571611580404
Terai_Duar_savanna_and_grasslands,0.0931991365397476,Terai_Duar_savanna_and_grasslands,Eastern_Himalayan_subalpine_conifer_forests   ,0.9167,-0.14253571611580404
Terai_Duar_savanna_and_grasslands,0.0931991365397476,Terai_Duar_savanna_and_grasslands,Deccan_thorn_scrub_forests                    ,0.9193,-0.14253571611580404
Terai_Duar_savanna_and_grasslands,0.0931991365397476,Terai_Duar_savanna_and_grasslands,Western_Himalayan_subalpine_conifer_forests   ,0.9022,-0.14253571611580404
Terai_Duar_savanna_and_grasslands,0.0931991365397476,Terai_Duar_savanna_and_grasslands,Lower_Gangetic_Plains_moist_deciduous_forests ,0.986,-0.14253571611580404
Terai_Duar_savanna_and_grasslands,0.0931991365397476,Terai_Duar_savanna_and_grasslands,South_Western_Ghats_moist_deciduous_forests   ,0.8675,-0.14253571611580404
Terai_Duar_savanna_and_grasslands,0.0931991365397476,Terai_Duar_savanna_and_grasslands,Thar_desert                                   ,0.956,-0.14253571611580404
Terai_Duar_savanna_and_grasslands,0.0931991365397476,Terai_Duar_savanna_and_grasslands,Godavari_Krishna_mangroves                    ,0.9302,-0.14253571611580404
Terai_Duar_savanna_and_grasslands,0.0931991365397476,Terai_Duar_savanna_and_grasslands,North_Tibetan_Plateau_Kunlun_Mountains_alpine_desert,0.7983,-0.14253571611580404
Terai_Duar_savanna_and_grasslands,0.0931991365397476,Terai_Duar_savanna_and_grasslands,Himalayan_subtropical_broadleaf_forests       ,0.9843,-0.14253571611580404
Terai_Duar_savanna_and_grasslands,0.0931991365397476,Terai_Duar_savanna_and_grasslands,South_Deccan_Plateau_dry_deciduous_forests    ,0.911,-0.14253571611580404
Terai_Duar_savanna_and_grasslands,0.0931991365397476,Terai_Duar_savanna_and_grasslands,Orissa_semi_evergreen_forests                 ,0.9715,-0.14253571611580404
Terai_Duar_savanna_and_grasslands,0.0931991365397476,Terai_Duar_savanna_and_grasslands,Sundarbans_freshwater_swamp_forests           ,0.967,-0.14253571611580404
Terai_Duar_savanna_and_grasslands,0.0931991365397476,Terai_Duar_savanna_and_grasslands,Himalayan_subtropical_pine_forests            ,0.9489,-0.14253571611580404
Sundarbans_freshwater_swamp_forests,0.0387891739513129,Sundarbans_freshwater_swamp_forests,Brahmaputra_Valley_semi_evergreen_forests     ,0.9691,-0.14253571611580404
Sundarbans_freshwater_swamp_forests,0.0387891739513129,Sundarbans_freshwater_swamp_forests,Western_Himalayan_broadleaf_forests           ,0.8905,-0.14253571611580404
Sundarbans_freshwater_swamp_forests,0.0387891739513129,Sundarbans_freshwater_swamp_forests,Northeast_Himalayan_subalpine_conifer_forests ,0.8558,-0.14253571611580404
Sundarbans_freshwater_swamp_forests,0.0387891739513129,Sundarbans_freshwater_swamp_forests,South_Western_Ghats_montane_rain_forests      ,0.8497,-0.14253571611580404
Sundarbans_freshwater_swamp_forests,0.0387891739513129,Sundarbans_freshwater_swamp_forests,Narmada_Valley_dry_deciduous_forests          ,0.9419,-0.14253571611580404
Sundarbans_freshwater_swamp_forests,0.0387891739513129,Sundarbans_freshwater_swamp_forests,Mizoram_Manipur_Kachin_rain_forests           ,0.9547,-0.14253571611580404
Sundarbans_freshwater_swamp_forests,0.0387891739513129,Sundarbans_freshwater_swamp_forests,Khathiar_Gir_dry_deciduous_forests            ,0.9474,-0.14253571611580404
Sundarbans_freshwater_swamp_forests,0.0387891739513129,Sundarbans_freshwater_swamp_forests,Aravalli_west_thorn_scrub_forests             ,0.9586,-0.14253571611580404
Sundarbans_freshwater_swamp_forests,0.0387891739513129,Sundarbans_freshwater_swamp_forests,Maldives_Lakshadweep_Chagos_Archipelago_tropical_moist_forests,0.5866,-0.14253571611580404
Sundarbans_freshwater_swamp_forests,0.0387891739513129,Sundarbans_freshwater_swamp_forests,East_Deccan_moist_deciduous_forests           ,0.958,-0.14253571611580404
Sundarbans_freshwater_swamp_forests,0.0387891739513129,Sundarbans_freshwater_swamp_forests,East_Deccan_dry_evergreen_forests             ,0.8957,-0.14253571611580404
Sundarbans_freshwater_swamp_forests,0.0387891739513129,Sundarbans_freshwater_swamp_forests,Central_Deccan_Plateau_dry_deciduous_forests  ,0.9576,-0.14253571611580404
Sundarbans_freshwater_swamp_forests,0.0387891739513129,Sundarbans_freshwater_swamp_forests,Eastern_Himalayan_broadleaf_forests           ,0.9327,-0.14253571611580404
Sundarbans_freshwater_swamp_forests,0.0387891739513129,Sundarbans_freshwater_swamp_forests,Central_Tibetan_Plateau_alpine_steppe         ,0.787,-0.14253571611580404
Sundarbans_freshwater_swamp_forests,0.0387891739513129,Sundarbans_freshwater_swamp_forests,Terai_Duar_savanna_and_grasslands             ,0.967,-0.14253571611580404
Sundarbans_freshwater_swamp_forests,0.0387891739513129,Sundarbans_freshwater_swamp_forests,Nicobar_Islands_rain_forests                  ,0.6366,-0.14253571611580404
Sundarbans_freshwater_swamp_forests,0.0387891739513129,Sundarbans_freshwater_swamp_forests,Eastern_Himalayan_alpine_shrub_and_meadows    ,0.8816,-0.14253571611580404
Sundarbans_freshwater_swamp_forests,0.0387891739513129,Sundarbans_freshwater_swamp_forests,North_Western_Ghats_montane_rain_forests      ,0.8838,-0.14253571611580404
Sundarbans_freshwater_swamp_forests,0.0387891739513129,Sundarbans_freshwater_swamp_forests,Chhota_Nagpur_dry_deciduous_forests           ,0.9675,-0.14253571611580404
Sundarbans_freshwater_swamp_forests,0.0387891739513129,Sundarbans_freshwater_swamp_forests,Rann_of_Kutch_seasonal_salt_marsh             ,0.9506,-0.14253571611580404
Sundarbans_freshwater_swamp_forests,0.0387891739513129,Sundarbans_freshwater_swamp_forests,Northwestern_Himalayan_alpine_shrub_and_meadows,0.8027,-0.14253571611580404
Sundarbans_freshwater_swamp_forests,0.0387891739513129,Sundarbans_freshwater_swamp_forests,Upper_Gangetic_Plains_moist_deciduous_forests ,0.9498,-0.14253571611580404
Sundarbans_freshwater_swamp_forests,0.0387891739513129,Sundarbans_freshwater_swamp_forests,North_Deccan_dry_deciduous_forests            ,0.9722,-0.14253571611580404
Sundarbans_freshwater_swamp_forests,0.0387891739513129,Sundarbans_freshwater_swamp_forests,Northeast_India_Myanmar_pine_forests          ,0.8816,-0.14253571611580404
Sundarbans_freshwater_swamp_forests,0.0387891739513129,Sundarbans_freshwater_swamp_forests,Sundarbans_mangroves                          ,0.9856,-0.14253571611580404
Sundarbans_freshwater_swamp_forests,0.0387891739513129,Sundarbans_freshwater_swamp_forests,Karakoram_West_Tibetan_Plateau_alpine_steppe  ,0.7988,-0.14253571611580404
Sundarbans_freshwater_swamp_forests,0.0387891739513129,Sundarbans_freshwater_swamp_forests,Baluchistan_xeric_woodlands                   ,0.918,-0.14253571611580404
Sundarbans_freshwater_swamp_forests,0.0387891739513129,Sundarbans_freshwater_swamp_forests,Indus_River_Delta_Arabian_Sea_mangroves       ,0.9102,-0.14253571611580404
Sundarbans_freshwater_swamp_forests,0.0387891739513129,Sundarbans_freshwater_swamp_forests,Meghalaya_subtropical_forests                 ,0.9686,-0.14253571611580404
Sundarbans_freshwater_swamp_forests,0.0387891739513129,Sundarbans_freshwater_swamp_forests,Chin_Hills_Arakan_Yoma_montane_forests        ,0.9251,-0.14253571611580404
Sundarbans_freshwater_swamp_forests,0.0387891739513129,Sundarbans_freshwater_swamp_forests,North_Western_Ghats_moist_deciduous_forests   ,0.9068,-0.14253571611580404
Sundarbans_freshwater_swamp_forests,0.0387891739513129,Sundarbans_freshwater_swamp_forests,Northern_Triangle_temperate_forests           ,0.878,-0.14253571611580404
Sundarbans_freshwater_swamp_forests,0.0387891739513129,Sundarbans_freshwater_swamp_forests,Malabar_Coast_moist_forests                   ,0.8154,-0.14253571611580404
Sundarbans_freshwater_swamp_forests,0.0387891739513129,Sundarbans_freshwater_swamp_forests,Andaman_Islands_rain_forests                  ,0.7131,-0.14253571611580404
Sundarbans_freshwater_swamp_forests,0.0387891739513129,Sundarbans_freshwater_swamp_forests,Western_Himalayan_alpine_shrub_and_meadows    ,0.8176,-0.14253571611580404
Sundarbans_freshwater_swamp_forests,0.0387891739513129,Sundarbans_freshwater_swamp_forests,Eastern_Himalayan_subalpine_conifer_forests   ,0.9048,-0.14253571611580404
Sundarbans_freshwater_swamp_forests,0.0387891739513129,Sundarbans_freshwater_swamp_forests,Deccan_thorn_scrub_forests                    ,0.9177,-0.14253571611580404
Sundarbans_freshwater_swamp_forests,0.0387891739513129,Sundarbans_freshwater_swamp_forests,Western_Himalayan_subalpine_conifer_forests   ,0.898,-0.14253571611580404
Sundarbans_freshwater_swamp_forests,0.0387891739513129,Sundarbans_freshwater_swamp_forests,Lower_Gangetic_Plains_moist_deciduous_forests ,0.9807,-0.14253571611580404
Sundarbans_freshwater_swamp_forests,0.0387891739513129,Sundarbans_freshwater_swamp_forests,South_Western_Ghats_moist_deciduous_forests   ,0.8615,-0.14253571611580404
Sundarbans_freshwater_swamp_forests,0.0387891739513129,Sundarbans_freshwater_swamp_forests,Thar_desert                                   ,0.9354,-0.14253571611580404
Sundarbans_freshwater_swamp_forests,0.0387891739513129,Sundarbans_freshwater_swamp_forests,Godavari_Krishna_mangroves                    ,0.9124,-0.14253571611580404
Sundarbans_freshwater_swamp_forests,0.0387891739513129,Sundarbans_freshwater_swamp_forests,North_Tibetan_Plateau_Kunlun_Mountains_alpine_desert,0.8,-0.14253571611580404
Sundarbans_freshwater_swamp_forests,0.0387891739513129,Sundarbans_freshwater_swamp_forests,Himalayan_subtropical_broadleaf_forests       ,0.9519,-0.14253571611580404
Sundarbans_freshwater_swamp_forests,0.0387891739513129,Sundarbans_freshwater_swamp_forests,South_Deccan_Plateau_dry_deciduous_forests    ,0.918,-0.14253571611580404
Sundarbans_freshwater_swamp_forests,0.0387891739513129,Sundarbans_freshwater_swamp_forests,Orissa_semi_evergreen_forests                 ,0.9687,-0.14253571611580404
Sundarbans_freshwater_swamp_forests,0.0387891739513129,Sundarbans_freshwater_swamp_forests,Sundarbans_freshwater_swamp_forests           ,1.0,-0.14253571611580404
Sundarbans_freshwater_swamp_forests,0.0387891739513129,Sundarbans_freshwater_swamp_forests,Himalayan_subtropical_pine_forests            ,0.9281,-0.14253571611580404
South_Western_Ghats_moist_deciduous_forests,0.1418766195310885,South_Western_Ghats_moist_deciduous_forests,Brahmaputra_Valley_semi_evergreen_forests     ,0.8469,-0.14253571611580404
South_Western_Ghats_moist_deciduous_forests,0.1418766195310885,South_Western_Ghats_moist_deciduous_forests,Western_Himalayan_broadleaf_forests           ,0.9304,-0.14253571611580404
South_Western_Ghats_moist_deciduous_forests,0.1418766195310885,South_Western_Ghats_moist_deciduous_forests,Northeast_Himalayan_subalpine_conifer_forests ,0.8112,-0.14253571611580404
South_Western_Ghats_moist_deciduous_forests,0.1418766195310885,South_Western_Ghats_moist_deciduous_forests,South_Western_Ghats_montane_rain_forests      ,0.9883,-0.14253571611580404
South_Western_Ghats_moist_deciduous_forests,0.1418766195310885,South_Western_Ghats_moist_deciduous_forests,Narmada_Valley_dry_deciduous_forests          ,0.8654,-0.14253571611580404
South_Western_Ghats_moist_deciduous_forests,0.1418766195310885,South_Western_Ghats_moist_deciduous_forests,Mizoram_Manipur_Kachin_rain_forests           ,0.9093,-0.14253571611580404
South_Western_Ghats_moist_deciduous_forests,0.1418766195310885,South_Western_Ghats_moist_deciduous_forests,Khathiar_Gir_dry_deciduous_forests            ,0.8698,-0.14253571611580404
South_Western_Ghats_moist_deciduous_forests,0.1418766195310885,South_Western_Ghats_moist_deciduous_forests,Aravalli_west_thorn_scrub_forests             ,0.8773,-0.14253571611580404
South_Western_Ghats_moist_deciduous_forests,0.1418766195310885,South_Western_Ghats_moist_deciduous_forests,Maldives_Lakshadweep_Chagos_Archipelago_tropical_moist_forests,0.8095,-0.14253571611580404
South_Western_Ghats_moist_deciduous_forests,0.1418766195310885,South_Western_Ghats_moist_deciduous_forests,East_Deccan_moist_deciduous_forests           ,0.9099,-0.14253571611580404
South_Western_Ghats_moist_deciduous_forests,0.1418766195310885,South_Western_Ghats_moist_deciduous_forests,East_Deccan_dry_evergreen_forests             ,0.9331,-0.14253571611580404
South_Western_Ghats_moist_deciduous_forests,0.1418766195310885,South_Western_Ghats_moist_deciduous_forests,Central_Deccan_Plateau_dry_deciduous_forests  ,0.9088,-0.14253571611580404
South_Western_Ghats_moist_deciduous_forests,0.1418766195310885,South_Western_Ghats_moist_deciduous_forests,Eastern_Himalayan_broadleaf_forests           ,0.9277,-0.14253571611580404
South_Western_Ghats_moist_deciduous_forests,0.1418766195310885,South_Western_Ghats_moist_deciduous_forests,Central_Tibetan_Plateau_alpine_steppe         ,0.7376,-0.14253571611580404
South_Western_Ghats_moist_deciduous_forests,0.1418766195310885,South_Western_Ghats_moist_deciduous_forests,Terai_Duar_savanna_and_grasslands             ,0.8675,-0.14253571611580404
South_Western_Ghats_moist_deciduous_forests,0.1418766195310885,South_Western_Ghats_moist_deciduous_forests,Nicobar_Islands_rain_forests                  ,0.8744,-0.14253571611580404
South_Western_Ghats_moist_deciduous_forests,0.1418766195310885,South_Western_Ghats_moist_deciduous_forests,Eastern_Himalayan_alpine_shrub_and_meadows    ,0.8286,-0.14253571611580404
South_Western_Ghats_moist_deciduous_forests,0.1418766195310885,South_Western_Ghats_moist_deciduous_forests,North_Western_Ghats_montane_rain_forests      ,0.9219,-0.14253571611580404
South_Western_Ghats_moist_deciduous_forests,0.1418766195310885,South_Western_Ghats_moist_deciduous_forests,Chhota_Nagpur_dry_deciduous_forests           ,0.8904,-0.14253571611580404
South_Western_Ghats_moist_deciduous_forests,0.1418766195310885,South_Western_Ghats_moist_deciduous_forests,Rann_of_Kutch_seasonal_salt_marsh             ,0.8478,-0.14253571611580404
South_Western_Ghats_moist_deciduous_forests,0.1418766195310885,South_Western_Ghats_moist_deciduous_forests,Northwestern_Himalayan_alpine_shrub_and_meadows,0.7763,-0.14253571611580404
South_Western_Ghats_moist_deciduous_forests,0.1418766195310885,South_Western_Ghats_moist_deciduous_forests,Upper_Gangetic_Plains_moist_deciduous_forests ,0.8887,-0.14253571611580404
South_Western_Ghats_moist_deciduous_forests,0.1418766195310885,South_Western_Ghats_moist_deciduous_forests,North_Deccan_dry_deciduous_forests            ,0.8637,-0.14253571611580404
South_Western_Ghats_moist_deciduous_forests,0.1418766195310885,South_Western_Ghats_moist_deciduous_forests,Northeast_India_Myanmar_pine_forests          ,0.8088,-0.14253571611580404
South_Western_Ghats_moist_deciduous_forests,0.1418766195310885,South_Western_Ghats_moist_deciduous_forests,Sundarbans_mangroves                          ,0.8506,-0.14253571611580404
South_Western_Ghats_moist_deciduous_forests,0.1418766195310885,South_Western_Ghats_moist_deciduous_forests,Karakoram_West_Tibetan_Plateau_alpine_steppe  ,0.756,-0.14253571611580404
South_Western_Ghats_moist_deciduous_forests,0.1418766195310885,South_Western_Ghats_moist_deciduous_forests,Baluchistan_xeric_woodlands                   ,0.8794,-0.14253571611580404
South_Western_Ghats_moist_deciduous_forests,0.1418766195310885,South_Western_Ghats_moist_deciduous_forests,Indus_River_Delta_Arabian_Sea_mangroves       ,0.9166,-0.14253571611580404
South_Western_Ghats_moist_deciduous_forests,0.1418766195310885,South_Western_Ghats_moist_deciduous_forests,Meghalaya_subtropical_forests                 ,0.8973,-0.14253571611580404
South_Western_Ghats_moist_deciduous_forests,0.1418766195310885,South_Western_Ghats_moist_deciduous_forests,Chin_Hills_Arakan_Yoma_montane_forests        ,0.8835,-0.14253571611580404
South_Western_Ghats_moist_deciduous_forests,0.1418766195310885,South_Western_Ghats_moist_deciduous_forests,North_Western_Ghats_moist_deciduous_forests   ,0.9348,-0.14253571611580404
South_Western_Ghats_moist_deciduous_forests,0.1418766195310885,South_Western_Ghats_moist_deciduous_forests,Northern_Triangle_temperate_forests           ,0.8288,-0.14253571611580404
South_Western_Ghats_moist_deciduous_forests,0.1418766195310885,South_Western_Ghats_moist_deciduous_forests,Malabar_Coast_moist_forests                   ,0.959,-0.14253571611580404
South_Western_Ghats_moist_deciduous_forests,0.1418766195310885,South_Western_Ghats_moist_deciduous_forests,Andaman_Islands_rain_forests                  ,0.8982,-0.14253571611580404
South_Western_Ghats_moist_deciduous_forests,0.1418766195310885,South_Western_Ghats_moist_deciduous_forests,Western_Himalayan_alpine_shrub_and_meadows    ,0.821,-0.14253571611580404
South_Western_Ghats_moist_deciduous_forests,0.1418766195310885,South_Western_Ghats_moist_deciduous_forests,Eastern_Himalayan_subalpine_conifer_forests   ,0.8685,-0.14253571611580404
South_Western_Ghats_moist_deciduous_forests,0.1418766195310885,South_Western_Ghats_moist_deciduous_forests,Deccan_thorn_scrub_forests                    ,0.9516,-0.14253571611580404
South_Western_Ghats_moist_deciduous_forests,0.1418766195310885,South_Western_Ghats_moist_deciduous_forests,Western_Himalayan_subalpine_conifer_forests   ,0.9142,-0.14253571611580404
South_Western_Ghats_moist_deciduous_forests,0.1418766195310885,South_Western_Ghats_moist_deciduous_forests,Lower_Gangetic_Plains_moist_deciduous_forests ,0.9041,-0.14253571611580404
South_Western_Ghats_moist_deciduous_forests,0.1418766195310885,South_Western_Ghats_moist_deciduous_forests,South_Western_Ghats_moist_deciduous_forests   ,1.0,-0.14253571611580404
South_Western_Ghats_moist_deciduous_forests,0.1418766195310885,South_Western_Ghats_moist_deciduous_forests,Thar_desert                                   ,0.8162,-0.14253571611580404
South_Western_Ghats_moist_deciduous_forests,0.1418766195310885,South_Western_Ghats_moist_deciduous_forests,Godavari_Krishna_mangroves                    ,0.8964,-0.14253571611580404
South_Western_Ghats_moist_deciduous_forests,0.1418766195310885,South_Western_Ghats_moist_deciduous_forests,North_Tibetan_Plateau_Kunlun_Mountains_alpine_desert,0.7496,-0.14253571611580404
South_Western_Ghats_moist_deciduous_forests,0.1418766195310885,South_Western_Ghats_moist_deciduous_forests,Himalayan_subtropical_broadleaf_forests       ,0.8947,-0.14253571611580404
South_Western_Ghats_moist_deciduous_forests,0.1418766195310885,South_Western_Ghats_moist_deciduous_forests,South_Deccan_Plateau_dry_deciduous_forests    ,0.9592,-0.14253571611580404
South_Western_Ghats_moist_deciduous_forests,0.1418766195310885,South_Western_Ghats_moist_deciduous_forests,Orissa_semi_evergreen_forests                 ,0.8762,-0.14253571611580404
South_Western_Ghats_moist_deciduous_forests,0.1418766195310885,South_Western_Ghats_moist_deciduous_forests,Sundarbans_freshwater_swamp_forests           ,0.8615,-0.14253571611580404
South_Western_Ghats_moist_deciduous_forests,0.1418766195310885,South_Western_Ghats_moist_deciduous_forests,Himalayan_subtropical_pine_forests            ,0.9556,-0.14253571611580404
Orissa_semi_evergreen_forests,0.0117347557335481,Orissa_semi_evergreen_forests,Brahmaputra_Valley_semi_evergreen_forests     ,0.9453,-0.14253571611580404
Orissa_semi_evergreen_forests,0.0117347557335481,Orissa_semi_evergreen_forests,Western_Himalayan_broadleaf_forests           ,0.889,-0.14253571611580404
Orissa_semi_evergreen_forests,0.0117347557335481,Orissa_semi_evergreen_forests,Northeast_Himalayan_subalpine_conifer_forests ,0.8345,-0.14253571611580404
Orissa_semi_evergreen_forests,0.0117347557335481,Orissa_semi_evergreen_forests,South_Western_Ghats_montane_rain_forests      ,0.8483,-0.14253571611580404
Orissa_semi_evergreen_forests,0.0117347557335481,Orissa_semi_evergreen_forests,Narmada_Valley_dry_deciduous_forests          ,0.9472,-0.14253571611580404
Orissa_semi_evergreen_forests,0.0117347557335481,Orissa_semi_evergreen_forests,Mizoram_Manipur_Kachin_rain_forests           ,0.9574,-0.14253571611580404
Orissa_semi_evergreen_forests,0.0117347557335481,Orissa_semi_evergreen_forests,Khathiar_Gir_dry_deciduous_forests            ,0.9556,-0.14253571611580404
Orissa_semi_evergreen_forests,0.0117347557335481,Orissa_semi_evergreen_forests,Aravalli_west_thorn_scrub_forests             ,0.9749,-0.14253571611580404
Orissa_semi_evergreen_forests,0.0117347557335481,Orissa_semi_evergreen_forests,Maldives_Lakshadweep_Chagos_Archipelago_tropical_moist_forests,0.6427,-0.14253571611580404
Orissa_semi_evergreen_forests,0.0117347557335481,Orissa_semi_evergreen_forests,East_Deccan_moist_deciduous_forests           ,0.9787,-0.14253571611580404
Orissa_semi_evergreen_forests,0.0117347557335481,Orissa_semi_evergreen_forests,East_Deccan_dry_evergreen_forests             ,0.9532,-0.14253571611580404
Orissa_semi_evergreen_forests,0.0117347557335481,Orissa_semi_evergreen_forests,Central_Deccan_Plateau_dry_deciduous_forests  ,0.9635,-0.14253571611580404
Orissa_semi_evergreen_forests,0.0117347557335481,Orissa_semi_evergreen_forests,Eastern_Himalayan_broadleaf_forests           ,0.9254,-0.14253571611580404
Orissa_semi_evergreen_forests,0.0117347557335481,Orissa_semi_evergreen_forests,Central_Tibetan_Plateau_alpine_steppe         ,0.7579,-0.14253571611580404
Orissa_semi_evergreen_forests,0.0117347557335481,Orissa_semi_evergreen_forests,Terai_Duar_savanna_and_grasslands             ,0.9715,-0.14253571611580404
Orissa_semi_evergreen_forests,0.0117347557335481,Orissa_semi_evergreen_forests,Nicobar_Islands_rain_forests                  ,0.6889,-0.14253571611580404
Orissa_semi_evergreen_forests,0.0117347557335481,Orissa_semi_evergreen_forests,Eastern_Himalayan_alpine_shrub_and_meadows    ,0.8607,-0.14253571611580404
Orissa_semi_evergreen_forests,0.0117347557335481,Orissa_semi_evergreen_forests,North_Western_Ghats_montane_rain_forests      ,0.8776,-0.14253571611580404
Orissa_semi_evergreen_forests,0.0117347557335481,Orissa_semi_evergreen_forests,Chhota_Nagpur_dry_deciduous_forests           ,0.9824,-0.14253571611580404
Orissa_semi_evergreen_forests,0.0117347557335481,Orissa_semi_evergreen_forests,Rann_of_Kutch_seasonal_salt_marsh             ,0.9607,-0.14253571611580404
Orissa_semi_evergreen_forests,0.0117347557335481,Orissa_semi_evergreen_forests,Northwestern_Himalayan_alpine_shrub_and_meadows,0.7898,-0.14253571611580404
Orissa_semi_evergreen_forests,0.0117347557335481,Orissa_semi_evergreen_forests,Upper_Gangetic_Plains_moist_deciduous_forests ,0.9767,-0.14253571611580404
Orissa_semi_evergreen_forests,0.0117347557335481,Orissa_semi_evergreen_forests,North_Deccan_dry_deciduous_forests            ,0.9859,-0.14253571611580404
Orissa_semi_evergreen_forests,0.0117347557335481,Orissa_semi_evergreen_forests,Northeast_India_Myanmar_pine_forests          ,0.8463,-0.14253571611580404
Orissa_semi_evergreen_forests,0.0117347557335481,Orissa_semi_evergreen_forests,Sundarbans_mangroves                          ,0.9531,-0.14253571611580404
Orissa_semi_evergreen_forests,0.0117347557335481,Orissa_semi_evergreen_forests,Karakoram_West_Tibetan_Plateau_alpine_steppe  ,0.7688,-0.14253571611580404
Orissa_semi_evergreen_forests,0.0117347557335481,Orissa_semi_evergreen_forests,Baluchistan_xeric_woodlands                   ,0.9055,-0.14253571611580404
Orissa_semi_evergreen_forests,0.0117347557335481,Orissa_semi_evergreen_forests,Indus_River_Delta_Arabian_Sea_mangroves       ,0.939,-0.14253571611580404
Orissa_semi_evergreen_forests,0.0117347557335481,Orissa_semi_evergreen_forests,Meghalaya_subtropical_forests                 ,0.95,-0.14253571611580404
Orissa_semi_evergreen_forests,0.0117347557335481,Orissa_semi_evergreen_forests,Chin_Hills_Arakan_Yoma_montane_forests        ,0.9252,-0.14253571611580404
Orissa_semi_evergreen_forests,0.0117347557335481,Orissa_semi_evergreen_forests,North_Western_Ghats_moist_deciduous_forests   ,0.9172,-0.14253571611580404
Orissa_semi_evergreen_forests,0.0117347557335481,Orissa_semi_evergreen_forests,Northern_Triangle_temperate_forests           ,0.8297,-0.14253571611580404
Orissa_semi_evergreen_forests,0.0117347557335481,Orissa_semi_evergreen_forests,Malabar_Coast_moist_forests                   ,0.8339,-0.14253571611580404
Orissa_semi_evergreen_forests,0.0117347557335481,Orissa_semi_evergreen_forests,Andaman_Islands_rain_forests                  ,0.7492,-0.14253571611580404
Orissa_semi_evergreen_forests,0.0117347557335481,Orissa_semi_evergreen_forests,Western_Himalayan_alpine_shrub_and_meadows    ,0.7848,-0.14253571611580404
Orissa_semi_evergreen_forests,0.0117347557335481,Orissa_semi_evergreen_forests,Eastern_Himalayan_subalpine_conifer_forests   ,0.8851,-0.14253571611580404
Orissa_semi_evergreen_forests,0.0117347557335481,Orissa_semi_evergreen_forests,Deccan_thorn_scrub_forests                    ,0.9458,-0.14253571611580404
Orissa_semi_evergreen_forests,0.0117347557335481,Orissa_semi_evergreen_forests,Western_Himalayan_subalpine_conifer_forests   ,0.8998,-0.14253571611580404
Orissa_semi_evergreen_forests,0.0117347557335481,Orissa_semi_evergreen_forests,Lower_Gangetic_Plains_moist_deciduous_forests ,0.9792,-0.14253571611580404
Orissa_semi_evergreen_forests,0.0117347557335481,Orissa_semi_evergreen_forests,South_Western_Ghats_moist_deciduous_forests   ,0.8762,-0.14253571611580404
Orissa_semi_evergreen_forests,0.0117347557335481,Orissa_semi_evergreen_forests,Thar_desert                                   ,0.9706,-0.14253571611580404
Orissa_semi_evergreen_forests,0.0117347557335481,Orissa_semi_evergreen_forests,Godavari_Krishna_mangroves                    ,0.9736,-0.14253571611580404
Orissa_semi_evergreen_forests,0.0117347557335481,Orissa_semi_evergreen_forests,North_Tibetan_Plateau_Kunlun_Mountains_alpine_desert,0.7744,-0.14253571611580404
Orissa_semi_evergreen_forests,0.0117347557335481,Orissa_semi_evergreen_forests,Himalayan_subtropical_broadleaf_forests       ,0.9512,-0.14253571611580404
Orissa_semi_evergreen_forests,0.0117347557335481,Orissa_semi_evergreen_forests,South_Deccan_Plateau_dry_deciduous_forests    ,0.9399,-0.14253571611580404
Orissa_semi_evergreen_forests,0.0117347557335481,Orissa_semi_evergreen_forests,Orissa_semi_evergreen_forests                 ,1.0,-0.14253571611580404
Orissa_semi_evergreen_forests,0.0117347557335481,Orissa_semi_evergreen_forests,Sundarbans_freshwater_swamp_forests           ,0.9687,-0.14253571611580404
Orissa_semi_evergreen_forests,0.0117347557335481,Orissa_semi_evergreen_forests,Himalayan_subtropical_pine_forests            ,0.9332,-0.14253571611580404
South_Western_Ghats_montane_rain_forests,0.278728308236506,South_Western_Ghats_montane_rain_forests,Brahmaputra_Valley_semi_evergreen_forests     ,0.8535,-0.14253571611580404
South_Western_Ghats_montane_rain_forests,0.278728308236506,South_Western_Ghats_montane_rain_forests,Western_Himalayan_broadleaf_forests           ,0.9383,-0.14253571611580404
South_Western_Ghats_montane_rain_forests,0.278728308236506,South_Western_Ghats_montane_rain_forests,Northeast_Himalayan_subalpine_conifer_forests ,0.8252,-0.14253571611580404
South_Western_Ghats_montane_rain_forests,0.278728308236506,South_Western_Ghats_montane_rain_forests,South_Western_Ghats_montane_rain_forests      ,1.0,-0.14253571611580404
South_Western_Ghats_montane_rain_forests,0.278728308236506,South_Western_Ghats_montane_rain_forests,Narmada_Valley_dry_deciduous_forests          ,0.8475,-0.14253571611580404
South_Western_Ghats_montane_rain_forests,0.278728308236506,South_Western_Ghats_montane_rain_forests,Mizoram_Manipur_Kachin_rain_forests           ,0.9096,-0.14253571611580404
South_Western_Ghats_montane_rain_forests,0.278728308236506,South_Western_Ghats_montane_rain_forests,Khathiar_Gir_dry_deciduous_forests            ,0.8457,-0.14253571611580404
South_Western_Ghats_montane_rain_forests,0.278728308236506,South_Western_Ghats_montane_rain_forests,Aravalli_west_thorn_scrub_forests             ,0.8562,-0.14253571611580404
South_Western_Ghats_montane_rain_forests,0.278728308236506,South_Western_Ghats_montane_rain_forests,Maldives_Lakshadweep_Chagos_Archipelago_tropical_moist_forests,0.7562,-0.14253571611580404
South_Western_Ghats_montane_rain_forests,0.278728308236506,South_Western_Ghats_montane_rain_forests,East_Deccan_moist_deciduous_forests           ,0.8861,-0.14253571611580404
South_Western_Ghats_montane_rain_forests,0.278728308236506,South_Western_Ghats_montane_rain_forests,East_Deccan_dry_evergreen_forests             ,0.8884,-0.14253571611580404
South_Western_Ghats_montane_rain_forests,0.278728308236506,South_Western_Ghats_montane_rain_forests,Central_Deccan_Plateau_dry_deciduous_forests  ,0.8808,-0.14253571611580404
South_Western_Ghats_montane_rain_forests,0.278728308236506,South_Western_Ghats_montane_rain_forests,Eastern_Himalayan_broadleaf_forests           ,0.9378,-0.14253571611580404
South_Western_Ghats_montane_rain_forests,0.278728308236506,South_Western_Ghats_montane_rain_forests,Central_Tibetan_Plateau_alpine_steppe         ,0.7599,-0.14253571611580404
South_Western_Ghats_montane_rain_forests,0.278728308236506,South_Western_Ghats_montane_rain_forests,Terai_Duar_savanna_and_grasslands             ,0.8615,-0.14253571611580404
South_Western_Ghats_montane_rain_forests,0.278728308236506,South_Western_Ghats_montane_rain_forests,Nicobar_Islands_rain_forests                  ,0.8529,-0.14253571611580404
South_Western_Ghats_montane_rain_forests,0.278728308236506,South_Western_Ghats_montane_rain_forests,Eastern_Himalayan_alpine_shrub_and_meadows    ,0.8313,-0.14253571611580404
South_Western_Ghats_montane_rain_forests,0.278728308236506,South_Western_Ghats_montane_rain_forests,North_Western_Ghats_montane_rain_forests      ,0.9368,-0.14253571611580404
South_Western_Ghats_montane_rain_forests,0.278728308236506,South_Western_Ghats_montane_rain_forests,Chhota_Nagpur_dry_deciduous_forests           ,0.8676,-0.14253571611580404
South_Western_Ghats_montane_rain_forests,0.278728308236506,South_Western_Ghats_montane_rain_forests,Rann_of_Kutch_seasonal_salt_marsh             ,0.8224,-0.14253571611580404
South_Western_Ghats_montane_rain_forests,0.278728308236506,South_Western_Ghats_montane_rain_forests,Northwestern_Himalayan_alpine_shrub_and_meadows,0.7882,-0.14253571611580404
South_Western_Ghats_montane_rain_forests,0.278728308236506,South_Western_Ghats_montane_rain_forests,Upper_Gangetic_Plains_moist_deciduous_forests ,0.8636,-0.14253571611580404
South_Western_Ghats_montane_rain_forests,0.278728308236506,South_Western_Ghats_montane_rain_forests,North_Deccan_dry_deciduous_forests            ,0.8435,-0.14253571611580404
South_Western_Ghats_montane_rain_forests,0.278728308236506,South_Western_Ghats_montane_rain_forests,Northeast_India_Myanmar_pine_forests          ,0.842,-0.14253571611580404
South_Western_Ghats_montane_rain_forests,0.278728308236506,South_Western_Ghats_montane_rain_forests,Sundarbans_mangroves                          ,0.8407,-0.14253571611580404
South_Western_Ghats_montane_rain_forests,0.278728308236506,South_Western_Ghats_montane_rain_forests,Karakoram_West_Tibetan_Plateau_alpine_steppe  ,0.7669,-0.14253571611580404
South_Western_Ghats_montane_rain_forests,0.278728308236506,South_Western_Ghats_montane_rain_forests,Baluchistan_xeric_woodlands                   ,0.866,-0.14253571611580404
South_Western_Ghats_montane_rain_forests,0.278728308236506,South_Western_Ghats_montane_rain_forests,Indus_River_Delta_Arabian_Sea_mangroves       ,0.8914,-0.14253571611580404
South_Western_Ghats_montane_rain_forests,0.278728308236506,South_Western_Ghats_montane_rain_forests,Meghalaya_subtropical_forests                 ,0.9015,-0.14253571611580404
South_Western_Ghats_montane_rain_forests,0.278728308236506,South_Western_Ghats_montane_rain_forests,Chin_Hills_Arakan_Yoma_montane_forests        ,0.8955,-0.14253571611580404
South_Western_Ghats_montane_rain_forests,0.278728308236506,South_Western_Ghats_montane_rain_forests,North_Western_Ghats_moist_deciduous_forests   ,0.9312,-0.14253571611580404
South_Western_Ghats_montane_rain_forests,0.278728308236506,South_Western_Ghats_montane_rain_forests,Northern_Triangle_temperate_forests           ,0.8652,-0.14253571611580404
South_Western_Ghats_montane_rain_forests,0.278728308236506,South_Western_Ghats_montane_rain_forests,Malabar_Coast_moist_forests                   ,0.9557,-0.14253571611580404
South_Western_Ghats_montane_rain_forests,0.278728308236506,South_Western_Ghats_montane_rain_forests,Andaman_Islands_rain_forests                  ,0.8818,-0.14253571611580404
South_Western_Ghats_montane_rain_forests,0.278728308236506,South_Western_Ghats_montane_rain_forests,Western_Himalayan_alpine_shrub_and_meadows    ,0.8435,-0.14253571611580404
South_Western_Ghats_montane_rain_forests,0.278728308236506,South_Western_Ghats_montane_rain_forests,Eastern_Himalayan_subalpine_conifer_forests   ,0.8817,-0.14253571611580404
South_Western_Ghats_montane_rain_forests,0.278728308236506,South_Western_Ghats_montane_rain_forests,Deccan_thorn_scrub_forests                    ,0.9198,-0.14253571611580404
South_Western_Ghats_montane_rain_forests,0.278728308236506,South_Western_Ghats_montane_rain_forests,Western_Himalayan_subalpine_conifer_forests   ,0.9169,-0.14253571611580404
South_Western_Ghats_montane_rain_forests,0.278728308236506,South_Western_Ghats_montane_rain_forests,Lower_Gangetic_Plains_moist_deciduous_forests ,0.8942,-0.14253571611580404
South_Western_Ghats_montane_rain_forests,0.278728308236506,South_Western_Ghats_montane_rain_forests,South_Western_Ghats_moist_deciduous_forests   ,0.9883,-0.14253571611580404
South_Western_Ghats_montane_rain_forests,0.278728308236506,South_Western_Ghats_montane_rain_forests,Thar_desert                                   ,0.7881,-0.14253571611580404
South_Western_Ghats_montane_rain_forests,0.278728308236506,South_Western_Ghats_montane_rain_forests,Godavari_Krishna_mangroves                    ,0.8514,-0.14253571611580404
South_Western_Ghats_montane_rain_forests,0.278728308236506,South_Western_Ghats_montane_rain_forests,North_Tibetan_Plateau_Kunlun_Mountains_alpine_desert,0.7622,-0.14253571611580404
South_Western_Ghats_montane_rain_forests,0.278728308236506,South_Western_Ghats_montane_rain_forests,Himalayan_subtropical_broadleaf_forests       ,0.9016,-0.14253571611580404
South_Western_Ghats_montane_rain_forests,0.278728308236506,South_Western_Ghats_montane_rain_forests,South_Deccan_Plateau_dry_deciduous_forests    ,0.9262,-0.14253571611580404
South_Western_Ghats_montane_rain_forests,0.278728308236506,South_Western_Ghats_montane_rain_forests,Orissa_semi_evergreen_forests                 ,0.8483,-0.14253571611580404
South_Western_Ghats_montane_rain_forests,0.278728308236506,South_Western_Ghats_montane_rain_forests,Sundarbans_freshwater_swamp_forests           ,0.8497,-0.14253571611580404
South_Western_Ghats_montane_rain_forests,0.278728308236506,South_Western_Ghats_montane_rain_forests,Himalayan_subtropical_pine_forests            ,0.9586,-0.14253571611580404
Sundarbans_mangroves,0.1412668235746592,Sundarbans_mangroves,Brahmaputra_Valley_semi_evergreen_forests     ,0.9758,-0.14253571611580404
Sundarbans_mangroves,0.1412668235746592,Sundarbans_mangroves,Western_Himalayan_broadleaf_forests           ,0.8826,-0.14253571611580404
Sundarbans_mangroves,0.1412668235746592,Sundarbans_mangroves,Northeast_Himalayan_subalpine_conifer_forests ,0.8368,-0.14253571611580404
Sundarbans_mangroves,0.1412668235746592,Sundarbans_mangroves,South_Western_Ghats_montane_rain_forests      ,0.8407,-0.14253571611580404
Sundarbans_mangroves,0.1412668235746592,Sundarbans_mangroves,Narmada_Valley_dry_deciduous_forests          ,0.9145,-0.14253571611580404
Sundarbans_mangroves,0.1412668235746592,Sundarbans_mangroves,Mizoram_Manipur_Kachin_rain_forests           ,0.9603,-0.14253571611580404
Sundarbans_mangroves,0.1412668235746592,Sundarbans_mangroves,Khathiar_Gir_dry_deciduous_forests            ,0.9242,-0.14253571611580404
Sundarbans_mangroves,0.1412668235746592,Sundarbans_mangroves,Aravalli_west_thorn_scrub_forests             ,0.9219,-0.14253571611580404
Sundarbans_mangroves,0.1412668235746592,Sundarbans_mangroves,Maldives_Lakshadweep_Chagos_Archipelago_tropical_moist_forests,0.6407,-0.14253571611580404
Sundarbans_mangroves,0.1412668235746592,Sundarbans_mangroves,East_Deccan_moist_deciduous_forests           ,0.9384,-0.14253571611580404
Sundarbans_mangroves,0.1412668235746592,Sundarbans_mangroves,East_Deccan_dry_evergreen_forests             ,0.8803,-0.14253571611580404
Sundarbans_mangroves,0.1412668235746592,Sundarbans_mangroves,Central_Deccan_Plateau_dry_deciduous_forests  ,0.9317,-0.14253571611580404
Sundarbans_mangroves,0.1412668235746592,Sundarbans_mangroves,Eastern_Himalayan_broadleaf_forests           ,0.9332,-0.14253571611580404
Sundarbans_mangroves,0.1412668235746592,Sundarbans_mangroves,Central_Tibetan_Plateau_alpine_steppe         ,0.7635,-0.14253571611580404
Sundarbans_mangroves,0.1412668235746592,Sundarbans_mangroves,Terai_Duar_savanna_and_grasslands             ,0.9583,-0.14253571611580404
Sundarbans_mangroves,0.1412668235746592,Sundarbans_mangroves,Nicobar_Islands_rain_forests                  ,0.6481,-0.14253571611580404
Sundarbans_mangroves,0.1412668235746592,Sundarbans_mangroves,Eastern_Himalayan_alpine_shrub_and_meadows    ,0.8745,-0.14253571611580404
Sundarbans_mangroves,0.1412668235746592,Sundarbans_mangroves,North_Western_Ghats_montane_rain_forests      ,0.8764,-0.14253571611580404
Sundarbans_mangroves,0.1412668235746592,Sundarbans_mangroves,Chhota_Nagpur_dry_deciduous_forests           ,0.9482,-0.14253571611580404
Sundarbans_mangroves,0.1412668235746592,Sundarbans_mangroves,Rann_of_Kutch_seasonal_salt_marsh             ,0.9154,-0.14253571611580404
Sundarbans_mangroves,0.1412668235746592,Sundarbans_mangroves,Northwestern_Himalayan_alpine_shrub_and_meadows,0.7913,-0.14253571611580404
Sundarbans_mangroves,0.1412668235746592,Sundarbans_mangroves,Upper_Gangetic_Plains_moist_deciduous_forests ,0.9313,-0.14253571611580404
Sundarbans_mangroves,0.1412668235746592,Sundarbans_mangroves,North_Deccan_dry_deciduous_forests            ,0.9548,-0.14253571611580404
Sundarbans_mangroves,0.1412668235746592,Sundarbans_mangroves,Northeast_India_Myanmar_pine_forests          ,0.878,-0.14253571611580404
Sundarbans_mangroves,0.1412668235746592,Sundarbans_mangroves,Sundarbans_mangroves                          ,1.0,-0.14253571611580404
Sundarbans_mangroves,0.1412668235746592,Sundarbans_mangroves,Karakoram_West_Tibetan_Plateau_alpine_steppe  ,0.782,-0.14253571611580404
Sundarbans_mangroves,0.1412668235746592,Sundarbans_mangroves,Baluchistan_xeric_woodlands                   ,0.8946,-0.14253571611580404
Sundarbans_mangroves,0.1412668235746592,Sundarbans_mangroves,Indus_River_Delta_Arabian_Sea_mangroves       ,0.865,-0.14253571611580404
Sundarbans_mangroves,0.1412668235746592,Sundarbans_mangroves,Meghalaya_subtropical_forests                 ,0.968,-0.14253571611580404
Sundarbans_mangroves,0.1412668235746592,Sundarbans_mangroves,Chin_Hills_Arakan_Yoma_montane_forests        ,0.9132,-0.14253571611580404
Sundarbans_mangroves,0.1412668235746592,Sundarbans_mangroves,North_Western_Ghats_moist_deciduous_forests   ,0.8982,-0.14253571611580404
Sundarbans_mangroves,0.1412668235746592,Sundarbans_mangroves,Northern_Triangle_temperate_forests           ,0.8925,-0.14253571611580404
Sundarbans_mangroves,0.1412668235746592,Sundarbans_mangroves,Malabar_Coast_moist_forests                   ,0.8225,-0.14253571611580404
Sundarbans_mangroves,0.1412668235746592,Sundarbans_mangroves,Andaman_Islands_rain_forests                  ,0.7409,-0.14253571611580404
Sundarbans_mangroves,0.1412668235746592,Sundarbans_mangroves,Western_Himalayan_alpine_shrub_and_meadows    ,0.808,-0.14253571611580404
Sundarbans_mangroves,0.1412668235746592,Sundarbans_mangroves,Eastern_Himalayan_subalpine_conifer_forests   ,0.8893,-0.14253571611580404
Sundarbans_mangroves,0.1412668235746592,Sundarbans_mangroves,Deccan_thorn_scrub_forests                    ,0.8844,-0.14253571611580404
Sundarbans_mangroves,0.1412668235746592,Sundarbans_mangroves,Western_Himalayan_subalpine_conifer_forests   ,0.8866,-0.14253571611580404
Sundarbans_mangroves,0.1412668235746592,Sundarbans_mangroves,Lower_Gangetic_Plains_moist_deciduous_forests ,0.9618,-0.14253571611580404
Sundarbans_mangroves,0.1412668235746592,Sundarbans_mangroves,South_Western_Ghats_moist_deciduous_forests   ,0.8506,-0.14253571611580404
Sundarbans_mangroves,0.1412668235746592,Sundarbans_mangroves,Thar_desert                                   ,0.9069,-0.14253571611580404
Sundarbans_mangroves,0.1412668235746592,Sundarbans_mangroves,Godavari_Krishna_mangroves                    ,0.9018,-0.14253571611580404
Sundarbans_mangroves,0.1412668235746592,Sundarbans_mangroves,North_Tibetan_Plateau_Kunlun_Mountains_alpine_desert,0.7782,-0.14253571611580404
Sundarbans_mangroves,0.1412668235746592,Sundarbans_mangroves,Himalayan_subtropical_broadleaf_forests       ,0.9445,-0.14253571611580404
Sundarbans_mangroves,0.1412668235746592,Sundarbans_mangroves,South_Deccan_Plateau_dry_deciduous_forests    ,0.8932,-0.14253571611580404
Sundarbans_mangroves,0.1412668235746592,Sundarbans_mangroves,Orissa_semi_evergreen_forests                 ,0.9531,-0.14253571611580404
Sundarbans_mangroves,0.1412668235746592,Sundarbans_mangroves,Sundarbans_freshwater_swamp_forests           ,0.9856,-0.14253571611580404
Sundarbans_mangroves,0.1412668235746592,Sundarbans_mangroves,Himalayan_subtropical_pine_forests            ,0.9231,-0.14253571611580404
Upper_Gangetic_Plains_moist_deciduous_forests,0.0090588576526295,Upper_Gangetic_Plains_moist_deciduous_forests,Brahmaputra_Valley_semi_evergreen_forests     ,0.9217,-0.14253571611580404
Upper_Gangetic_Plains_moist_deciduous_forests,0.0090588576526295,Upper_Gangetic_Plains_moist_deciduous_forests,Western_Himalayan_broadleaf_forests           ,0.8883,-0.14253571611580404
Upper_Gangetic_Plains_moist_deciduous_forests,0.0090588576526295,Upper_Gangetic_Plains_moist_deciduous_forests,Northeast_Himalayan_subalpine_conifer_forests ,0.8709,-0.14253571611580404
Upper_Gangetic_Plains_moist_deciduous_forests,0.0090588576526295,Upper_Gangetic_Plains_moist_deciduous_forests,South_Western_Ghats_montane_rain_forests      ,0.8636,-0.14253571611580404
Upper_Gangetic_Plains_moist_deciduous_forests,0.0090588576526295,Upper_Gangetic_Plains_moist_deciduous_forests,Narmada_Valley_dry_deciduous_forests          ,0.985,-0.14253571611580404
Upper_Gangetic_Plains_moist_deciduous_forests,0.0090588576526295,Upper_Gangetic_Plains_moist_deciduous_forests,Mizoram_Manipur_Kachin_rain_forests           ,0.9544,-0.14253571611580404
Upper_Gangetic_Plains_moist_deciduous_forests,0.0090588576526295,Upper_Gangetic_Plains_moist_deciduous_forests,Khathiar_Gir_dry_deciduous_forests            ,0.989,-0.14253571611580404
Upper_Gangetic_Plains_moist_deciduous_forests,0.0090588576526295,Upper_Gangetic_Plains_moist_deciduous_forests,Aravalli_west_thorn_scrub_forests             ,0.9833,-0.14253571611580404
Upper_Gangetic_Plains_moist_deciduous_forests,0.0090588576526295,Upper_Gangetic_Plains_moist_deciduous_forests,Maldives_Lakshadweep_Chagos_Archipelago_tropical_moist_forests,0.6329,-0.14253571611580404
Upper_Gangetic_Plains_moist_deciduous_forests,0.0090588576526295,Upper_Gangetic_Plains_moist_deciduous_forests,East_Deccan_moist_deciduous_forests           ,0.9878,-0.14253571611580404
Upper_Gangetic_Plains_moist_deciduous_forests,0.0090588576526295,Upper_Gangetic_Plains_moist_deciduous_forests,East_Deccan_dry_evergreen_forests             ,0.9521,-0.14253571611580404
Upper_Gangetic_Plains_moist_deciduous_forests,0.0090588576526295,Upper_Gangetic_Plains_moist_deciduous_forests,Central_Deccan_Plateau_dry_deciduous_forests  ,0.98,-0.14253571611580404
Upper_Gangetic_Plains_moist_deciduous_forests,0.0090588576526295,Upper_Gangetic_Plains_moist_deciduous_forests,Eastern_Himalayan_broadleaf_forests           ,0.9327,-0.14253571611580404
Upper_Gangetic_Plains_moist_deciduous_forests,0.0090588576526295,Upper_Gangetic_Plains_moist_deciduous_forests,Central_Tibetan_Plateau_alpine_steppe         ,0.8044,-0.14253571611580404
Upper_Gangetic_Plains_moist_deciduous_forests,0.0090588576526295,Upper_Gangetic_Plains_moist_deciduous_forests,Terai_Duar_savanna_and_grasslands             ,0.9704,-0.14253571611580404
Upper_Gangetic_Plains_moist_deciduous_forests,0.0090588576526295,Upper_Gangetic_Plains_moist_deciduous_forests,Nicobar_Islands_rain_forests                  ,0.6611,-0.14253571611580404
Upper_Gangetic_Plains_moist_deciduous_forests,0.0090588576526295,Upper_Gangetic_Plains_moist_deciduous_forests,Eastern_Himalayan_alpine_shrub_and_meadows    ,0.8927,-0.14253571611580404
Upper_Gangetic_Plains_moist_deciduous_forests,0.0090588576526295,Upper_Gangetic_Plains_moist_deciduous_forests,North_Western_Ghats_montane_rain_forests      ,0.9156,-0.14253571611580404
Upper_Gangetic_Plains_moist_deciduous_forests,0.0090588576526295,Upper_Gangetic_Plains_moist_deciduous_forests,Chhota_Nagpur_dry_deciduous_forests           ,0.9906,-0.14253571611580404
Upper_Gangetic_Plains_moist_deciduous_forests,0.0090588576526295,Upper_Gangetic_Plains_moist_deciduous_forests,Rann_of_Kutch_seasonal_salt_marsh             ,0.9843,-0.14253571611580404
Upper_Gangetic_Plains_moist_deciduous_forests,0.0090588576526295,Upper_Gangetic_Plains_moist_deciduous_forests,Northwestern_Himalayan_alpine_shrub_and_meadows,0.7862,-0.14253571611580404
Upper_Gangetic_Plains_moist_deciduous_forests,0.0090588576526295,Upper_Gangetic_Plains_moist_deciduous_forests,Upper_Gangetic_Plains_moist_deciduous_forests ,1.0,-0.14253571611580404
Upper_Gangetic_Plains_moist_deciduous_forests,0.0090588576526295,Upper_Gangetic_Plains_moist_deciduous_forests,North_Deccan_dry_deciduous_forests            ,0.983,-0.14253571611580404
Upper_Gangetic_Plains_moist_deciduous_forests,0.0090588576526295,Upper_Gangetic_Plains_moist_deciduous_forests,Northeast_India_Myanmar_pine_forests          ,0.8525,-0.14253571611580404
Upper_Gangetic_Plains_moist_deciduous_forests,0.0090588576526295,Upper_Gangetic_Plains_moist_deciduous_forests,Sundarbans_mangroves                          ,0.9313,-0.14253571611580404
Upper_Gangetic_Plains_moist_deciduous_forests,0.0090588576526295,Upper_Gangetic_Plains_moist_deciduous_forests,Karakoram_West_Tibetan_Plateau_alpine_steppe  ,0.7925,-0.14253571611580404
Upper_Gangetic_Plains_moist_deciduous_forests,0.0090588576526295,Upper_Gangetic_Plains_moist_deciduous_forests,Baluchistan_xeric_woodlands                   ,0.9233,-0.14253571611580404
Upper_Gangetic_Plains_moist_deciduous_forests,0.0090588576526295,Upper_Gangetic_Plains_moist_deciduous_forests,Indus_River_Delta_Arabian_Sea_mangroves       ,0.9633,-0.14253571611580404
Upper_Gangetic_Plains_moist_deciduous_forests,0.0090588576526295,Upper_Gangetic_Plains_moist_deciduous_forests,Meghalaya_subtropical_forests                 ,0.9483,-0.14253571611580404
Upper_Gangetic_Plains_moist_deciduous_forests,0.0090588576526295,Upper_Gangetic_Plains_moist_deciduous_forests,Chin_Hills_Arakan_Yoma_montane_forests        ,0.9354,-0.14253571611580404
Upper_Gangetic_Plains_moist_deciduous_forests,0.0090588576526295,Upper_Gangetic_Plains_moist_deciduous_forests,North_Western_Ghats_moist_deciduous_forests   ,0.9496,-0.14253571611580404
Upper_Gangetic_Plains_moist_deciduous_forests,0.0090588576526295,Upper_Gangetic_Plains_moist_deciduous_forests,Northern_Triangle_temperate_forests           ,0.8349,-0.14253571611580404
Upper_Gangetic_Plains_moist_deciduous_forests,0.0090588576526295,Upper_Gangetic_Plains_moist_deciduous_forests,Malabar_Coast_moist_forests                   ,0.8507,-0.14253571611580404
Upper_Gangetic_Plains_moist_deciduous_forests,0.0090588576526295,Upper_Gangetic_Plains_moist_deciduous_forests,Andaman_Islands_rain_forests                  ,0.7361,-0.14253571611580404
Upper_Gangetic_Plains_moist_deciduous_forests,0.0090588576526295,Upper_Gangetic_Plains_moist_deciduous_forests,Western_Himalayan_alpine_shrub_and_meadows    ,0.8048,-0.14253571611580404
Upper_Gangetic_Plains_moist_deciduous_forests,0.0090588576526295,Upper_Gangetic_Plains_moist_deciduous_forests,Eastern_Himalayan_subalpine_conifer_forests   ,0.9091,-0.14253571611580404
Upper_Gangetic_Plains_moist_deciduous_forests,0.0090588576526295,Upper_Gangetic_Plains_moist_deciduous_forests,Deccan_thorn_scrub_forests                    ,0.9626,-0.14253571611580404
Upper_Gangetic_Plains_moist_deciduous_forests,0.0090588576526295,Upper_Gangetic_Plains_moist_deciduous_forests,Western_Himalayan_subalpine_conifer_forests   ,0.8975,-0.14253571611580404
Upper_Gangetic_Plains_moist_deciduous_forests,0.0090588576526295,Upper_Gangetic_Plains_moist_deciduous_forests,Lower_Gangetic_Plains_moist_deciduous_forests ,0.975,-0.14253571611580404
Upper_Gangetic_Plains_moist_deciduous_forests,0.0090588576526295,Upper_Gangetic_Plains_moist_deciduous_forests,South_Western_Ghats_moist_deciduous_forests   ,0.8887,-0.14253571611580404
Upper_Gangetic_Plains_moist_deciduous_forests,0.0090588576526295,Upper_Gangetic_Plains_moist_deciduous_forests,Thar_desert                                   ,0.9738,-0.14253571611580404
Upper_Gangetic_Plains_moist_deciduous_forests,0.0090588576526295,Upper_Gangetic_Plains_moist_deciduous_forests,Godavari_Krishna_mangroves                    ,0.9698,-0.14253571611580404
Upper_Gangetic_Plains_moist_deciduous_forests,0.0090588576526295,Upper_Gangetic_Plains_moist_deciduous_forests,North_Tibetan_Plateau_Kunlun_Mountains_alpine_desert,0.8225,-0.14253571611580404
Upper_Gangetic_Plains_moist_deciduous_forests,0.0090588576526295,Upper_Gangetic_Plains_moist_deciduous_forests,Himalayan_subtropical_broadleaf_forests       ,0.9577,-0.14253571611580404
Upper_Gangetic_Plains_moist_deciduous_forests,0.0090588576526295,Upper_Gangetic_Plains_moist_deciduous_forests,South_Deccan_Plateau_dry_deciduous_forests    ,0.9511,-0.14253571611580404
Upper_Gangetic_Plains_moist_deciduous_forests,0.0090588576526295,Upper_Gangetic_Plains_moist_deciduous_forests,Orissa_semi_evergreen_forests                 ,0.9767,-0.14253571611580404
Upper_Gangetic_Plains_moist_deciduous_forests,0.0090588576526295,Upper_Gangetic_Plains_moist_deciduous_forests,Sundarbans_freshwater_swamp_forests           ,0.9498,-0.14253571611580404
Upper_Gangetic_Plains_moist_deciduous_forests,0.0090588576526295,Upper_Gangetic_Plains_moist_deciduous_forests,Himalayan_subtropical_pine_forests            ,0.9355,-0.14253571611580404
Western_Himalayan_alpine_shrub_and_meadows,0.5108673189486981,Western_Himalayan_alpine_shrub_and_meadows,Brahmaputra_Valley_semi_evergreen_forests     ,0.8432,-0.14253571611580404
Western_Himalayan_alpine_shrub_and_meadows,0.5108673189486981,Western_Himalayan_alpine_shrub_and_meadows,Western_Himalayan_broadleaf_forests           ,0.9434,-0.14253571611580404
Western_Himalayan_alpine_shrub_and_meadows,0.5108673189486981,Western_Himalayan_alpine_shrub_and_meadows,Northeast_Himalayan_subalpine_conifer_forests ,0.9646,-0.14253571611580404
Western_Himalayan_alpine_shrub_and_meadows,0.5108673189486981,Western_Himalayan_alpine_shrub_and_meadows,South_Western_Ghats_montane_rain_forests      ,0.8435,-0.14253571611580404
Western_Himalayan_alpine_shrub_and_meadows,0.5108673189486981,Western_Himalayan_alpine_shrub_and_meadows,Narmada_Valley_dry_deciduous_forests          ,0.8286,-0.14253571611580404
Western_Himalayan_alpine_shrub_and_meadows,0.5108673189486981,Western_Himalayan_alpine_shrub_and_meadows,Mizoram_Manipur_Kachin_rain_forests           ,0.8604,-0.14253571611580404
Western_Himalayan_alpine_shrub_and_meadows,0.5108673189486981,Western_Himalayan_alpine_shrub_and_meadows,Khathiar_Gir_dry_deciduous_forests            ,0.8163,-0.14253571611580404
Western_Himalayan_alpine_shrub_and_meadows,0.5108673189486981,Western_Himalayan_alpine_shrub_and_meadows,Aravalli_west_thorn_scrub_forests             ,0.81,-0.14253571611580404
Western_Himalayan_alpine_shrub_and_meadows,0.5108673189486981,Western_Himalayan_alpine_shrub_and_meadows,Maldives_Lakshadweep_Chagos_Archipelago_tropical_moist_forests,0.4807,-0.14253571611580404
Western_Himalayan_alpine_shrub_and_meadows,0.5108673189486981,Western_Himalayan_alpine_shrub_and_meadows,East_Deccan_moist_deciduous_forests           ,0.8356,-0.14253571611580404
Western_Himalayan_alpine_shrub_and_meadows,0.5108673189486981,Western_Himalayan_alpine_shrub_and_meadows,East_Deccan_dry_evergreen_forests             ,0.7643,-0.14253571611580404
Western_Himalayan_alpine_shrub_and_meadows,0.5108673189486981,Western_Himalayan_alpine_shrub_and_meadows,Central_Deccan_Plateau_dry_deciduous_forests  ,0.8279,-0.14253571611580404
Western_Himalayan_alpine_shrub_and_meadows,0.5108673189486981,Western_Himalayan_alpine_shrub_and_meadows,Eastern_Himalayan_broadleaf_forests           ,0.9023,-0.14253571611580404
Western_Himalayan_alpine_shrub_and_meadows,0.5108673189486981,Western_Himalayan_alpine_shrub_and_meadows,Central_Tibetan_Plateau_alpine_steppe         ,0.9569,-0.14253571611580404
Western_Himalayan_alpine_shrub_and_meadows,0.5108673189486981,Western_Himalayan_alpine_shrub_and_meadows,Terai_Duar_savanna_and_grasslands             ,0.808,-0.14253571611580404
Western_Himalayan_alpine_shrub_and_meadows,0.5108673189486981,Western_Himalayan_alpine_shrub_and_meadows,Nicobar_Islands_rain_forests                  ,0.5645,-0.14253571611580404
Western_Himalayan_alpine_shrub_and_meadows,0.5108673189486981,Western_Himalayan_alpine_shrub_and_meadows,Eastern_Himalayan_alpine_shrub_and_meadows    ,0.9615,-0.14253571611580404
Western_Himalayan_alpine_shrub_and_meadows,0.5108673189486981,Western_Himalayan_alpine_shrub_and_meadows,North_Western_Ghats_montane_rain_forests      ,0.8145,-0.14253571611580404
Western_Himalayan_alpine_shrub_and_meadows,0.5108673189486981,Western_Himalayan_alpine_shrub_and_meadows,Chhota_Nagpur_dry_deciduous_forests           ,0.8394,-0.14253571611580404
Western_Himalayan_alpine_shrub_and_meadows,0.5108673189486981,Western_Himalayan_alpine_shrub_and_meadows,Rann_of_Kutch_seasonal_salt_marsh             ,0.7782,-0.14253571611580404
Western_Himalayan_alpine_shrub_and_meadows,0.5108673189486981,Western_Himalayan_alpine_shrub_and_meadows,Northwestern_Himalayan_alpine_shrub_and_meadows,0.9684,-0.14253571611580404
Western_Himalayan_alpine_shrub_and_meadows,0.5108673189486981,Western_Himalayan_alpine_shrub_and_meadows,Upper_Gangetic_Plains_moist_deciduous_forests ,0.8048,-0.14253571611580404
Western_Himalayan_alpine_shrub_and_meadows,0.5108673189486981,Western_Himalayan_alpine_shrub_and_meadows,North_Deccan_dry_deciduous_forests            ,0.8208,-0.14253571611580404
Western_Himalayan_alpine_shrub_and_meadows,0.5108673189486981,Western_Himalayan_alpine_shrub_and_meadows,Northeast_India_Myanmar_pine_forests          ,0.922,-0.14253571611580404
Western_Himalayan_alpine_shrub_and_meadows,0.5108673189486981,Western_Himalayan_alpine_shrub_and_meadows,Sundarbans_mangroves                          ,0.808,-0.14253571611580404
Western_Himalayan_alpine_shrub_and_meadows,0.5108673189486981,Western_Himalayan_alpine_shrub_and_meadows,Karakoram_West_Tibetan_Plateau_alpine_steppe  ,0.9741,-0.14253571611580404
Western_Himalayan_alpine_shrub_and_meadows,0.5108673189486981,Western_Himalayan_alpine_shrub_and_meadows,Baluchistan_xeric_woodlands                   ,0.9362,-0.14253571611580404
Western_Himalayan_alpine_shrub_and_meadows,0.5108673189486981,Western_Himalayan_alpine_shrub_and_meadows,Indus_River_Delta_Arabian_Sea_mangroves       ,0.7637,-0.14253571611580404
Western_Himalayan_alpine_shrub_and_meadows,0.5108673189486981,Western_Himalayan_alpine_shrub_and_meadows,Meghalaya_subtropical_forests                 ,0.8868,-0.14253571611580404
Western_Himalayan_alpine_shrub_and_meadows,0.5108673189486981,Western_Himalayan_alpine_shrub_and_meadows,Chin_Hills_Arakan_Yoma_montane_forests        ,0.8954,-0.14253571611580404
Western_Himalayan_alpine_shrub_and_meadows,0.5108673189486981,Western_Himalayan_alpine_shrub_and_meadows,North_Western_Ghats_moist_deciduous_forests   ,0.7969,-0.14253571611580404
Western_Himalayan_alpine_shrub_and_meadows,0.5108673189486981,Western_Himalayan_alpine_shrub_and_meadows,Northern_Triangle_temperate_forests           ,0.9377,-0.14253571611580404
Western_Himalayan_alpine_shrub_and_meadows,0.5108673189486981,Western_Himalayan_alpine_shrub_and_meadows,Malabar_Coast_moist_forests                   ,0.6955,-0.14253571611580404
Western_Himalayan_alpine_shrub_and_meadows,0.5108673189486981,Western_Himalayan_alpine_shrub_and_meadows,Andaman_Islands_rain_forests                  ,0.5961,-0.14253571611580404
Western_Himalayan_alpine_shrub_and_meadows,0.5108673189486981,Western_Himalayan_alpine_shrub_and_meadows,Western_Himalayan_alpine_shrub_and_meadows    ,1.0,-0.14253571611580404
Western_Himalayan_alpine_shrub_and_meadows,0.5108673189486981,Western_Himalayan_alpine_shrub_and_meadows,Eastern_Himalayan_subalpine_conifer_forests   ,0.9601,-0.14253571611580404
Western_Himalayan_alpine_shrub_and_meadows,0.5108673189486981,Western_Himalayan_alpine_shrub_and_meadows,Deccan_thorn_scrub_forests                    ,0.8066,-0.14253571611580404
Western_Himalayan_alpine_shrub_and_meadows,0.5108673189486981,Western_Himalayan_alpine_shrub_and_meadows,Western_Himalayan_subalpine_conifer_forests   ,0.9531,-0.14253571611580404
Western_Himalayan_alpine_shrub_and_meadows,0.5108673189486981,Western_Himalayan_alpine_shrub_and_meadows,Lower_Gangetic_Plains_moist_deciduous_forests ,0.8151,-0.14253571611580404
Western_Himalayan_alpine_shrub_and_meadows,0.5108673189486981,Western_Himalayan_alpine_shrub_and_meadows,South_Western_Ghats_moist_deciduous_forests   ,0.821,-0.14253571611580404
Western_Himalayan_alpine_shrub_and_meadows,0.5108673189486981,Western_Himalayan_alpine_shrub_and_meadows,Thar_desert                                   ,0.7553,-0.14253571611580404
Western_Himalayan_alpine_shrub_and_meadows,0.5108673189486981,Western_Himalayan_alpine_shrub_and_meadows,Godavari_Krishna_mangroves                    ,0.7533,-0.14253571611580404
Western_Himalayan_alpine_shrub_and_meadows,0.5108673189486981,Western_Himalayan_alpine_shrub_and_meadows,North_Tibetan_Plateau_Kunlun_Mountains_alpine_desert,0.949,-0.14253571611580404
Western_Himalayan_alpine_shrub_and_meadows,0.5108673189486981,Western_Himalayan_alpine_shrub_and_meadows,Himalayan_subtropical_broadleaf_forests       ,0.8865,-0.14253571611580404
Western_Himalayan_alpine_shrub_and_meadows,0.5108673189486981,Western_Himalayan_alpine_shrub_and_meadows,South_Deccan_Plateau_dry_deciduous_forests    ,0.8525,-0.14253571611580404
Western_Himalayan_alpine_shrub_and_meadows,0.5108673189486981,Western_Himalayan_alpine_shrub_and_meadows,Orissa_semi_evergreen_forests                 ,0.7848,-0.14253571611580404
Western_Himalayan_alpine_shrub_and_meadows,0.5108673189486981,Western_Himalayan_alpine_shrub_and_meadows,Sundarbans_freshwater_swamp_forests           ,0.8176,-0.14253571611580404
Western_Himalayan_alpine_shrub_and_meadows,0.5108673189486981,Western_Himalayan_alpine_shrub_and_meadows,Himalayan_subtropical_pine_forests            ,0.8823,-0.14253571611580404
Western_Himalayan_broadleaf_forests,0.2144166471522192,Western_Himalayan_broadleaf_forests,Brahmaputra_Valley_semi_evergreen_forests     ,0.9173,-0.14253571611580404
Western_Himalayan_broadleaf_forests,0.2144166471522192,Western_Himalayan_broadleaf_forests,Western_Himalayan_broadleaf_forests           ,1.0,-0.14253571611580404
Western_Himalayan_broadleaf_forests,0.2144166471522192,Western_Himalayan_broadleaf_forests,Northeast_Himalayan_subalpine_conifer_forests ,0.9139,-0.14253571611580404
Western_Himalayan_broadleaf_forests,0.2144166471522192,Western_Himalayan_broadleaf_forests,South_Western_Ghats_montane_rain_forests      ,0.9383,-0.14253571611580404
Western_Himalayan_broadleaf_forests,0.2144166471522192,Western_Himalayan_broadleaf_forests,Narmada_Valley_dry_deciduous_forests          ,0.8769,-0.14253571611580404
Western_Himalayan_broadleaf_forests,0.2144166471522192,Western_Himalayan_broadleaf_forests,Mizoram_Manipur_Kachin_rain_forests           ,0.9377,-0.14253571611580404
Western_Himalayan_broadleaf_forests,0.2144166471522192,Western_Himalayan_broadleaf_forests,Khathiar_Gir_dry_deciduous_forests            ,0.8695,-0.14253571611580404
Western_Himalayan_broadleaf_forests,0.2144166471522192,Western_Himalayan_broadleaf_forests,Aravalli_west_thorn_scrub_forests             ,0.8845,-0.14253571611580404
Western_Himalayan_broadleaf_forests,0.2144166471522192,Western_Himalayan_broadleaf_forests,Maldives_Lakshadweep_Chagos_Archipelago_tropical_moist_forests,0.6624,-0.14253571611580404
Western_Himalayan_broadleaf_forests,0.2144166471522192,Western_Himalayan_broadleaf_forests,East_Deccan_moist_deciduous_forests           ,0.9138,-0.14253571611580404
Western_Himalayan_broadleaf_forests,0.2144166471522192,Western_Himalayan_broadleaf_forests,East_Deccan_dry_evergreen_forests             ,0.8881,-0.14253571611580404
Western_Himalayan_broadleaf_forests,0.2144166471522192,Western_Himalayan_broadleaf_forests,Central_Deccan_Plateau_dry_deciduous_forests  ,0.8964,-0.14253571611580404
Western_Himalayan_broadleaf_forests,0.2144166471522192,Western_Himalayan_broadleaf_forests,Eastern_Himalayan_broadleaf_forests           ,0.9672,-0.14253571611580404
Western_Himalayan_broadleaf_forests,0.2144166471522192,Western_Himalayan_broadleaf_forests,Central_Tibetan_Plateau_alpine_steppe         ,0.86,-0.14253571611580404
Western_Himalayan_broadleaf_forests,0.2144166471522192,Western_Himalayan_broadleaf_forests,Terai_Duar_savanna_and_grasslands             ,0.8978,-0.14253571611580404
Western_Himalayan_broadleaf_forests,0.2144166471522192,Western_Himalayan_broadleaf_forests,Nicobar_Islands_rain_forests                  ,0.7719,-0.14253571611580404
Western_Himalayan_broadleaf_forests,0.2144166471522192,Western_Himalayan_broadleaf_forests,Eastern_Himalayan_alpine_shrub_and_meadows    ,0.9176,-0.14253571611580404
Western_Himalayan_broadleaf_forests,0.2144166471522192,Western_Himalayan_broadleaf_forests,North_Western_Ghats_montane_rain_forests      ,0.874,-0.14253571611580404
Western_Himalayan_broadleaf_forests,0.2144166471522192,Western_Himalayan_broadleaf_forests,Chhota_Nagpur_dry_deciduous_forests           ,0.9038,-0.14253571611580404
Western_Himalayan_broadleaf_forests,0.2144166471522192,Western_Himalayan_broadleaf_forests,Rann_of_Kutch_seasonal_salt_marsh             ,0.8427,-0.14253571611580404
Western_Himalayan_broadleaf_forests,0.2144166471522192,Western_Himalayan_broadleaf_forests,Northwestern_Himalayan_alpine_shrub_and_meadows,0.9319,-0.14253571611580404
Western_Himalayan_broadleaf_forests,0.2144166471522192,Western_Himalayan_broadleaf_forests,Upper_Gangetic_Plains_moist_deciduous_forests ,0.8883,-0.14253571611580404
Western_Himalayan_broadleaf_forests,0.2144166471522192,Western_Himalayan_broadleaf_forests,North_Deccan_dry_deciduous_forests            ,0.8893,-0.14253571611580404
Western_Himalayan_broadleaf_forests,0.2144166471522192,Western_Himalayan_broadleaf_forests,Northeast_India_Myanmar_pine_forests          ,0.925,-0.14253571611580404
Western_Himalayan_broadleaf_forests,0.2144166471522192,Western_Himalayan_broadleaf_forests,Sundarbans_mangroves                          ,0.8826,-0.14253571611580404
Western_Himalayan_broadleaf_forests,0.2144166471522192,Western_Himalayan_broadleaf_forests,Karakoram_West_Tibetan_Plateau_alpine_steppe  ,0.889,-0.14253571611580404
Western_Himalayan_broadleaf_forests,0.2144166471522192,Western_Himalayan_broadleaf_forests,Baluchistan_xeric_woodlands                   ,0.9269,-0.14253571611580404
Western_Himalayan_broadleaf_forests,0.2144166471522192,Western_Himalayan_broadleaf_forests,Indus_River_Delta_Arabian_Sea_mangroves       ,0.8612,-0.14253571611580404
Western_Himalayan_broadleaf_forests,0.2144166471522192,Western_Himalayan_broadleaf_forests,Meghalaya_subtropical_forests                 ,0.943,-0.14253571611580404
Western_Himalayan_broadleaf_forests,0.2144166471522192,Western_Himalayan_broadleaf_forests,Chin_Hills_Arakan_Yoma_montane_forests        ,0.9324,-0.14253571611580404
Western_Himalayan_broadleaf_forests,0.2144166471522192,Western_Himalayan_broadleaf_forests,North_Western_Ghats_moist_deciduous_forests   ,0.8839,-0.14253571611580404
Western_Himalayan_broadleaf_forests,0.2144166471522192,Western_Himalayan_broadleaf_forests,Northern_Triangle_temperate_forests           ,0.9371,-0.14253571611580404
Western_Himalayan_broadleaf_forests,0.2144166471522192,Western_Himalayan_broadleaf_forests,Malabar_Coast_moist_forests                   ,0.8385,-0.14253571611580404
Western_Himalayan_broadleaf_forests,0.2144166471522192,Western_Himalayan_broadleaf_forests,Andaman_Islands_rain_forests                  ,0.7867,-0.14253571611580404
Western_Himalayan_broadleaf_forests,0.2144166471522192,Western_Himalayan_broadleaf_forests,Western_Himalayan_alpine_shrub_and_meadows    ,0.9434,-0.14253571611580404
Western_Himalayan_broadleaf_forests,0.2144166471522192,Western_Himalayan_broadleaf_forests,Eastern_Himalayan_subalpine_conifer_forests   ,0.9512,-0.14253571611580404
Western_Himalayan_broadleaf_forests,0.2144166471522192,Western_Himalayan_broadleaf_forests,Deccan_thorn_scrub_forests                    ,0.9043,-0.14253571611580404
Western_Himalayan_broadleaf_forests,0.2144166471522192,Western_Himalayan_broadleaf_forests,Western_Himalayan_subalpine_conifer_forests   ,0.9955,-0.14253571611580404
Western_Himalayan_broadleaf_forests,0.2144166471522192,Western_Himalayan_broadleaf_forests,Lower_Gangetic_Plains_moist_deciduous_forests ,0.9086,-0.14253571611580404
Western_Himalayan_broadleaf_forests,0.2144166471522192,Western_Himalayan_broadleaf_forests,South_Western_Ghats_moist_deciduous_forests   ,0.9304,-0.14253571611580404
Western_Himalayan_broadleaf_forests,0.2144166471522192,Western_Himalayan_broadleaf_forests,Thar_desert                                   ,0.8306,-0.14253571611580404
Western_Himalayan_broadleaf_forests,0.2144166471522192,Western_Himalayan_broadleaf_forests,Godavari_Krishna_mangroves                    ,0.8683,-0.14253571611580404
Western_Himalayan_broadleaf_forests,0.2144166471522192,Western_Himalayan_broadleaf_forests,North_Tibetan_Plateau_Kunlun_Mountains_alpine_desert,0.8551,-0.14253571611580404
Western_Himalayan_broadleaf_forests,0.2144166471522192,Western_Himalayan_broadleaf_forests,Himalayan_subtropical_broadleaf_forests       ,0.9458,-0.14253571611580404
Western_Himalayan_broadleaf_forests,0.2144166471522192,Western_Himalayan_broadleaf_forests,South_Deccan_Plateau_dry_deciduous_forests    ,0.9291,-0.14253571611580404
Western_Himalayan_broadleaf_forests,0.2144166471522192,Western_Himalayan_broadleaf_forests,Orissa_semi_evergreen_forests                 ,0.889,-0.14253571611580404
Western_Himalayan_broadleaf_forests,0.2144166471522192,Western_Himalayan_broadleaf_forests,Sundarbans_freshwater_swamp_forests           ,0.8905,-0.14253571611580404
Western_Himalayan_broadleaf_forests,0.2144166471522192,Western_Himalayan_broadleaf_forests,Himalayan_subtropical_pine_forests            ,0.9775,-0.14253571611580404
Thar_desert,0.0379495735166054,Thar_desert,Brahmaputra_Valley_semi_evergreen_forests     ,0.8951,-0.14253571611580404
Thar_desert,0.0379495735166054,Thar_desert,Western_Himalayan_broadleaf_forests           ,0.8306,-0.14253571611580404
Thar_desert,0.0379495735166054,Thar_desert,Northeast_Himalayan_subalpine_conifer_forests ,0.8395,-0.14253571611580404
Thar_desert,0.0379495735166054,Thar_desert,South_Western_Ghats_montane_rain_forests      ,0.7881,-0.14253571611580404
Thar_desert,0.0379495735166054,Thar_desert,Narmada_Valley_dry_deciduous_forests          ,0.9616,-0.14253571611580404
Thar_desert,0.0379495735166054,Thar_desert,Mizoram_Manipur_Kachin_rain_forests           ,0.9144,-0.14253571611580404
Thar_desert,0.0379495735166054,Thar_desert,Khathiar_Gir_dry_deciduous_forests            ,0.9711,-0.14253571611580404
Thar_desert,0.0379495735166054,Thar_desert,Aravalli_west_thorn_scrub_forests             ,0.984,-0.14253571611580404
Thar_desert,0.0379495735166054,Thar_desert,Maldives_Lakshadweep_Chagos_Archipelago_tropical_moist_forests,0.5387,-0.14253571611580404
Thar_desert,0.0379495735166054,Thar_desert,East_Deccan_moist_deciduous_forests           ,0.9693,-0.14253571611580404
Thar_desert,0.0379495735166054,Thar_desert,East_Deccan_dry_evergreen_forests             ,0.9078,-0.14253571611580404
Thar_desert,0.0379495735166054,Thar_desert,Central_Deccan_Plateau_dry_deciduous_forests  ,0.9507,-0.14253571611580404
Thar_desert,0.0379495735166054,Thar_desert,Eastern_Himalayan_broadleaf_forests           ,0.8776,-0.14253571611580404
Thar_desert,0.0379495735166054,Thar_desert,Central_Tibetan_Plateau_alpine_steppe         ,0.7857,-0.14253571611580404
Thar_desert,0.0379495735166054,Thar_desert,Terai_Duar_savanna_and_grasslands             ,0.956,-0.14253571611580404
Thar_desert,0.0379495735166054,Thar_desert,Nicobar_Islands_rain_forests                  ,0.5676,-0.14253571611580404
Thar_desert,0.0379495735166054,Thar_desert,Eastern_Himalayan_alpine_shrub_and_meadows    ,0.8597,-0.14253571611580404
Thar_desert,0.0379495735166054,Thar_desert,North_Western_Ghats_montane_rain_forests      ,0.8682,-0.14253571611580404
Thar_desert,0.0379495735166054,Thar_desert,Chhota_Nagpur_dry_deciduous_forests           ,0.9773,-0.14253571611580404
Thar_desert,0.0379495735166054,Thar_desert,Rann_of_Kutch_seasonal_salt_marsh             ,0.9808,-0.14253571611580404
Thar_desert,0.0379495735166054,Thar_desert,Northwestern_Himalayan_alpine_shrub_and_meadows,0.7532,-0.14253571611580404
Thar_desert,0.0379495735166054,Thar_desert,Upper_Gangetic_Plains_moist_deciduous_forests ,0.9738,-0.14253571611580404
Thar_desert,0.0379495735166054,Thar_desert,North_Deccan_dry_deciduous_forests            ,0.985,-0.14253571611580404
Thar_desert,0.0379495735166054,Thar_desert,Northeast_India_Myanmar_pine_forests          ,0.8114,-0.14253571611580404
Thar_desert,0.0379495735166054,Thar_desert,Sundarbans_mangroves                          ,0.9069,-0.14253571611580404
Thar_desert,0.0379495735166054,Thar_desert,Karakoram_West_Tibetan_Plateau_alpine_steppe  ,0.762,-0.14253571611580404
Thar_desert,0.0379495735166054,Thar_desert,Baluchistan_xeric_woodlands                   ,0.8919,-0.14253571611580404
Thar_desert,0.0379495735166054,Thar_desert,Indus_River_Delta_Arabian_Sea_mangroves       ,0.941,-0.14253571611580404
Thar_desert,0.0379495735166054,Thar_desert,Meghalaya_subtropical_forests                 ,0.9063,-0.14253571611580404
Thar_desert,0.0379495735166054,Thar_desert,Chin_Hills_Arakan_Yoma_montane_forests        ,0.9008,-0.14253571611580404
Thar_desert,0.0379495735166054,Thar_desert,North_Western_Ghats_moist_deciduous_forests   ,0.9052,-0.14253571611580404
Thar_desert,0.0379495735166054,Thar_desert,Northern_Triangle_temperate_forests           ,0.7755,-0.14253571611580404
Thar_desert,0.0379495735166054,Thar_desert,Malabar_Coast_moist_forests                   ,0.773,-0.14253571611580404
Thar_desert,0.0379495735166054,Thar_desert,Andaman_Islands_rain_forests                  ,0.6406,-0.14253571611580404
Thar_desert,0.0379495735166054,Thar_desert,Western_Himalayan_alpine_shrub_and_meadows    ,0.7553,-0.14253571611580404
Thar_desert,0.0379495735166054,Thar_desert,Eastern_Himalayan_subalpine_conifer_forests   ,0.8697,-0.14253571611580404
Thar_desert,0.0379495735166054,Thar_desert,Deccan_thorn_scrub_forests                    ,0.9208,-0.14253571611580404
Thar_desert,0.0379495735166054,Thar_desert,Western_Himalayan_subalpine_conifer_forests   ,0.8498,-0.14253571611580404
Thar_desert,0.0379495735166054,Thar_desert,Lower_Gangetic_Plains_moist_deciduous_forests ,0.9536,-0.14253571611580404
Thar_desert,0.0379495735166054,Thar_desert,South_Western_Ghats_moist_deciduous_forests   ,0.8162,-0.14253571611580404
Thar_desert,0.0379495735166054,Thar_desert,Thar_desert                                   ,1.0,-0.14253571611580404
Thar_desert,0.0379495735166054,Thar_desert,Godavari_Krishna_mangroves                    ,0.9441,-0.14253571611580404
Thar_desert,0.0379495735166054,Thar_desert,North_Tibetan_Plateau_Kunlun_Mountains_alpine_desert,0.8042,-0.14253571611580404
Thar_desert,0.0379495735166054,Thar_desert,Himalayan_subtropical_broadleaf_forests       ,0.9304,-0.14253571611580404
Thar_desert,0.0379495735166054,Thar_desert,South_Deccan_Plateau_dry_deciduous_forests    ,0.9098,-0.14253571611580404
Thar_desert,0.0379495735166054,Thar_desert,Orissa_semi_evergreen_forests                 ,0.9706,-0.14253571611580404
Thar_desert,0.0379495735166054,Thar_desert,Sundarbans_freshwater_swamp_forests           ,0.9354,-0.14253571611580404
Thar_desert,0.0379495735166054,Thar_desert,Himalayan_subtropical_pine_forests            ,0.879,-0.14253571611580404
Western_Himalayan_subalpine_conifer_forests,0.2617024188363452,Western_Himalayan_subalpine_conifer_forests,Brahmaputra_Valley_semi_evergreen_forests     ,0.9194,-0.14253571611580404
Western_Himalayan_subalpine_conifer_forests,0.2617024188363452,Western_Himalayan_subalpine_conifer_forests,Western_Himalayan_broadleaf_forests           ,0.9955,-0.14253571611580404
Western_Himalayan_subalpine_conifer_forests,0.2617024188363452,Western_Himalayan_subalpine_conifer_forests,Northeast_Himalayan_subalpine_conifer_forests ,0.9309,-0.14253571611580404
Western_Himalayan_subalpine_conifer_forests,0.2617024188363452,Western_Himalayan_subalpine_conifer_forests,South_Western_Ghats_montane_rain_forests      ,0.9169,-0.14253571611580404
Western_Himalayan_subalpine_conifer_forests,0.2617024188363452,Western_Himalayan_subalpine_conifer_forests,Narmada_Valley_dry_deciduous_forests          ,0.8911,-0.14253571611580404
Western_Himalayan_subalpine_conifer_forests,0.2617024188363452,Western_Himalayan_subalpine_conifer_forests,Mizoram_Manipur_Kachin_rain_forests           ,0.9371,-0.14253571611580404
Western_Himalayan_subalpine_conifer_forests,0.2617024188363452,Western_Himalayan_subalpine_conifer_forests,Khathiar_Gir_dry_deciduous_forests            ,0.8832,-0.14253571611580404
Western_Himalayan_subalpine_conifer_forests,0.2617024188363452,Western_Himalayan_subalpine_conifer_forests,Aravalli_west_thorn_scrub_forests             ,0.8977,-0.14253571611580404
Western_Himalayan_subalpine_conifer_forests,0.2617024188363452,Western_Himalayan_subalpine_conifer_forests,Maldives_Lakshadweep_Chagos_Archipelago_tropical_moist_forests,0.6322,-0.14253571611580404
Western_Himalayan_subalpine_conifer_forests,0.2617024188363452,Western_Himalayan_subalpine_conifer_forests,East_Deccan_moist_deciduous_forests           ,0.9238,-0.14253571611580404
Western_Himalayan_subalpine_conifer_forests,0.2617024188363452,Western_Himalayan_subalpine_conifer_forests,East_Deccan_dry_evergreen_forests             ,0.8918,-0.14253571611580404
Western_Himalayan_subalpine_conifer_forests,0.2617024188363452,Western_Himalayan_subalpine_conifer_forests,Central_Deccan_Plateau_dry_deciduous_forests  ,0.908,-0.14253571611580404
Western_Himalayan_subalpine_conifer_forests,0.2617024188363452,Western_Himalayan_subalpine_conifer_forests,Eastern_Himalayan_broadleaf_forests           ,0.964,-0.14253571611580404
Western_Himalayan_subalpine_conifer_forests,0.2617024188363452,Western_Himalayan_subalpine_conifer_forests,Central_Tibetan_Plateau_alpine_steppe         ,0.8818,-0.14253571611580404
Western_Himalayan_subalpine_conifer_forests,0.2617024188363452,Western_Himalayan_subalpine_conifer_forests,Terai_Duar_savanna_and_grasslands             ,0.9022,-0.14253571611580404
Western_Himalayan_subalpine_conifer_forests,0.2617024188363452,Western_Himalayan_subalpine_conifer_forests,Nicobar_Islands_rain_forests                  ,0.736,-0.14253571611580404
Western_Himalayan_subalpine_conifer_forests,0.2617024188363452,Western_Himalayan_subalpine_conifer_forests,Eastern_Himalayan_alpine_shrub_and_meadows    ,0.9363,-0.14253571611580404
Western_Himalayan_subalpine_conifer_forests,0.2617024188363452,Western_Himalayan_subalpine_conifer_forests,North_Western_Ghats_montane_rain_forests      ,0.8665,-0.14253571611580404
Western_Himalayan_subalpine_conifer_forests,0.2617024188363452,Western_Himalayan_subalpine_conifer_forests,Chhota_Nagpur_dry_deciduous_forests           ,0.9163,-0.14253571611580404
Western_Himalayan_subalpine_conifer_forests,0.2617024188363452,Western_Himalayan_subalpine_conifer_forests,Rann_of_Kutch_seasonal_salt_marsh             ,0.8581,-0.14253571611580404
Western_Himalayan_subalpine_conifer_forests,0.2617024188363452,Western_Himalayan_subalpine_conifer_forests,Northwestern_Himalayan_alpine_shrub_and_meadows,0.9506,-0.14253571611580404
Western_Himalayan_subalpine_conifer_forests,0.2617024188363452,Western_Himalayan_subalpine_conifer_forests,Upper_Gangetic_Plains_moist_deciduous_forests ,0.8975,-0.14253571611580404
Western_Himalayan_subalpine_conifer_forests,0.2617024188363452,Western_Himalayan_subalpine_conifer_forests,North_Deccan_dry_deciduous_forests            ,0.9032,-0.14253571611580404
Western_Himalayan_subalpine_conifer_forests,0.2617024188363452,Western_Himalayan_subalpine_conifer_forests,Northeast_India_Myanmar_pine_forests          ,0.9252,-0.14253571611580404
Western_Himalayan_subalpine_conifer_forests,0.2617024188363452,Western_Himalayan_subalpine_conifer_forests,Sundarbans_mangroves                          ,0.8866,-0.14253571611580404
Western_Himalayan_subalpine_conifer_forests,0.2617024188363452,Western_Himalayan_subalpine_conifer_forests,Karakoram_West_Tibetan_Plateau_alpine_steppe  ,0.9144,-0.14253571611580404
Western_Himalayan_subalpine_conifer_forests,0.2617024188363452,Western_Himalayan_subalpine_conifer_forests,Baluchistan_xeric_woodlands                   ,0.9477,-0.14253571611580404
Western_Himalayan_subalpine_conifer_forests,0.2617024188363452,Western_Himalayan_subalpine_conifer_forests,Indus_River_Delta_Arabian_Sea_mangroves       ,0.8662,-0.14253571611580404
Western_Himalayan_subalpine_conifer_forests,0.2617024188363452,Western_Himalayan_subalpine_conifer_forests,Meghalaya_subtropical_forests                 ,0.9452,-0.14253571611580404
Western_Himalayan_subalpine_conifer_forests,0.2617024188363452,Western_Himalayan_subalpine_conifer_forests,Chin_Hills_Arakan_Yoma_montane_forests        ,0.9373,-0.14253571611580404
Western_Himalayan_subalpine_conifer_forests,0.2617024188363452,Western_Himalayan_subalpine_conifer_forests,North_Western_Ghats_moist_deciduous_forests   ,0.8791,-0.14253571611580404
Western_Himalayan_subalpine_conifer_forests,0.2617024188363452,Western_Himalayan_subalpine_conifer_forests,Northern_Triangle_temperate_forests           ,0.9351,-0.14253571611580404
Western_Himalayan_subalpine_conifer_forests,0.2617024188363452,Western_Himalayan_subalpine_conifer_forests,Malabar_Coast_moist_forests                   ,0.8143,-0.14253571611580404
Western_Himalayan_subalpine_conifer_forests,0.2617024188363452,Western_Himalayan_subalpine_conifer_forests,Andaman_Islands_rain_forests                  ,0.7528,-0.14253571611580404
Western_Himalayan_subalpine_conifer_forests,0.2617024188363452,Western_Himalayan_subalpine_conifer_forests,Western_Himalayan_alpine_shrub_and_meadows    ,0.9531,-0.14253571611580404
Western_Himalayan_subalpine_conifer_forests,0.2617024188363452,Western_Himalayan_subalpine_conifer_forests,Eastern_Himalayan_subalpine_conifer_forests   ,0.9615,-0.14253571611580404
Western_Himalayan_subalpine_conifer_forests,0.2617024188363452,Western_Himalayan_subalpine_conifer_forests,Deccan_thorn_scrub_forests                    ,0.9081,-0.14253571611580404
Western_Himalayan_subalpine_conifer_forests,0.2617024188363452,Western_Himalayan_subalpine_conifer_forests,Western_Himalayan_subalpine_conifer_forests   ,1.0,-0.14253571611580404
Western_Himalayan_subalpine_conifer_forests,0.2617024188363452,Western_Himalayan_subalpine_conifer_forests,Lower_Gangetic_Plains_moist_deciduous_forests ,0.9108,-0.14253571611580404
Western_Himalayan_subalpine_conifer_forests,0.2617024188363452,Western_Himalayan_subalpine_conifer_forests,South_Western_Ghats_moist_deciduous_forests   ,0.9142,-0.14253571611580404
Western_Himalayan_subalpine_conifer_forests,0.2617024188363452,Western_Himalayan_subalpine_conifer_forests,Thar_desert                                   ,0.8498,-0.14253571611580404
Western_Himalayan_subalpine_conifer_forests,0.2617024188363452,Western_Himalayan_subalpine_conifer_forests,Godavari_Krishna_mangroves                    ,0.8784,-0.14253571611580404
Western_Himalayan_subalpine_conifer_forests,0.2617024188363452,Western_Himalayan_subalpine_conifer_forests,North_Tibetan_Plateau_Kunlun_Mountains_alpine_desert,0.8795,-0.14253571611580404
Western_Himalayan_subalpine_conifer_forests,0.2617024188363452,Western_Himalayan_subalpine_conifer_forests,Himalayan_subtropical_broadleaf_forests       ,0.9484,-0.14253571611580404
Western_Himalayan_subalpine_conifer_forests,0.2617024188363452,Western_Himalayan_subalpine_conifer_forests,South_Deccan_Plateau_dry_deciduous_forests    ,0.9348,-0.14253571611580404
Western_Himalayan_subalpine_conifer_forests,0.2617024188363452,Western_Himalayan_subalpine_conifer_forests,Orissa_semi_evergreen_forests                 ,0.8998,-0.14253571611580404
Western_Himalayan_subalpine_conifer_forests,0.2617024188363452,Western_Himalayan_subalpine_conifer_forests,Sundarbans_freshwater_swamp_forests           ,0.898,-0.14253571611580404
Western_Himalayan_subalpine_conifer_forests,0.2617024188363452,Western_Himalayan_subalpine_conifer_forests,Himalayan_subtropical_pine_forests            ,0.9679,-0.14253571611580404
Rann_of_Kutch_seasonal_salt_marsh,0.0007347289317874,Rann_of_Kutch_seasonal_salt_marsh,Brahmaputra_Valley_semi_evergreen_forests     ,0.8938,-0.14253571611580404
Rann_of_Kutch_seasonal_salt_marsh,0.0007347289317874,Rann_of_Kutch_seasonal_salt_marsh,Western_Himalayan_broadleaf_forests           ,0.8427,-0.14253571611580404
Rann_of_Kutch_seasonal_salt_marsh,0.0007347289317874,Rann_of_Kutch_seasonal_salt_marsh,Northeast_Himalayan_subalpine_conifer_forests ,0.855,-0.14253571611580404
Rann_of_Kutch_seasonal_salt_marsh,0.0007347289317874,Rann_of_Kutch_seasonal_salt_marsh,South_Western_Ghats_montane_rain_forests      ,0.8224,-0.14253571611580404
Rann_of_Kutch_seasonal_salt_marsh,0.0007347289317874,Rann_of_Kutch_seasonal_salt_marsh,Narmada_Valley_dry_deciduous_forests          ,0.9846,-0.14253571611580404
Rann_of_Kutch_seasonal_salt_marsh,0.0007347289317874,Rann_of_Kutch_seasonal_salt_marsh,Mizoram_Manipur_Kachin_rain_forests           ,0.9144,-0.14253571611580404
Rann_of_Kutch_seasonal_salt_marsh,0.0007347289317874,Rann_of_Kutch_seasonal_salt_marsh,Khathiar_Gir_dry_deciduous_forests            ,0.9902,-0.14253571611580404
Rann_of_Kutch_seasonal_salt_marsh,0.0007347289317874,Rann_of_Kutch_seasonal_salt_marsh,Aravalli_west_thorn_scrub_forests             ,0.987,-0.14253571611580404
Rann_of_Kutch_seasonal_salt_marsh,0.0007347289317874,Rann_of_Kutch_seasonal_salt_marsh,Maldives_Lakshadweep_Chagos_Archipelago_tropical_moist_forests,0.5494,-0.14253571611580404
Rann_of_Kutch_seasonal_salt_marsh,0.0007347289317874,Rann_of_Kutch_seasonal_salt_marsh,East_Deccan_moist_deciduous_forests           ,0.9728,-0.14253571611580404
Rann_of_Kutch_seasonal_salt_marsh,0.0007347289317874,Rann_of_Kutch_seasonal_salt_marsh,East_Deccan_dry_evergreen_forests             ,0.9134,-0.14253571611580404
Rann_of_Kutch_seasonal_salt_marsh,0.0007347289317874,Rann_of_Kutch_seasonal_salt_marsh,Central_Deccan_Plateau_dry_deciduous_forests  ,0.9752,-0.14253571611580404
Rann_of_Kutch_seasonal_salt_marsh,0.0007347289317874,Rann_of_Kutch_seasonal_salt_marsh,Eastern_Himalayan_broadleaf_forests           ,0.889,-0.14253571611580404
Rann_of_Kutch_seasonal_salt_marsh,0.0007347289317874,Rann_of_Kutch_seasonal_salt_marsh,Central_Tibetan_Plateau_alpine_steppe         ,0.8041,-0.14253571611580404
Rann_of_Kutch_seasonal_salt_marsh,0.0007347289317874,Rann_of_Kutch_seasonal_salt_marsh,Terai_Duar_savanna_and_grasslands             ,0.9479,-0.14253571611580404
Rann_of_Kutch_seasonal_salt_marsh,0.0007347289317874,Rann_of_Kutch_seasonal_salt_marsh,Nicobar_Islands_rain_forests                  ,0.5841,-0.14253571611580404
Rann_of_Kutch_seasonal_salt_marsh,0.0007347289317874,Rann_of_Kutch_seasonal_salt_marsh,Eastern_Himalayan_alpine_shrub_and_meadows    ,0.8768,-0.14253571611580404
Rann_of_Kutch_seasonal_salt_marsh,0.0007347289317874,Rann_of_Kutch_seasonal_salt_marsh,North_Western_Ghats_montane_rain_forests      ,0.8968,-0.14253571611580404
Rann_of_Kutch_seasonal_salt_marsh,0.0007347289317874,Rann_of_Kutch_seasonal_salt_marsh,Chhota_Nagpur_dry_deciduous_forests           ,0.9814,-0.14253571611580404
Rann_of_Kutch_seasonal_salt_marsh,0.0007347289317874,Rann_of_Kutch_seasonal_salt_marsh,Rann_of_Kutch_seasonal_salt_marsh             ,1.0,-0.14253571611580404
Rann_of_Kutch_seasonal_salt_marsh,0.0007347289317874,Rann_of_Kutch_seasonal_salt_marsh,Northwestern_Himalayan_alpine_shrub_and_meadows,0.7554,-0.14253571611580404
Rann_of_Kutch_seasonal_salt_marsh,0.0007347289317874,Rann_of_Kutch_seasonal_salt_marsh,Upper_Gangetic_Plains_moist_deciduous_forests ,0.9843,-0.14253571611580404
Rann_of_Kutch_seasonal_salt_marsh,0.0007347289317874,Rann_of_Kutch_seasonal_salt_marsh,North_Deccan_dry_deciduous_forests            ,0.9769,-0.14253571611580404
Rann_of_Kutch_seasonal_salt_marsh,0.0007347289317874,Rann_of_Kutch_seasonal_salt_marsh,Northeast_India_Myanmar_pine_forests          ,0.8176,-0.14253571611580404
Rann_of_Kutch_seasonal_salt_marsh,0.0007347289317874,Rann_of_Kutch_seasonal_salt_marsh,Sundarbans_mangroves                          ,0.9154,-0.14253571611580404
Rann_of_Kutch_seasonal_salt_marsh,0.0007347289317874,Rann_of_Kutch_seasonal_salt_marsh,Karakoram_West_Tibetan_Plateau_alpine_steppe  ,0.7844,-0.14253571611580404
Rann_of_Kutch_seasonal_salt_marsh,0.0007347289317874,Rann_of_Kutch_seasonal_salt_marsh,Baluchistan_xeric_woodlands                   ,0.9199,-0.14253571611580404
Rann_of_Kutch_seasonal_salt_marsh,0.0007347289317874,Rann_of_Kutch_seasonal_salt_marsh,Indus_River_Delta_Arabian_Sea_mangroves       ,0.9661,-0.14253571611580404
Rann_of_Kutch_seasonal_salt_marsh,0.0007347289317874,Rann_of_Kutch_seasonal_salt_marsh,Meghalaya_subtropical_forests                 ,0.9195,-0.14253571611580404
Rann_of_Kutch_seasonal_salt_marsh,0.0007347289317874,Rann_of_Kutch_seasonal_salt_marsh,Chin_Hills_Arakan_Yoma_montane_forests        ,0.9075,-0.14253571611580404
Rann_of_Kutch_seasonal_salt_marsh,0.0007347289317874,Rann_of_Kutch_seasonal_salt_marsh,North_Western_Ghats_moist_deciduous_forests   ,0.9254,-0.14253571611580404
Rann_of_Kutch_seasonal_salt_marsh,0.0007347289317874,Rann_of_Kutch_seasonal_salt_marsh,Northern_Triangle_temperate_forests           ,0.7936,-0.14253571611580404
Rann_of_Kutch_seasonal_salt_marsh,0.0007347289317874,Rann_of_Kutch_seasonal_salt_marsh,Malabar_Coast_moist_forests                   ,0.8038,-0.14253571611580404
Rann_of_Kutch_seasonal_salt_marsh,0.0007347289317874,Rann_of_Kutch_seasonal_salt_marsh,Andaman_Islands_rain_forests                  ,0.6561,-0.14253571611580404
Rann_of_Kutch_seasonal_salt_marsh,0.0007347289317874,Rann_of_Kutch_seasonal_salt_marsh,Western_Himalayan_alpine_shrub_and_meadows    ,0.7782,-0.14253571611580404
Rann_of_Kutch_seasonal_salt_marsh,0.0007347289317874,Rann_of_Kutch_seasonal_salt_marsh,Eastern_Himalayan_subalpine_conifer_forests   ,0.8853,-0.14253571611580404
Rann_of_Kutch_seasonal_salt_marsh,0.0007347289317874,Rann_of_Kutch_seasonal_salt_marsh,Deccan_thorn_scrub_forests                    ,0.9452,-0.14253571611580404
Rann_of_Kutch_seasonal_salt_marsh,0.0007347289317874,Rann_of_Kutch_seasonal_salt_marsh,Western_Himalayan_subalpine_conifer_forests   ,0.8581,-0.14253571611580404
Rann_of_Kutch_seasonal_salt_marsh,0.0007347289317874,Rann_of_Kutch_seasonal_salt_marsh,Lower_Gangetic_Plains_moist_deciduous_forests ,0.9647,-0.14253571611580404
Rann_of_Kutch_seasonal_salt_marsh,0.0007347289317874,Rann_of_Kutch_seasonal_salt_marsh,South_Western_Ghats_moist_deciduous_forests   ,0.8478,-0.14253571611580404
Rann_of_Kutch_seasonal_salt_marsh,0.0007347289317874,Rann_of_Kutch_seasonal_salt_marsh,Thar_desert                                   ,0.9808,-0.14253571611580404
Rann_of_Kutch_seasonal_salt_marsh,0.0007347289317874,Rann_of_Kutch_seasonal_salt_marsh,Godavari_Krishna_mangroves                    ,0.9373,-0.14253571611580404
Rann_of_Kutch_seasonal_salt_marsh,0.0007347289317874,Rann_of_Kutch_seasonal_salt_marsh,North_Tibetan_Plateau_Kunlun_Mountains_alpine_desert,0.8257,-0.14253571611580404
Rann_of_Kutch_seasonal_salt_marsh,0.0007347289317874,Rann_of_Kutch_seasonal_salt_marsh,Himalayan_subtropical_broadleaf_forests       ,0.9273,-0.14253571611580404
Rann_of_Kutch_seasonal_salt_marsh,0.0007347289317874,Rann_of_Kutch_seasonal_salt_marsh,South_Deccan_Plateau_dry_deciduous_forests    ,0.9291,-0.14253571611580404
Rann_of_Kutch_seasonal_salt_marsh,0.0007347289317874,Rann_of_Kutch_seasonal_salt_marsh,Orissa_semi_evergreen_forests                 ,0.9607,-0.14253571611580404
Rann_of_Kutch_seasonal_salt_marsh,0.0007347289317874,Rann_of_Kutch_seasonal_salt_marsh,Sundarbans_freshwater_swamp_forests           ,0.9506,-0.14253571611580404
Rann_of_Kutch_seasonal_salt_marsh,0.0007347289317874,Rann_of_Kutch_seasonal_salt_marsh,Himalayan_subtropical_pine_forests            ,0.8901,-0.14253571611580404
Maldives_Lakshadweep_Chagos_Archipelago_tropical_moist_forests,0.0,Maldives_Lakshadweep_Chagos_Archipelago_tropical_moist_forests,Brahmaputra_Valley_semi_evergreen_forests     ,0.5813,-0.14253571611580404
Maldives_Lakshadweep_Chagos_Archipelago_tropical_moist_forests,0.0,Maldives_Lakshadweep_Chagos_Archipelago_tropical_moist_forests,Western_Himalayan_broadleaf_forests           ,0.6624,-0.14253571611580404
Maldives_Lakshadweep_Chagos_Archipelago_tropical_moist_forests,0.0,Maldives_Lakshadweep_Chagos_Archipelago_tropical_moist_forests,Northeast_Himalayan_subalpine_conifer_forests ,0.4389,-0.14253571611580404
Maldives_Lakshadweep_Chagos_Archipelago_tropical_moist_forests,0.0,Maldives_Lakshadweep_Chagos_Archipelago_tropical_moist_forests,South_Western_Ghats_montane_rain_forests      ,0.7562,-0.14253571611580404
Maldives_Lakshadweep_Chagos_Archipelago_tropical_moist_forests,0.0,Maldives_Lakshadweep_Chagos_Archipelago_tropical_moist_forests,Narmada_Valley_dry_deciduous_forests          ,0.5588,-0.14253571611580404
Maldives_Lakshadweep_Chagos_Archipelago_tropical_moist_forests,0.0,Maldives_Lakshadweep_Chagos_Archipelago_tropical_moist_forests,Mizoram_Manipur_Kachin_rain_forests           ,0.6541,-0.14253571611580404
Maldives_Lakshadweep_Chagos_Archipelago_tropical_moist_forests,0.0,Maldives_Lakshadweep_Chagos_Archipelago_tropical_moist_forests,Khathiar_Gir_dry_deciduous_forests            ,0.5896,-0.14253571611580404
Maldives_Lakshadweep_Chagos_Archipelago_tropical_moist_forests,0.0,Maldives_Lakshadweep_Chagos_Archipelago_tropical_moist_forests,Aravalli_west_thorn_scrub_forests             ,0.5657,-0.14253571611580404
Maldives_Lakshadweep_Chagos_Archipelago_tropical_moist_forests,0.0,Maldives_Lakshadweep_Chagos_Archipelago_tropical_moist_forests,Maldives_Lakshadweep_Chagos_Archipelago_tropical_moist_forests,1.0,-0.14253571611580404
Maldives_Lakshadweep_Chagos_Archipelago_tropical_moist_forests,0.0,Maldives_Lakshadweep_Chagos_Archipelago_tropical_moist_forests,East_Deccan_moist_deciduous_forests           ,0.654,-0.14253571611580404
Maldives_Lakshadweep_Chagos_Archipelago_tropical_moist_forests,0.0,Maldives_Lakshadweep_Chagos_Archipelago_tropical_moist_forests,East_Deccan_dry_evergreen_forests             ,0.7706,-0.14253571611580404
Maldives_Lakshadweep_Chagos_Archipelago_tropical_moist_forests,0.0,Maldives_Lakshadweep_Chagos_Archipelago_tropical_moist_forests,Central_Deccan_Plateau_dry_deciduous_forests  ,0.6443,-0.14253571611580404
Maldives_Lakshadweep_Chagos_Archipelago_tropical_moist_forests,0.0,Maldives_Lakshadweep_Chagos_Archipelago_tropical_moist_forests,Eastern_Himalayan_broadleaf_forests           ,0.6548,-0.14253571611580404
Maldives_Lakshadweep_Chagos_Archipelago_tropical_moist_forests,0.0,Maldives_Lakshadweep_Chagos_Archipelago_tropical_moist_forests,Central_Tibetan_Plateau_alpine_steppe         ,0.3377,-0.14253571611580404
Maldives_Lakshadweep_Chagos_Archipelago_tropical_moist_forests,0.0,Maldives_Lakshadweep_Chagos_Archipelago_tropical_moist_forests,Terai_Duar_savanna_and_grasslands             ,0.5941,-0.14253571611580404
Maldives_Lakshadweep_Chagos_Archipelago_tropical_moist_forests,0.0,Maldives_Lakshadweep_Chagos_Archipelago_tropical_moist_forests,Nicobar_Islands_rain_forests                  ,0.9015,-0.14253571611580404
Maldives_Lakshadweep_Chagos_Archipelago_tropical_moist_forests,0.0,Maldives_Lakshadweep_Chagos_Archipelago_tropical_moist_forests,Eastern_Himalayan_alpine_shrub_and_meadows    ,0.5083,-0.14253571611580404
Maldives_Lakshadweep_Chagos_Archipelago_tropical_moist_forests,0.0,Maldives_Lakshadweep_Chagos_Archipelago_tropical_moist_forests,North_Western_Ghats_montane_rain_forests      ,0.6316,-0.14253571611580404
Maldives_Lakshadweep_Chagos_Archipelago_tropical_moist_forests,0.0,Maldives_Lakshadweep_Chagos_Archipelago_tropical_moist_forests,Chhota_Nagpur_dry_deciduous_forests           ,0.6191,-0.14253571611580404
Maldives_Lakshadweep_Chagos_Archipelago_tropical_moist_forests,0.0,Maldives_Lakshadweep_Chagos_Archipelago_tropical_moist_forests,Rann_of_Kutch_seasonal_salt_marsh             ,0.5494,-0.14253571611580404
Maldives_Lakshadweep_Chagos_Archipelago_tropical_moist_forests,0.0,Maldives_Lakshadweep_Chagos_Archipelago_tropical_moist_forests,Northwestern_Himalayan_alpine_shrub_and_meadows,0.4555,-0.14253571611580404
Maldives_Lakshadweep_Chagos_Archipelago_tropical_moist_forests,0.0,Maldives_Lakshadweep_Chagos_Archipelago_tropical_moist_forests,Upper_Gangetic_Plains_moist_deciduous_forests ,0.6329,-0.14253571611580404
Maldives_Lakshadweep_Chagos_Archipelago_tropical_moist_forests,0.0,Maldives_Lakshadweep_Chagos_Archipelago_tropical_moist_forests,North_Deccan_dry_deciduous_forests            ,0.5888,-0.14253571611580404
Maldives_Lakshadweep_Chagos_Archipelago_tropical_moist_forests,0.0,Maldives_Lakshadweep_Chagos_Archipelago_tropical_moist_forests,Northeast_India_Myanmar_pine_forests          ,0.4528,-0.14253571611580404
Maldives_Lakshadweep_Chagos_Archipelago_tropical_moist_forests,0.0,Maldives_Lakshadweep_Chagos_Archipelago_tropical_moist_forests,Sundarbans_mangroves                          ,0.6407,-0.14253571611580404
Maldives_Lakshadweep_Chagos_Archipelago_tropical_moist_forests,0.0,Maldives_Lakshadweep_Chagos_Archipelago_tropical_moist_forests,Karakoram_West_Tibetan_Plateau_alpine_steppe  ,0.3997,-0.14253571611580404
Maldives_Lakshadweep_Chagos_Archipelago_tropical_moist_forests,0.0,Maldives_Lakshadweep_Chagos_Archipelago_tropical_moist_forests,Baluchistan_xeric_woodlands                   ,0.5591,-0.14253571611580404
Maldives_Lakshadweep_Chagos_Archipelago_tropical_moist_forests,0.0,Maldives_Lakshadweep_Chagos_Archipelago_tropical_moist_forests,Indus_River_Delta_Arabian_Sea_mangroves       ,0.6257,-0.14253571611580404
Maldives_Lakshadweep_Chagos_Archipelago_tropical_moist_forests,0.0,Maldives_Lakshadweep_Chagos_Archipelago_tropical_moist_forests,Meghalaya_subtropical_forests                 ,0.6147,-0.14253571611580404
Maldives_Lakshadweep_Chagos_Archipelago_tropical_moist_forests,0.0,Maldives_Lakshadweep_Chagos_Archipelago_tropical_moist_forests,Chin_Hills_Arakan_Yoma_montane_forests        ,0.5502,-0.14253571611580404
Maldives_Lakshadweep_Chagos_Archipelago_tropical_moist_forests,0.0,Maldives_Lakshadweep_Chagos_Archipelago_tropical_moist_forests,North_Western_Ghats_moist_deciduous_forests   ,0.6853,-0.14253571611580404
Maldives_Lakshadweep_Chagos_Archipelago_tropical_moist_forests,0.0,Maldives_Lakshadweep_Chagos_Archipelago_tropical_moist_forests,Northern_Triangle_temperate_forests           ,0.5111,-0.14253571611580404
Maldives_Lakshadweep_Chagos_Archipelago_tropical_moist_forests,0.0,Maldives_Lakshadweep_Chagos_Archipelago_tropical_moist_forests,Malabar_Coast_moist_forests                   ,0.8255,-0.14253571611580404
Maldives_Lakshadweep_Chagos_Archipelago_tropical_moist_forests,0.0,Maldives_Lakshadweep_Chagos_Archipelago_tropical_moist_forests,Andaman_Islands_rain_forests                  ,0.9079,-0.14253571611580404
Maldives_Lakshadweep_Chagos_Archipelago_tropical_moist_forests,0.0,Maldives_Lakshadweep_Chagos_Archipelago_tropical_moist_forests,Western_Himalayan_alpine_shrub_and_meadows    ,0.4807,-0.14253571611580404
Maldives_Lakshadweep_Chagos_Archipelago_tropical_moist_forests,0.0,Maldives_Lakshadweep_Chagos_Archipelago_tropical_moist_forests,Eastern_Himalayan_subalpine_conifer_forests   ,0.5157,-0.14253571611580404
Maldives_Lakshadweep_Chagos_Archipelago_tropical_moist_forests,0.0,Maldives_Lakshadweep_Chagos_Archipelago_tropical_moist_forests,Deccan_thorn_scrub_forests                    ,0.7119,-0.14253571611580404
Maldives_Lakshadweep_Chagos_Archipelago_tropical_moist_forests,0.0,Maldives_Lakshadweep_Chagos_Archipelago_tropical_moist_forests,Western_Himalayan_subalpine_conifer_forests   ,0.6322,-0.14253571611580404
Maldives_Lakshadweep_Chagos_Archipelago_tropical_moist_forests,0.0,Maldives_Lakshadweep_Chagos_Archipelago_tropical_moist_forests,Lower_Gangetic_Plains_moist_deciduous_forests ,0.6287,-0.14253571611580404
Maldives_Lakshadweep_Chagos_Archipelago_tropical_moist_forests,0.0,Maldives_Lakshadweep_Chagos_Archipelago_tropical_moist_forests,South_Western_Ghats_moist_deciduous_forests   ,0.8095,-0.14253571611580404
Maldives_Lakshadweep_Chagos_Archipelago_tropical_moist_forests,0.0,Maldives_Lakshadweep_Chagos_Archipelago_tropical_moist_forests,Thar_desert                                   ,0.5387,-0.14253571611580404
Maldives_Lakshadweep_Chagos_Archipelago_tropical_moist_forests,0.0,Maldives_Lakshadweep_Chagos_Archipelago_tropical_moist_forests,Godavari_Krishna_mangroves                    ,0.7269,-0.14253571611580404
Maldives_Lakshadweep_Chagos_Archipelago_tropical_moist_forests,0.0,Maldives_Lakshadweep_Chagos_Archipelago_tropical_moist_forests,North_Tibetan_Plateau_Kunlun_Mountains_alpine_desert,0.3697,-0.14253571611580404
Maldives_Lakshadweep_Chagos_Archipelago_tropical_moist_forests,0.0,Maldives_Lakshadweep_Chagos_Archipelago_tropical_moist_forests,Himalayan_subtropical_broadleaf_forests       ,0.5945,-0.14253571611580404
Maldives_Lakshadweep_Chagos_Archipelago_tropical_moist_forests,0.0,Maldives_Lakshadweep_Chagos_Archipelago_tropical_moist_forests,South_Deccan_Plateau_dry_deciduous_forests    ,0.7271,-0.14253571611580404
Maldives_Lakshadweep_Chagos_Archipelago_tropical_moist_forests,0.0,Maldives_Lakshadweep_Chagos_Archipelago_tropical_moist_forests,Orissa_semi_evergreen_forests                 ,0.6427,-0.14253571611580404
Maldives_Lakshadweep_Chagos_Archipelago_tropical_moist_forests,0.0,Maldives_Lakshadweep_Chagos_Archipelago_tropical_moist_forests,Sundarbans_freshwater_swamp_forests           ,0.5866,-0.14253571611580404
Maldives_Lakshadweep_Chagos_Archipelago_tropical_moist_forests,0.0,Maldives_Lakshadweep_Chagos_Archipelago_tropical_moist_forests,Himalayan_subtropical_pine_forests            ,0.7137,-0.14253571611580404
Indus_River_Delta_Arabian_Sea_mangroves,0.0245081025689641,Indus_River_Delta_Arabian_Sea_mangroves,Brahmaputra_Valley_semi_evergreen_forests     ,0.8511,-0.14253571611580404
Indus_River_Delta_Arabian_Sea_mangroves,0.0245081025689641,Indus_River_Delta_Arabian_Sea_mangroves,Western_Himalayan_broadleaf_forests           ,0.8612,-0.14253571611580404
Indus_River_Delta_Arabian_Sea_mangroves,0.0245081025689641,Indus_River_Delta_Arabian_Sea_mangroves,Northeast_Himalayan_subalpine_conifer_forests ,0.831,-0.14253571611580404
Indus_River_Delta_Arabian_Sea_mangroves,0.0245081025689641,Indus_River_Delta_Arabian_Sea_mangroves,South_Western_Ghats_montane_rain_forests      ,0.8914,-0.14253571611580404
Indus_River_Delta_Arabian_Sea_mangroves,0.0245081025689641,Indus_River_Delta_Arabian_Sea_mangroves,Narmada_Valley_dry_deciduous_forests          ,0.9507,-0.14253571611580404
Indus_River_Delta_Arabian_Sea_mangroves,0.0245081025689641,Indus_River_Delta_Arabian_Sea_mangroves,Mizoram_Manipur_Kachin_rain_forests           ,0.9081,-0.14253571611580404
Indus_River_Delta_Arabian_Sea_mangroves,0.0245081025689641,Indus_River_Delta_Arabian_Sea_mangroves,Khathiar_Gir_dry_deciduous_forests            ,0.9554,-0.14253571611580404
Indus_River_Delta_Arabian_Sea_mangroves,0.0245081025689641,Indus_River_Delta_Arabian_Sea_mangroves,Aravalli_west_thorn_scrub_forests             ,0.9732,-0.14253571611580404
Indus_River_Delta_Arabian_Sea_mangroves,0.0245081025689641,Indus_River_Delta_Arabian_Sea_mangroves,Maldives_Lakshadweep_Chagos_Archipelago_tropical_moist_forests,0.6257,-0.14253571611580404
Indus_River_Delta_Arabian_Sea_mangroves,0.0245081025689641,Indus_River_Delta_Arabian_Sea_mangroves,East_Deccan_moist_deciduous_forests           ,0.9615,-0.14253571611580404
Indus_River_Delta_Arabian_Sea_mangroves,0.0245081025689641,Indus_River_Delta_Arabian_Sea_mangroves,East_Deccan_dry_evergreen_forests             ,0.9408,-0.14253571611580404
Indus_River_Delta_Arabian_Sea_mangroves,0.0245081025689641,Indus_River_Delta_Arabian_Sea_mangroves,Central_Deccan_Plateau_dry_deciduous_forests  ,0.9659,-0.14253571611580404
Indus_River_Delta_Arabian_Sea_mangroves,0.0245081025689641,Indus_River_Delta_Arabian_Sea_mangroves,Eastern_Himalayan_broadleaf_forests           ,0.9003,-0.14253571611580404
Indus_River_Delta_Arabian_Sea_mangroves,0.0245081025689641,Indus_River_Delta_Arabian_Sea_mangroves,Central_Tibetan_Plateau_alpine_steppe         ,0.768,-0.14253571611580404
Indus_River_Delta_Arabian_Sea_mangroves,0.0245081025689641,Indus_River_Delta_Arabian_Sea_mangroves,Terai_Duar_savanna_and_grasslands             ,0.9234,-0.14253571611580404
Indus_River_Delta_Arabian_Sea_mangroves,0.0245081025689641,Indus_River_Delta_Arabian_Sea_mangroves,Nicobar_Islands_rain_forests                  ,0.7015,-0.14253571611580404
Indus_River_Delta_Arabian_Sea_mangroves,0.0245081025689641,Indus_River_Delta_Arabian_Sea_mangroves,Eastern_Himalayan_alpine_shrub_and_meadows    ,0.8407,-0.14253571611580404
Indus_River_Delta_Arabian_Sea_mangroves,0.0245081025689641,Indus_River_Delta_Arabian_Sea_mangroves,North_Western_Ghats_montane_rain_forests      ,0.9227,-0.14253571611580404
Indus_River_Delta_Arabian_Sea_mangroves,0.0245081025689641,Indus_River_Delta_Arabian_Sea_mangroves,Chhota_Nagpur_dry_deciduous_forests           ,0.9539,-0.14253571611580404
Indus_River_Delta_Arabian_Sea_mangroves,0.0245081025689641,Indus_River_Delta_Arabian_Sea_mangroves,Rann_of_Kutch_seasonal_salt_marsh             ,0.9661,-0.14253571611580404
Indus_River_Delta_Arabian_Sea_mangroves,0.0245081025689641,Indus_River_Delta_Arabian_Sea_mangroves,Northwestern_Himalayan_alpine_shrub_and_meadows,0.7272,-0.14253571611580404
Indus_River_Delta_Arabian_Sea_mangroves,0.0245081025689641,Indus_River_Delta_Arabian_Sea_mangroves,Upper_Gangetic_Plains_moist_deciduous_forests ,0.9633,-0.14253571611580404
Indus_River_Delta_Arabian_Sea_mangroves,0.0245081025689641,Indus_River_Delta_Arabian_Sea_mangroves,North_Deccan_dry_deciduous_forests            ,0.9396,-0.14253571611580404
Indus_River_Delta_Arabian_Sea_mangroves,0.0245081025689641,Indus_River_Delta_Arabian_Sea_mangroves,Northeast_India_Myanmar_pine_forests          ,0.8012,-0.14253571611580404
Indus_River_Delta_Arabian_Sea_mangroves,0.0245081025689641,Indus_River_Delta_Arabian_Sea_mangroves,Sundarbans_mangroves                          ,0.865,-0.14253571611580404
Indus_River_Delta_Arabian_Sea_mangroves,0.0245081025689641,Indus_River_Delta_Arabian_Sea_mangroves,Karakoram_West_Tibetan_Plateau_alpine_steppe  ,0.7451,-0.14253571611580404
Indus_River_Delta_Arabian_Sea_mangroves,0.0245081025689641,Indus_River_Delta_Arabian_Sea_mangroves,Baluchistan_xeric_woodlands                   ,0.9016,-0.14253571611580404
Indus_River_Delta_Arabian_Sea_mangroves,0.0245081025689641,Indus_River_Delta_Arabian_Sea_mangroves,Indus_River_Delta_Arabian_Sea_mangroves       ,1.0,-0.14253571611580404
Indus_River_Delta_Arabian_Sea_mangroves,0.0245081025689641,Indus_River_Delta_Arabian_Sea_mangroves,Meghalaya_subtropical_forests                 ,0.8972,-0.14253571611580404
Indus_River_Delta_Arabian_Sea_mangroves,0.0245081025689641,Indus_River_Delta_Arabian_Sea_mangroves,Chin_Hills_Arakan_Yoma_montane_forests        ,0.9095,-0.14253571611580404
Indus_River_Delta_Arabian_Sea_mangroves,0.0245081025689641,Indus_River_Delta_Arabian_Sea_mangroves,North_Western_Ghats_moist_deciduous_forests   ,0.9499,-0.14253571611580404
Indus_River_Delta_Arabian_Sea_mangroves,0.0245081025689641,Indus_River_Delta_Arabian_Sea_mangroves,Northern_Triangle_temperate_forests           ,0.7747,-0.14253571611580404
Indus_River_Delta_Arabian_Sea_mangroves,0.0245081025689641,Indus_River_Delta_Arabian_Sea_mangroves,Malabar_Coast_moist_forests                   ,0.8828,-0.14253571611580404
Indus_River_Delta_Arabian_Sea_mangroves,0.0245081025689641,Indus_River_Delta_Arabian_Sea_mangroves,Andaman_Islands_rain_forests                  ,0.7584,-0.14253571611580404
Indus_River_Delta_Arabian_Sea_mangroves,0.0245081025689641,Indus_River_Delta_Arabian_Sea_mangroves,Western_Himalayan_alpine_shrub_and_meadows    ,0.7637,-0.14253571611580404
Indus_River_Delta_Arabian_Sea_mangroves,0.0245081025689641,Indus_River_Delta_Arabian_Sea_mangroves,Eastern_Himalayan_subalpine_conifer_forests   ,0.8749,-0.14253571611580404
Indus_River_Delta_Arabian_Sea_mangroves,0.0245081025689641,Indus_River_Delta_Arabian_Sea_mangroves,Deccan_thorn_scrub_forests                    ,0.9788,-0.14253571611580404
Indus_River_Delta_Arabian_Sea_mangroves,0.0245081025689641,Indus_River_Delta_Arabian_Sea_mangroves,Western_Himalayan_subalpine_conifer_forests   ,0.8662,-0.14253571611580404
Indus_River_Delta_Arabian_Sea_mangroves,0.0245081025689641,Indus_River_Delta_Arabian_Sea_mangroves,Lower_Gangetic_Plains_moist_deciduous_forests ,0.9545,-0.14253571611580404
Indus_River_Delta_Arabian_Sea_mangroves,0.0245081025689641,Indus_River_Delta_Arabian_Sea_mangroves,South_Western_Ghats_moist_deciduous_forests   ,0.9166,-0.14253571611580404
Indus_River_Delta_Arabian_Sea_mangroves,0.0245081025689641,Indus_River_Delta_Arabian_Sea_mangroves,Thar_desert                                   ,0.941,-0.14253571611580404
Indus_River_Delta_Arabian_Sea_mangroves,0.0245081025689641,Indus_River_Delta_Arabian_Sea_mangroves,Godavari_Krishna_mangroves                    ,0.9417,-0.14253571611580404
Indus_River_Delta_Arabian_Sea_mangroves,0.0245081025689641,Indus_River_Delta_Arabian_Sea_mangroves,North_Tibetan_Plateau_Kunlun_Mountains_alpine_desert,0.7861,-0.14253571611580404
Indus_River_Delta_Arabian_Sea_mangroves,0.0245081025689641,Indus_River_Delta_Arabian_Sea_mangroves,Himalayan_subtropical_broadleaf_forests       ,0.9148,-0.14253571611580404
Indus_River_Delta_Arabian_Sea_mangroves,0.0245081025689641,Indus_River_Delta_Arabian_Sea_mangroves,South_Deccan_Plateau_dry_deciduous_forests    ,0.9539,-0.14253571611580404
Indus_River_Delta_Arabian_Sea_mangroves,0.0245081025689641,Indus_River_Delta_Arabian_Sea_mangroves,Orissa_semi_evergreen_forests                 ,0.939,-0.14253571611580404
Indus_River_Delta_Arabian_Sea_mangroves,0.0245081025689641,Indus_River_Delta_Arabian_Sea_mangroves,Sundarbans_freshwater_swamp_forests           ,0.9102,-0.14253571611580404
Indus_River_Delta_Arabian_Sea_mangroves,0.0245081025689641,Indus_River_Delta_Arabian_Sea_mangroves,Himalayan_subtropical_pine_forests            ,0.9142,-0.14253571611580404
Godavari_Krishna_mangroves,0.2923927619716694,Godavari_Krishna_mangroves,Brahmaputra_Valley_semi_evergreen_forests     ,0.886,-0.14253571611580404
Godavari_Krishna_mangroves,0.2923927619716694,Godavari_Krishna_mangroves,Western_Himalayan_broadleaf_forests           ,0.8683,-0.14253571611580404
Godavari_Krishna_mangroves,0.2923927619716694,Godavari_Krishna_mangroves,Northeast_Himalayan_subalpine_conifer_forests ,0.8136,-0.14253571611580404
Godavari_Krishna_mangroves,0.2923927619716694,Godavari_Krishna_mangroves,South_Western_Ghats_montane_rain_forests      ,0.8514,-0.14253571611580404
Godavari_Krishna_mangroves,0.2923927619716694,Godavari_Krishna_mangroves,Narmada_Valley_dry_deciduous_forests          ,0.9315,-0.14253571611580404
Godavari_Krishna_mangroves,0.2923927619716694,Godavari_Krishna_mangroves,Mizoram_Manipur_Kachin_rain_forests           ,0.9339,-0.14253571611580404
Godavari_Krishna_mangroves,0.2923927619716694,Godavari_Krishna_mangroves,Khathiar_Gir_dry_deciduous_forests            ,0.9424,-0.14253571611580404
Godavari_Krishna_mangroves,0.2923927619716694,Godavari_Krishna_mangroves,Aravalli_west_thorn_scrub_forests             ,0.9498,-0.14253571611580404
Godavari_Krishna_mangroves,0.2923927619716694,Godavari_Krishna_mangroves,Maldives_Lakshadweep_Chagos_Archipelago_tropical_moist_forests,0.7269,-0.14253571611580404
Godavari_Krishna_mangroves,0.2923927619716694,Godavari_Krishna_mangroves,East_Deccan_moist_deciduous_forests           ,0.9694,-0.14253571611580404
Godavari_Krishna_mangroves,0.2923927619716694,Godavari_Krishna_mangroves,East_Deccan_dry_evergreen_forests             ,0.9886,-0.14253571611580404
Godavari_Krishna_mangroves,0.2923927619716694,Godavari_Krishna_mangroves,Central_Deccan_Plateau_dry_deciduous_forests  ,0.9576,-0.14253571611580404
Godavari_Krishna_mangroves,0.2923927619716694,Godavari_Krishna_mangroves,Eastern_Himalayan_broadleaf_forests           ,0.9054,-0.14253571611580404
Godavari_Krishna_mangroves,0.2923927619716694,Godavari_Krishna_mangroves,Central_Tibetan_Plateau_alpine_steppe         ,0.7297,-0.14253571611580404
Godavari_Krishna_mangroves,0.2923927619716694,Godavari_Krishna_mangroves,Terai_Duar_savanna_and_grasslands             ,0.9302,-0.14253571611580404
Godavari_Krishna_mangroves,0.2923927619716694,Godavari_Krishna_mangroves,Nicobar_Islands_rain_forests                  ,0.7321,-0.14253571611580404
Godavari_Krishna_mangroves,0.2923927619716694,Godavari_Krishna_mangroves,Eastern_Himalayan_alpine_shrub_and_meadows    ,0.8437,-0.14253571611580404
Godavari_Krishna_mangroves,0.2923927619716694,Godavari_Krishna_mangroves,North_Western_Ghats_montane_rain_forests      ,0.8694,-0.14253571611580404
Godavari_Krishna_mangroves,0.2923927619716694,Godavari_Krishna_mangroves,Chhota_Nagpur_dry_deciduous_forests           ,0.9643,-0.14253571611580404
Godavari_Krishna_mangroves,0.2923927619716694,Godavari_Krishna_mangroves,Rann_of_Kutch_seasonal_salt_marsh             ,0.9373,-0.14253571611580404
Godavari_Krishna_mangroves,0.2923927619716694,Godavari_Krishna_mangroves,Northwestern_Himalayan_alpine_shrub_and_meadows,0.7596,-0.14253571611580404
Godavari_Krishna_mangroves,0.2923927619716694,Godavari_Krishna_mangroves,Upper_Gangetic_Plains_moist_deciduous_forests ,0.9698,-0.14253571611580404
Godavari_Krishna_mangroves,0.2923927619716694,Godavari_Krishna_mangroves,North_Deccan_dry_deciduous_forests            ,0.9561,-0.14253571611580404
Godavari_Krishna_mangroves,0.2923927619716694,Godavari_Krishna_mangroves,Northeast_India_Myanmar_pine_forests          ,0.7919,-0.14253571611580404
Godavari_Krishna_mangroves,0.2923927619716694,Godavari_Krishna_mangroves,Sundarbans_mangroves                          ,0.9018,-0.14253571611580404
Godavari_Krishna_mangroves,0.2923927619716694,Godavari_Krishna_mangroves,Karakoram_West_Tibetan_Plateau_alpine_steppe  ,0.7442,-0.14253571611580404
Godavari_Krishna_mangroves,0.2923927619716694,Godavari_Krishna_mangroves,Baluchistan_xeric_woodlands                   ,0.8926,-0.14253571611580404
Godavari_Krishna_mangroves,0.2923927619716694,Godavari_Krishna_mangroves,Indus_River_Delta_Arabian_Sea_mangroves       ,0.9417,-0.14253571611580404
Godavari_Krishna_mangroves,0.2923927619716694,Godavari_Krishna_mangroves,Meghalaya_subtropical_forests                 ,0.9156,-0.14253571611580404
Godavari_Krishna_mangroves,0.2923927619716694,Godavari_Krishna_mangroves,Chin_Hills_Arakan_Yoma_montane_forests        ,0.8994,-0.14253571611580404
Godavari_Krishna_mangroves,0.2923927619716694,Godavari_Krishna_mangroves,North_Western_Ghats_moist_deciduous_forests   ,0.9182,-0.14253571611580404
Godavari_Krishna_mangroves,0.2923927619716694,Godavari_Krishna_mangroves,Northern_Triangle_temperate_forests           ,0.7799,-0.14253571611580404
Godavari_Krishna_mangroves,0.2923927619716694,Godavari_Krishna_mangroves,Malabar_Coast_moist_forests                   ,0.8602,-0.14253571611580404
Godavari_Krishna_mangroves,0.2923927619716694,Godavari_Krishna_mangroves,Andaman_Islands_rain_forests                  ,0.7882,-0.14253571611580404
Godavari_Krishna_mangroves,0.2923927619716694,Godavari_Krishna_mangroves,Western_Himalayan_alpine_shrub_and_meadows    ,0.7533,-0.14253571611580404
Godavari_Krishna_mangroves,0.2923927619716694,Godavari_Krishna_mangroves,Eastern_Himalayan_subalpine_conifer_forests   ,0.8601,-0.14253571611580404
Godavari_Krishna_mangroves,0.2923927619716694,Godavari_Krishna_mangroves,Deccan_thorn_scrub_forests                    ,0.9624,-0.14253571611580404
Godavari_Krishna_mangroves,0.2923927619716694,Godavari_Krishna_mangroves,Western_Himalayan_subalpine_conifer_forests   ,0.8784,-0.14253571611580404
Godavari_Krishna_mangroves,0.2923927619716694,Godavari_Krishna_mangroves,Lower_Gangetic_Plains_moist_deciduous_forests ,0.9429,-0.14253571611580404
Godavari_Krishna_mangroves,0.2923927619716694,Godavari_Krishna_mangroves,South_Western_Ghats_moist_deciduous_forests   ,0.8964,-0.14253571611580404
Godavari_Krishna_mangroves,0.2923927619716694,Godavari_Krishna_mangroves,Thar_desert                                   ,0.9441,-0.14253571611580404
Godavari_Krishna_mangroves,0.2923927619716694,Godavari_Krishna_mangroves,Godavari_Krishna_mangroves                    ,1.0,-0.14253571611580404
Godavari_Krishna_mangroves,0.2923927619716694,Godavari_Krishna_mangroves,North_Tibetan_Plateau_Kunlun_Mountains_alpine_desert,0.7544,-0.14253571611580404
Godavari_Krishna_mangroves,0.2923927619716694,Godavari_Krishna_mangroves,Himalayan_subtropical_broadleaf_forests       ,0.9156,-0.14253571611580404
Godavari_Krishna_mangroves,0.2923927619716694,Godavari_Krishna_mangroves,South_Deccan_Plateau_dry_deciduous_forests    ,0.956,-0.14253571611580404
Godavari_Krishna_mangroves,0.2923927619716694,Godavari_Krishna_mangroves,Orissa_semi_evergreen_forests                 ,0.9736,-0.14253571611580404
Godavari_Krishna_mangroves,0.2923927619716694,Godavari_Krishna_mangroves,Sundarbans_freshwater_swamp_forests           ,0.9124,-0.14253571611580404
Godavari_Krishna_mangroves,0.2923927619716694,Godavari_Krishna_mangroves,Himalayan_subtropical_pine_forests            ,0.916,-0.14253571611580404
